# imt log
s logheadsize 000244
s logcolumns 7
s logname /home/testac/lgames/fitts/20180726_Thu/Player_104822_passive.dat
s logversion 2.0
s logdate "Thu Jul 26 10:48:22 EDT 2018"
s logidate 1532616502

# begin user data

# end user data

#####
1674.000000 -0.001088 0.001843 0.000000 -0.000000 0.000000 0.000000
1675.000000 -0.001088 0.001843 0.000000 -0.000000 0.000000 0.000000
1676.000000 -0.001088 0.001843 0.000000 -0.000000 0.000000 0.000000
1677.000000 -0.001088 0.001843 0.000000 -0.000000 7.000000 0.064000
1678.000000 -0.001088 0.001843 0.000000 -0.000000 7.000000 0.064000
1679.000000 -0.001088 0.001843 0.000000 -0.000000 7.000000 0.064000
1680.000000 -0.001088 0.001843 0.000000 -0.000000 7.000000 0.064000
1681.000000 -0.001088 0.001843 0.000000 -0.000000 7.000000 0.064000
1682.000000 -0.001088 0.001843 0.000000 -0.000000 7.000000 0.064000
1683.000000 -0.001088 0.001843 0.000000 -0.000000 7.000000 0.064000
1684.000000 -0.001088 0.001843 0.000000 -0.000000 7.000000 0.064000
1685.000000 -0.001088 0.001843 0.000000 -0.000000 7.000000 0.064000
1686.000000 -0.001088 0.001843 0.000000 -0.000000 7.000000 0.064000
1687.000000 -0.001088 0.001843 0.000000 -0.000000 7.000000 0.064000
1688.000000 -0.001088 0.001843 0.000000 -0.000000 7.000000 0.064000
1689.000000 -0.001088 0.001843 0.000000 -0.000000 7.000000 0.064000
1690.000000 -0.001088 0.001843 0.000000 -0.000000 7.000000 0.064000
1691.000000 -0.001088 0.001843 0.000000 -0.000000 7.000000 0.064000
1692.000000 -0.001088 0.001843 0.000000 -0.000000 7.000000 0.064000
1693.000000 -0.001088 0.001843 0.000000 -0.000000 7.000000 0.064000
1694.000000 -0.001088 0.001843 0.000000 -0.000000 7.000000 0.064000
1695.000000 -0.001088 0.001843 0.000000 -0.000000 7.000000 0.064000
1696.000000 -0.001088 0.001843 0.000000 -0.000000 7.000000 0.064000
1697.000000 -0.001088 0.001843 0.000000 -0.000000 7.000000 0.064000
1698.000000 -0.001048 0.001806 0.001934 -0.001804 7.000000 0.064000
1699.000000 -0.001048 0.001806 0.002919 -0.002723 7.000000 0.064000
1700.000000 -0.001088 0.001843 -0.000446 0.000417 7.000000 0.064000
1701.000000 -0.001048 0.001806 -0.000227 0.000212 7.000000 0.064000
1702.000000 -0.001048 0.001806 0.001818 -0.001696 7.000000 0.064000
1703.000000 -0.001048 0.001806 0.000926 -0.000864 7.000000 0.064000
1704.000000 -0.001048 0.001806 0.000472 -0.000440 7.000000 0.064000
1705.000000 -0.001048 0.001806 0.000240 -0.000224 7.000000 0.064000
1706.000000 -0.001048 0.001806 0.000122 -0.000114 7.000000 0.064000
1707.000000 -0.001048 0.001806 0.000062 -0.000058 7.000000 0.064000
1708.000000 -0.001048 0.001806 0.000032 -0.000030 7.000000 0.064000
1709.000000 -0.001048 0.001806 0.000016 -0.000015 7.000000 0.064000
1710.000000 -0.001048 0.001806 0.000008 -0.000008 7.000000 0.064000
1711.000000 -0.001048 0.001806 0.000004 -0.000004 7.000000 0.064000
1712.000000 -0.001048 0.001806 0.000002 -0.000002 7.000000 0.064000
1713.000000 -0.001048 0.001806 0.000001 -0.000001 7.000000 0.064000
1714.000000 -0.001048 0.001806 0.000001 -0.000001 7.000000 0.064000
1715.000000 -0.001048 0.001806 0.000000 -0.000000 7.000000 0.064000
1716.000000 -0.001048 0.001806 0.000000 -0.000000 7.000000 0.064000
1717.000000 -0.001048 0.001806 0.000000 -0.000000 7.000000 0.064000
1718.000000 -0.001048 0.001806 0.000000 -0.000000 7.000000 0.064000
1719.000000 -0.001048 0.001806 0.000000 -0.000000 7.000000 0.064000
1720.000000 -0.001048 0.001806 0.000000 -0.000000 7.000000 0.064000
1721.000000 -0.001048 0.001806 0.000000 -0.000000 7.000000 0.064000
1722.000000 -0.001048 0.001806 0.000000 -0.000000 7.000000 0.064000
1723.000000 -0.001048 0.001806 0.000000 -0.000000 7.000000 0.064000
1724.000000 -0.001048 0.001806 0.000000 -0.000000 7.000000 0.064000
1725.000000 -0.001048 0.001806 0.000000 -0.000000 7.000000 0.064000
1726.000000 -0.001048 0.001806 0.000000 -0.000000 7.000000 0.064000
1727.000000 -0.001048 0.001806 0.000000 -0.000000 7.000000 0.064000
1728.000000 -0.001048 0.001806 0.000000 -0.000000 7.000000 0.064000
1729.000000 -0.001048 0.001806 0.000000 -0.000000 7.000000 0.064000
1730.000000 -0.001048 0.001806 0.000000 -0.000000 7.000000 0.064000
1731.000000 -0.001048 0.001806 0.000000 -0.000000 7.000000 0.064000
1732.000000 -0.001048 0.001806 0.000000 -0.000000 7.000000 0.064000
1733.000000 -0.001048 0.001806 0.000000 -0.000000 7.000000 0.064000
1734.000000 -0.001035 0.001843 0.000644 0.001799 7.000000 0.064000
1735.000000 -0.001035 0.001843 0.000972 0.002716 7.000000 0.064000
1736.000000 -0.001035 0.001843 0.000495 0.001384 7.000000 0.064000
1737.000000 -0.001035 0.001843 0.000252 0.000705 7.000000 0.064000
1738.000000 -0.001035 0.001843 0.000129 0.000359 7.000000 0.064000
1739.000000 -0.001035 0.001843 0.000065 0.000183 7.000000 0.064000
1740.000000 -0.001035 0.001843 0.000033 0.000093 7.000000 0.064000
1741.000000 -0.001035 0.001843 0.000017 0.000048 7.000000 0.064000
1742.000000 -0.001035 0.001843 0.000009 0.000024 7.000000 0.064000
1743.000000 -0.001035 0.001843 0.000004 0.000012 7.000000 0.064000
1744.000000 -0.001035 0.001843 0.000002 0.000006 7.000000 0.064000
1745.000000 -0.001035 0.001843 0.000001 0.000003 7.000000 0.064000
1746.000000 -0.001035 0.001843 0.000001 0.000002 7.000000 0.064000
1747.000000 -0.001035 0.001843 0.000000 0.000001 7.000000 0.064000
1748.000000 -0.001035 0.001843 0.000000 0.000000 7.000000 0.064000
1749.000000 -0.001035 0.001843 0.000000 0.000000 7.000000 0.064000
1750.000000 -0.001035 0.001843 0.000000 0.000000 7.000000 0.064000
1751.000000 -0.001035 0.001843 0.000000 0.000000 7.000000 0.064000
1752.000000 -0.001035 0.001843 0.000000 0.000000 7.000000 0.064000
1753.000000 -0.001035 0.001843 0.000000 0.000000 7.000000 0.064000
1754.000000 -0.001035 0.001843 0.000000 0.000000 7.000000 0.064000
1755.000000 -0.001035 0.001843 0.000000 0.000000 7.000000 0.064000
1756.000000 -0.001035 0.001843 0.000000 0.000000 7.000000 0.064000
1757.000000 -0.001035 0.001843 0.000000 0.000000 7.000000 0.064000
1758.000000 -0.001035 0.001843 0.000000 0.000000 7.000000 0.064000
1759.000000 -0.001035 0.001843 0.000000 0.000000 7.000000 0.064000
1760.000000 -0.001114 0.001916 -0.003866 0.003609 7.000000 0.064000
1761.000000 -0.001114 0.001916 -0.005836 0.005447 7.000000 0.064000
1762.000000 -0.001114 0.001916 -0.002974 0.002775 7.000000 0.064000
1763.000000 -0.001074 0.001880 0.000418 -0.000390 7.000000 0.064000
1764.000000 -0.001074 0.001880 0.002146 -0.002003 7.000000 0.064000
1765.000000 -0.001114 0.001916 -0.000840 0.000784 7.000000 0.064000
1766.000000 -0.001114 0.001916 -0.002361 0.002204 7.000000 0.064000
1767.000000 -0.001114 0.001916 -0.001203 0.001123 7.000000 0.064000
1768.000000 -0.001114 0.001916 -0.000613 0.000572 7.000000 0.064000
1769.000000 -0.001114 0.001916 -0.000312 0.000291 7.000000 0.064000
1770.000000 -0.001193 0.001990 -0.004025 0.003758 7.000000 0.064000
1771.000000 -0.001193 0.001990 -0.005916 0.005524 7.000000 0.064000
1772.000000 -0.001153 0.001953 -0.001082 0.001010 7.000000 0.064000
1773.000000 -0.001153 0.001953 0.001382 -0.001290 7.000000 0.064000
1774.000000 -0.001153 0.001953 0.000704 -0.000657 7.000000 0.064000
1775.000000 -0.001193 0.001990 -0.001574 0.001470 7.000000 0.064000
1776.000000 -0.001206 0.001953 -0.003379 0.000755 7.000000 0.064000
1777.000000 -0.001206 0.001953 -0.002365 -0.001415 7.000000 0.064000
1778.000000 -0.001206 0.001953 -0.001205 -0.000721 7.000000 0.064000
1779.000000 -0.001206 0.001953 -0.000614 -0.000367 7.000000 0.064000
1780.000000 -0.001206 0.001953 -0.000313 -0.000187 7.000000 0.064000
1781.000000 -0.001245 0.001990 -0.002092 0.001710 7.000000 0.064000
1782.000000 -0.001245 0.001990 -0.002999 0.002676 7.000000 0.064000
1783.000000 -0.001245 0.001990 -0.001528 0.001363 7.000000 0.064000
1784.000000 -0.001258 0.001953 -0.001422 -0.001104 7.000000 0.064000
1785.000000 -0.001258 0.001953 -0.001369 -0.002362 7.000000 0.064000
1786.000000 -0.001258 0.001953 -0.000697 -0.001203 7.000000 0.064000
1787.000000 -0.001258 0.001953 -0.000355 -0.000613 7.000000 0.064000
1788.000000 -0.001258 0.001953 -0.000181 -0.000312 7.000000 0.064000
1789.000000 -0.001337 0.002027 -0.003957 0.003451 7.000000 0.064000
1790.000000 -0.001337 0.002027 -0.005881 0.005369 7.000000 0.064000
1791.000000 -0.001298 0.001990 -0.001064 0.000930 7.000000 0.064000
1792.000000 -0.001311 0.001954 0.000746 -0.003130 7.000000 0.064000
1793.000000 -0.001311 0.001954 -0.000264 -0.003394 7.000000 0.064000
1794.000000 -0.001311 0.001954 -0.000135 -0.001729 7.000000 0.064000
1795.000000 -0.001311 0.001954 -0.000069 -0.000881 7.000000 0.064000
1796.000000 -0.001311 0.001954 -0.000035 -0.000449 7.000000 0.064000
1797.000000 -0.001311 0.001954 -0.000018 -0.000229 7.000000 0.064000
1798.000000 -0.001311 0.001954 -0.000009 -0.000117 7.000000 0.064000
1799.000000 -0.001311 0.001954 -0.000005 -0.000059 7.000000 0.064000
1800.000000 -0.001350 0.001990 -0.001935 0.001775 7.000000 0.064000
1801.000000 -0.001350 0.001990 -0.002918 0.002710 7.000000 0.064000
1802.000000 -0.001350 0.001990 -0.001487 0.001381 7.000000 0.064000
1803.000000 -0.001363 0.001954 -0.001402 -0.001095 7.000000 0.064000
1804.000000 -0.001363 0.001954 -0.001359 -0.002357 7.000000 0.064000
1805.000000 -0.001363 0.001954 -0.000692 -0.001201 7.000000 0.064000
1806.000000 -0.001363 0.001954 -0.000353 -0.000612 7.000000 0.064000
1807.000000 -0.001363 0.001954 -0.000180 -0.000312 7.000000 0.064000
1808.000000 -0.001363 0.001954 -0.000092 -0.000159 7.000000 0.064000
1809.000000 -0.001363 0.001954 -0.000047 -0.000081 7.000000 0.064000
1810.000000 -0.001403 0.001990 -0.001956 0.001764 7.000000 0.064000
1811.000000 -0.001403 0.001990 -0.002929 0.002704 7.000000 0.064000
1812.000000 -0.001416 0.001954 -0.002137 -0.000421 7.000000 0.064000
1813.000000 -0.001416 0.001954 -0.001733 -0.002013 7.000000 0.064000
1814.000000 -0.001416 0.001954 -0.000883 -0.001026 7.000000 0.064000
1815.000000 -0.001416 0.001954 -0.000450 -0.000523 7.000000 0.064000
1816.000000 -0.001416 0.001954 -0.000229 -0.000266 7.000000 0.064000
1817.000000 -0.001416 0.001954 -0.000117 -0.000136 7.000000 0.064000
1818.000000 -0.001455 0.001991 -0.001991 0.001736 7.000000 0.064000
1819.000000 -0.001455 0.001991 -0.002947 0.002690 7.000000 0.064000
1820.000000 -0.001455 0.001991 -0.001501 0.001371 7.000000 0.064000
1821.000000 -0.001455 0.001991 -0.000765 0.000698 7.000000 0.064000
1822.000000 -0.001469 0.001954 -0.001034 -0.001443 7.000000 0.064000
1823.000000 -0.001508 0.001991 -0.003104 -0.000728 7.000000 0.064000
1824.000000 -0.001547 0.002028 -0.005444 0.003241 7.000000 0.064000
1825.000000 -0.001547 0.002028 -0.004706 0.003457 7.000000 0.064000
1826.000000 -0.001508 0.001991 -0.000466 -0.000044 7.000000 0.064000
1827.000000 -0.001547 0.002028 -0.000237 -0.000023 7.000000 0.064000
1828.000000 -0.001560 0.001991 -0.002697 -0.000004 7.000000 0.064000
1829.000000 -0.001560 0.001991 -0.002019 -0.001801 7.000000 0.064000
1830.000000 -0.001560 0.001991 -0.001029 -0.000917 7.000000 0.064000
1831.000000 -0.001613 0.001991 -0.003101 -0.000460 7.000000 0.064000
1832.000000 -0.001626 0.001954 -0.004802 -0.002025 7.000000 0.064000
1833.000000 -0.001692 0.002065 -0.006308 0.002581 7.000000 0.064000
1834.000000 -0.001692 0.002065 -0.006431 0.006727 7.000000 0.064000
1835.000000 -0.001705 0.002028 -0.003922 0.001629 7.000000 0.064000
1836.000000 -0.001705 0.002028 -0.002644 -0.000969 7.000000 0.064000
1837.000000 -0.001705 0.002028 -0.001347 -0.000494 7.000000 0.064000
1838.000000 -0.001757 0.002028 -0.003263 -0.000243 7.000000 0.064000
1839.000000 -0.001757 0.002028 -0.004239 -0.000116 7.000000 0.064000
1840.000000 -0.001823 0.001992 -0.005382 -0.001848 7.000000 0.064000
1841.000000 -0.001823 0.001992 -0.005965 -0.002731 7.000000 0.064000
1842.000000 -0.001889 0.002102 -0.006253 0.004021 7.000000 0.064000
1843.000000 -0.001902 0.002065 -0.007047 0.005663 7.000000 0.064000
1844.000000 -0.001954 0.002066 -0.006812 0.001097 7.000000 0.064000
1845.000000 -0.001915 0.002029 -0.004117 -0.001240 7.000000 0.064000
1846.000000 -0.001968 0.002029 -0.002744 -0.002430 7.000000 0.064000
1847.000000 -0.002007 0.002066 -0.005904 0.000579 7.000000 0.064000
1848.000000 -0.002020 0.002029 -0.005585 0.000305 7.000000 0.064000
1849.000000 -0.002073 0.002029 -0.006068 -0.001633 7.000000 0.064000
1850.000000 -0.002125 0.002030 -0.008245 -0.000812 7.000000 0.064000
1851.000000 -0.002204 0.002103 -0.010635 0.003214 7.000000 0.064000
1852.000000 -0.002256 0.002103 -0.011853 0.005266 9.000000 0.064000
1853.000000 -0.002296 0.002140 -0.010543 0.004503 9.000000 0.064000
1854.000000 -0.002270 0.002067 -0.006019 0.000496 9.000000 0.064000
1855.000000 -0.002322 0.002067 -0.004361 -0.003343 9.000000 0.064000
1856.000000 -0.002375 0.002067 -0.007375 -0.001681 9.000000 0.064000
1857.000000 -0.002427 0.002068 -0.008910 -0.000833 9.000000 0.064000
1858.000000 -0.002532 0.002068 -0.012268 -0.000388 9.000000 0.064000
1859.000000 -0.002585 0.002068 -0.013979 -0.000161 9.000000 0.064000
1860.000000 -0.002637 0.002068 -0.012275 -0.000056 9.000000 0.064000
1861.000000 -0.002716 0.002142 -0.012684 0.003605 9.000000 0.064000
1862.000000 -0.002768 0.002143 -0.012893 0.005471 9.000000 0.064000
1863.000000 -0.002821 0.002143 -0.011720 0.002815 9.000000 0.064000
1864.000000 -0.002874 0.002143 -0.011123 0.001462 9.000000 0.064000
1865.000000 -0.002939 0.002107 -0.011469 -0.001024 9.000000 0.064000
1866.000000 -0.003031 0.002144 -0.013570 -0.000478 9.000000 0.064000
1867.000000 -0.003097 0.002108 -0.014643 -0.000199 9.000000 0.064000
1868.000000 -0.003202 0.002108 -0.015838 -0.001852 9.000000 0.064000
1869.000000 -0.003254 0.002109 -0.015798 -0.000897 9.000000 0.064000
1870.000000 -0.003346 0.002146 -0.015126 0.001388 9.000000 0.064000
1871.000000 -0.003438 0.002183 -0.016708 0.004367 9.000000 0.064000
1872.000000 -0.003504 0.002147 -0.016240 0.002275 9.000000 0.064000
1873.000000 -0.003570 0.002110 -0.014729 -0.002399 9.000000 0.064000
1874.000000 -0.003661 0.002148 -0.015231 -0.001169 9.000000 0.064000
1875.000000 -0.003766 0.002149 -0.017412 0.001273 9.000000 0.064000
1876.000000 -0.003872 0.002149 -0.019175 0.000723 9.000000 0.064000
1877.000000 -0.003977 0.002150 -0.020073 0.000445 9.000000 0.064000
1878.000000 -0.004082 0.002151 -0.020530 0.000305 9.000000 0.064000
1879.000000 -0.004173 0.002188 -0.020109 0.002032 9.000000 0.064000
1880.000000 -0.004304 0.002263 -0.021161 0.006526 9.000000 0.064000
1881.000000 -0.004370 0.002226 -0.020430 0.005204 9.000000 0.064000
1882.000000 -0.004475 0.002227 -0.018789 0.000921 9.000000 0.064000
1883.000000 -0.004580 0.002228 -0.019874 0.000557 9.000000 0.064000
1884.000000 -0.004685 0.002229 -0.020428 0.000374 9.000000 0.064000
1885.000000 -0.004856 0.002194 -0.023942 -0.001487 9.000000 0.064000
1886.000000 -0.004961 0.002195 -0.025732 -0.002433 9.000000 0.064000
1887.000000 -0.005066 0.002196 -0.023413 -0.001142 9.000000 0.064000
1888.000000 -0.005197 0.002270 -0.023492 0.003132 9.000000 0.064000
1889.000000 -0.005315 0.002235 -0.024190 0.003518 9.000000 0.064000
1890.000000 -0.005420 0.002236 -0.023283 0.000102 9.000000 0.064000
1891.000000 -0.005539 0.002200 -0.022823 -0.001635 9.000000 0.064000
1892.000000 -0.005683 0.002238 -0.024505 -0.000697 9.000000 0.064000
1893.000000 -0.005827 0.002277 -0.026620 0.003401 9.000000 0.064000
1894.000000 -0.005998 0.002242 -0.029015 0.001906 9.000000 0.064000
1895.000000 -0.006142 0.002280 -0.030233 0.001148 9.000000 0.064000
1896.000000 -0.006261 0.002245 -0.028281 0.000736 9.000000 0.064000
1897.000000 -0.006444 0.002320 -0.029197 0.002355 9.000000 0.064000
1898.000000 -0.006601 0.002322 -0.031580 0.005007 9.000000 0.064000
1899.000000 -0.006720 0.002287 -0.029627 0.000920 9.000000 0.064000
1900.000000 -0.006877 0.002289 -0.028632 -0.001158 9.000000 0.064000
1901.000000 -0.007048 0.002254 -0.030703 -0.002179 9.000000 0.064000
1902.000000 -0.007245 0.002294 -0.033668 -0.000866 9.000000 0.064000
1903.000000 -0.007416 0.002259 -0.035182 -0.000192 9.000000 0.064000
1904.000000 -0.007613 0.002299 -0.035950 0.000159 9.000000 0.064000
1905.000000 -0.007770 0.002301 -0.035678 0.002134 9.000000 0.064000
1906.000000 -0.007992 0.002414 -0.036776 0.006769 9.000000 0.064000
1907.000000 -0.008163 0.002380 -0.038004 0.007344 9.000000 0.064000
1908.000000 -0.008359 0.002420 -0.037382 0.004024 9.000000 0.064000
1909.000000 -0.008492 0.002348 -0.035164 0.000504 9.000000 0.064000
1910.000000 -0.008702 0.002352 -0.034700 -0.003072 9.000000 0.064000
1911.000000 -0.008898 0.002391 -0.037608 0.000566 9.000000 0.064000
1912.000000 -0.009122 0.002358 -0.039761 0.000639 9.000000 0.064000
1913.000000 -0.009332 0.002362 -0.041526 -0.001105 9.000000 0.064000
1914.000000 -0.009528 0.002402 -0.041083 0.001592 9.000000 0.064000
1915.000000 -0.009777 0.002443 -0.042759 0.004813 9.000000 0.064000
1916.000000 -0.009987 0.002447 -0.044283 0.004672 9.000000 0.064000
1917.000000 -0.010197 0.002451 -0.043156 0.002773 9.000000 0.064000
1918.000000 -0.010421 0.002418 -0.043258 0.000025 9.000000 0.064000
1919.000000 -0.010631 0.002422 -0.043310 -0.001367 9.000000 0.064000
1920.000000 -0.010879 0.002464 -0.044560 0.001562 9.000000 0.064000
1921.000000 -0.011142 0.002469 -0.047771 0.003118 9.000000 0.064000
1922.000000 -0.011365 0.002437 -0.048186 0.000292 9.000000 0.064000
1923.000000 -0.011614 0.002479 -0.047717 0.000651 9.000000 0.064000
1924.000000 -0.011863 0.002521 -0.048696 0.004474 9.000000 0.064000
1925.000000 -0.012125 0.002527 -0.049872 0.004648 9.000000 0.064000
1926.000000 -0.012388 0.002533 -0.051149 0.002963 9.000000 0.064000
1927.000000 -0.012612 0.002501 -0.049908 0.000268 9.000000 0.064000
1928.000000 -0.012874 0.002507 -0.049276 -0.001092 9.000000 0.064000
1929.000000 -0.013136 0.002513 -0.050847 0.000073 9.000000 0.064000
1930.000000 -0.013399 0.002520 -0.051647 0.000680 9.000000 0.064000
1931.000000 -0.013675 0.002490 -0.052741 -0.000782 9.000000 0.064000
1932.000000 -0.013990 0.002498 -0.055872 -0.001443 9.000000 0.064000
1933.000000 -0.014277 0.002579 -0.057978 0.003652 9.000000 0.064000
1934.000000 -0.014540 0.002586 -0.056478 0.006194 9.000000 0.064000
1935.000000 -0.014840 0.002630 -0.056394 0.005722 9.000000 0.064000
1936.000000 -0.015078 0.002564 -0.055162 0.001854 9.000000 0.064000
1937.000000 -0.015393 0.002572 -0.055220 -0.001880 9.000000 0.064000
1938.000000 -0.015670 0.002543 -0.057141 -0.001915 9.000000 0.064000
1939.000000 -0.015971 0.002589 -0.057423 -0.000134 9.000000 0.064000
1940.000000 -0.016286 0.002598 -0.059449 0.002649 9.000000 0.064000
1941.000000 -0.016600 0.002608 -0.061172 0.002303 9.000000 0.064000
1942.000000 -0.016901 0.002653 -0.061352 0.003925 9.000000 0.064000
1943.000000 -0.017230 0.002627 -0.062142 0.002991 9.000000 0.064000
1944.000000 -0.017545 0.002637 -0.063239 0.000752 9.000000 0.064000
1945.000000 -0.017846 0.002683 -0.062400 0.003187 9.000000 0.064000
1946.000000 -0.018161 0.002694 -0.061973 0.004445 9.000000 0.064000
1947.000000 -0.018490 0.002668 -0.063155 0.001549 9.000000 0.064000
1948.000000 -0.018804 0.002679 -0.063757 0.000091 9.000000 0.064000
1949.000000 -0.019134 0.002653 -0.064069 -0.000632 9.000000 0.064000
1950.000000 -0.019487 0.002703 -0.066093 0.000890 9.000000 0.064000
1951.000000 -0.019840 0.002752 -0.068287 0.005334 9.000000 0.064000
1952.000000 -0.020169 0.002727 -0.068243 0.003971 9.000000 0.064000
1953.000000 -0.020522 0.002777 -0.068213 0.003300 9.000000 0.064000
1954.000000 -0.020851 0.002753 -0.068204 0.002977 9.000000 0.064000
1955.000000 -0.021204 0.002803 -0.068192 0.002835 9.000000 0.064000
1956.000000 -0.021533 0.002779 -0.068192 0.002781 9.000000 0.064000
1957.000000 -0.021900 0.002794 -0.068899 0.001005 9.000000 0.064000
1958.000000 -0.022244 0.002734 -0.069981 -0.001653 9.000000 0.064000
1959.000000 -0.022597 0.002786 -0.069812 -0.001211 9.000000 0.064000
1960.000000 -0.022987 0.002875 -0.072010 0.006347 9.000000 0.064000
1961.000000 -0.023354 0.002891 -0.073843 0.008450 9.000000 0.064000
1962.000000 -0.023736 0.002871 -0.074352 0.004122 9.000000 0.064000
1963.000000 -0.024066 0.002848 -0.072761 0.000052 9.000000 0.064000
1964.000000 -0.024433 0.002864 -0.071232 -0.000226 9.000000 0.064000
1965.000000 -0.024838 0.002919 -0.074153 0.003433 9.000000 0.064000
1966.000000 -0.025205 0.002936 -0.075641 0.005322 9.000000 0.064000
1967.000000 -0.025587 0.002917 -0.075272 0.002654 9.000000 0.064000
1968.000000 -0.025954 0.002934 -0.075083 0.001317 9.000000 0.064000
1969.000000 -0.026344 0.003027 -0.075376 0.006093 9.000000 0.064000
1970.000000 -0.026726 0.003008 -0.076255 0.006783 9.000000 0.064000
1971.000000 -0.027108 0.002990 -0.076312 0.001733 9.000000 0.064000
1972.000000 -0.027490 0.002973 -0.076347 -0.000813 9.000000 0.064000
1973.000000 -0.027894 0.003030 -0.077471 0.001582 9.000000 0.064000
1974.000000 -0.028261 0.003049 -0.077314 0.004591 9.000000 0.064000
1975.000000 -0.028643 0.003032 -0.076128 0.002487 9.000000 0.064000
1976.000000 -0.029063 0.003054 -0.078093 0.001582 9.000000 0.064000
1977.000000 -0.029445 0.003038 -0.079100 0.001147 9.000000 0.064000
1978.000000 -0.029864 0.003060 -0.079610 0.000958 9.000000 0.064000
1979.000000 -0.030269 0.003119 -0.080961 0.004558 9.000000 0.064000
1980.000000 -0.030688 0.003143 -0.081647 0.006425 9.000000 0.064000
1981.000000 -0.031055 0.003164 -0.080162 0.005491 9.000000 0.064000
1982.000000 -0.031475 0.003188 -0.079404 0.005049 9.000000 0.064000
1983.000000 -0.031857 0.003173 -0.079765 0.003087 9.000000 0.064000
1984.000000 -0.032239 0.003159 -0.078124 0.000203 9.000000 0.064000
1985.000000 -0.032658 0.003183 -0.079114 0.000678 9.000000 0.064000
1986.000000 -0.033078 0.003209 -0.081441 0.002865 9.000000 0.064000
1987.000000 -0.033512 0.003198 -0.083378 0.002255 9.000000 0.064000
1988.000000 -0.033917 0.003260 -0.083607 0.003732 9.000000 0.064000
1989.000000 -0.034336 0.003286 -0.082973 0.006274 9.000000 0.064000
1990.000000 -0.034718 0.003274 -0.081585 0.003918 9.000000 0.064000
1991.000000 -0.035137 0.003300 -0.080875 0.002750 9.000000 0.064000
1992.000000 -0.035557 0.003327 -0.082329 0.004108 9.000000 0.064000
1993.000000 -0.035939 0.003316 -0.081259 0.002902 9.000000 0.064000
1994.000000 -0.036374 0.003308 -0.081473 0.000568 9.000000 0.064000
1995.000000 -0.036793 0.003336 -0.083393 0.001336 9.000000 0.064000
1996.000000 -0.037228 0.003328 -0.084376 0.001762 9.000000 0.064000
1997.000000 -0.037653 0.003468 -0.085140 0.007445 9.000000 0.064000
1998.000000 -0.038072 0.003497 -0.084769 0.012125 9.000000 0.064000
1999.000000 -0.038470 0.003451 -0.083264 0.005420 9.000000 0.064000
2000.000000 -0.038889 0.003481 -0.082496 0.002035 9.000000 0.064000
2001.000000 -0.039308 0.003511 -0.083141 0.004026 9.000000 0.064000
2002.000000 -0.039727 0.003541 -0.083467 0.005072 9.000000 0.064000
2003.000000 -0.040215 0.003540 -0.086974 0.004088 9.000000 0.064000
2004.000000 -0.040634 0.003571 -0.088758 0.003616 9.000000 0.064000
2005.000000 -0.041053 0.003602 -0.086324 0.004965 9.000000 0.064000
2006.000000 -0.041493 0.003709 -0.086091 0.009376 9.000000 0.064000
2007.000000 -0.041928 0.003705 -0.086751 0.009909 9.000000 0.064000
2008.000000 -0.042310 0.003698 -0.084280 0.004572 9.000000 0.064000
2009.000000 -0.042729 0.003731 -0.082243 0.003631 9.000000 0.064000
2010.000000 -0.043184 0.003803 -0.084775 0.007081 9.000000 0.064000
2011.000000 -0.043619 0.003801 -0.086850 0.007129 9.000000 0.064000
2012.000000 -0.044054 0.003799 -0.086903 0.003495 9.000000 0.064000
2013.000000 -0.044509 0.003873 -0.087924 0.005375 9.000000 0.064000
2014.000000 -0.044965 0.003947 -0.089434 0.010065 9.000000 0.064000
2015.000000 -0.045384 0.003982 -0.088418 0.010532 9.000000 0.064000
2016.000000 -0.045802 0.004017 -0.086117 0.008846 9.000000 0.064000
2017.000000 -0.046257 0.004092 -0.086714 0.009981 9.000000 0.064000
2018.000000 -0.046692 0.004092 -0.087813 0.008853 9.000000 0.064000
2019.000000 -0.047127 0.004093 -0.087391 0.004613 9.000000 0.064000
2020.000000 -0.047546 0.004129 -0.086381 0.004223 9.000000 0.064000
2021.000000 -0.048017 0.004170 -0.087636 0.006028 9.000000 0.064000
2022.000000 -0.048488 0.004212 -0.090838 0.007213 9.000000 0.064000
2023.000000 -0.048906 0.004249 -0.089900 0.007620 9.000000 0.064000
2024.000000 -0.049344 0.004362 -0.087809 0.011334 9.000000 0.064000
2025.000000 -0.049815 0.004405 -0.089306 0.013499 9.000000 0.064000
2026.000000 -0.050250 0.004408 -0.089909 0.009196 9.000000 0.064000
2027.000000 -0.050685 0.004411 -0.088457 0.005067 9.000000 0.064000
2028.000000 -0.051103 0.004450 -0.086911 0.004728 9.000000 0.064000
2029.000000 -0.051574 0.004495 -0.087880 0.006569 9.000000 0.064000
2030.000000 -0.052045 0.004539 -0.090934 0.007790 9.000000 0.064000
2031.000000 -0.052463 0.004579 -0.089922 0.008198 9.000000 0.064000
2032.000000 -0.052934 0.004625 -0.089403 0.008447 9.000000 0.064000
2033.000000 -0.053388 0.004706 -0.090880 0.010590 9.000000 0.064000
2034.000000 -0.053823 0.004712 -0.089886 0.009734 9.000000 0.064000
2035.000000 -0.054276 0.004794 -0.089367 0.009336 9.000000 0.064000
2036.000000 -0.054711 0.004800 -0.089109 0.009166 9.000000 0.064000
2037.000000 -0.055182 0.004848 -0.089787 0.007393 9.000000 0.064000
2038.000000 -0.055616 0.004855 -0.090138 0.006522 9.000000 0.064000
2039.000000 -0.056070 0.004938 -0.089485 0.007843 9.000000 0.064000
2040.000000 -0.056505 0.004946 -0.089158 0.008549 9.000000 0.064000
2041.000000 -0.056992 0.004960 -0.090636 0.005503 9.000000 0.064000
2042.000000 -0.057429 0.005080 -0.091462 0.009424 9.000000 0.064000
2043.000000 -0.057899 0.005130 -0.091056 0.013188 9.000000 0.064000
2044.000000 -0.058369 0.005180 -0.092495 0.011699 9.000000 0.064000
2045.000000 -0.058804 0.005190 -0.091499 0.008977 9.000000 0.064000
2046.000000 -0.059221 0.005235 -0.088427 0.007344 9.000000 0.064000
2047.000000 -0.059691 0.005286 -0.088588 0.008551 9.000000 0.064000
2048.000000 -0.060178 0.005303 -0.092066 0.007771 9.000000 0.064000
2049.000000 -0.060613 0.005314 -0.092114 0.005404 9.000000 0.064000
2050.000000 -0.061083 0.005367 -0.091298 0.005958 9.000000 0.064000
2051.000000 -0.061554 0.005531 -0.092629 0.013726 9.000000 0.064000
2052.000000 -0.062006 0.005508 -0.092436 0.013997 9.000000 0.064000
2053.000000 -0.062459 0.005597 -0.091441 0.010447 9.000000 0.064000
2054.000000 -0.062858 0.005569 -0.088389 0.008370 9.000000 0.064000
2055.000000 -0.063328 0.005623 -0.087670 0.005639 9.000000 0.064000
2056.000000 -0.063815 0.005643 -0.091582 0.006600 9.000000 0.064000
2057.000000 -0.064267 0.005733 -0.092716 0.008840 9.000000 0.064000
2058.000000 -0.064737 0.005789 -0.092443 0.011736 9.000000 0.064000
2059.000000 -0.065259 0.005851 -0.095704 0.011854 9.000000 0.064000
2060.000000 -0.065711 0.005943 -0.096503 0.013661 9.000000 0.064000
2061.000000 -0.066145 0.005958 -0.092650 0.012286 9.000000 0.064000
2062.000000 -0.066615 0.006016 -0.091534 0.009916 9.000000 0.064000
2063.000000 -0.067050 0.006032 -0.090969 0.008740 9.000000 0.064000
2064.000000 -0.067519 0.006090 -0.090676 0.008182 9.000000 0.064000
2065.000000 -0.068023 0.006190 -0.093913 0.011995 9.000000 0.064000
2066.000000 -0.068510 0.006214 -0.096424 0.012274 9.000000 0.064000
2067.000000 -0.068979 0.006273 -0.095999 0.010428 9.000000 0.064000
2068.000000 -0.069448 0.006333 -0.094917 0.011233 9.000000 0.064000
2069.000000 -0.069917 0.006393 -0.094361 0.011682 9.000000 0.064000
2070.000000 -0.070420 0.006495 -0.095754 0.013990 9.000000 0.064000
2071.000000 -0.070889 0.006556 -0.096460 0.015205 9.000000 0.064000
2072.000000 -0.071324 0.006576 -0.093447 0.011785 9.000000 0.064000
2073.000000 -0.071845 0.006645 -0.094460 0.010430 9.000000 0.064000
2074.000000 -0.072314 0.006707 -0.096656 0.011815 9.000000 0.064000
2075.000000 -0.072800 0.006735 -0.096094 0.010526 9.000000 0.064000
2076.000000 -0.073321 0.006805 -0.098354 0.010261 9.000000 0.064000
2077.000000 -0.073808 0.006834 -0.099509 0.010169 9.000000 0.064000
2078.000000 -0.074293 0.006974 -0.098319 0.013560 9.000000 0.064000
2079.000000 -0.074813 0.007045 -0.099383 0.017384 9.000000 0.064000
2080.000000 -0.075334 0.007117 -0.101676 0.015989 9.000000 0.064000
2081.000000 -0.075768 0.007141 -0.098626 0.012906 9.000000 0.064000
2082.000000 -0.076254 0.007172 -0.095404 0.009328 9.000000 0.064000
2083.000000 -0.076775 0.007245 -0.097975 0.009965 9.000000 0.064000
2084.000000 -0.077295 0.007319 -0.100943 0.012393 9.000000 0.064000
2085.000000 -0.077815 0.007393 -0.102447 0.013681 9.000000 0.064000
2086.000000 -0.078354 0.007434 -0.104104 0.012700 9.000000 0.064000
2087.000000 -0.078874 0.007509 -0.104940 0.012249 9.000000 0.064000
2088.000000 -0.079376 0.007619 -0.103565 0.015443 9.000000 0.064000
2089.000000 -0.079896 0.007696 -0.102857 0.017119 9.000000 0.064000
2090.000000 -0.080400 0.007696 -0.102645 0.012580 9.000000 0.064000
2091.000000 -0.080920 0.007773 -0.102528 0.010316 9.000000 0.064000
2092.000000 -0.081474 0.007893 -0.104853 0.015039 9.000000 0.064000
2093.000000 -0.082012 0.007937 -0.106939 0.015813 9.000000 0.064000
2094.000000 -0.082550 0.007982 -0.107258 0.012507 9.000000 0.064000
2095.000000 -0.083069 0.008061 -0.106508 0.012554 9.000000 0.064000
2096.000000 -0.083659 0.008115 -0.108673 0.013034 9.000000 0.064000
2097.000000 -0.084160 0.008230 -0.108851 0.015002 9.000000 0.064000
2098.000000 -0.084732 0.008319 -0.108023 0.017747 9.000000 0.064000
2099.000000 -0.085269 0.008366 -0.109423 0.015837 9.000000 0.064000
2100.000000 -0.085807 0.008414 -0.108504 0.012838 9.000000 0.064000
2101.000000 -0.086345 0.008462 -0.108035 0.011362 9.000000 0.064000
2102.000000 -0.086935 0.008519 -0.110341 0.011082 9.000000 0.064000
2103.000000 -0.087506 0.008611 -0.113132 0.013082 9.000000 0.064000
2104.000000 -0.088077 0.008704 -0.113624 0.015836 9.000000 0.064000
2105.000000 -0.088648 0.008797 -0.113863 0.017299 9.000000 0.064000
2106.000000 -0.089200 0.008925 -0.113042 0.019771 9.000000 0.064000
2107.000000 -0.089756 0.008943 -0.111941 0.017324 9.000000 0.064000
2108.000000 -0.090346 0.009003 -0.113231 0.012800 9.000000 0.064000
2109.000000 -0.090883 0.009056 -0.112960 0.012215 9.000000 0.064000
2110.000000 -0.091473 0.009118 -0.112820 0.011983 9.000000 0.064000
2111.000000 -0.092076 0.009258 -0.115946 0.016126 9.000000 0.064000
2112.000000 -0.092632 0.009279 -0.115941 0.016193 9.000000 0.064000
2113.000000 -0.093241 0.009309 -0.116210 0.010866 9.000000 0.064000
2114.000000 -0.093811 0.009407 -0.117001 0.011975 9.000000 0.064000
2115.000000 -0.094381 0.009507 -0.115512 0.015927 9.000000 0.064000
2116.000000 -0.095003 0.009616 -0.117280 0.018456 9.000000 0.064000
2117.000000 -0.095573 0.009716 -0.118170 0.019801 9.000000 0.064000
2118.000000 -0.096149 0.009706 -0.116398 0.014669 9.000000 0.064000
2119.000000 -0.096738 0.009774 -0.116439 0.010458 9.000000 0.064000
2120.000000 -0.097327 0.009843 -0.117099 0.012147 9.000000 0.064000
2121.000000 -0.097916 0.009912 -0.117431 0.013070 9.000000 0.064000
2122.000000 -0.098537 0.010025 -0.119171 0.015729 9.000000 0.064000
2123.000000 -0.099146 0.010062 -0.121020 0.015497 9.000000 0.064000
2124.000000 -0.099715 0.010167 -0.119408 0.014970 9.000000 0.064000
2125.000000 -0.100304 0.010238 -0.117627 0.016417 9.000000 0.064000
2126.000000 -0.100912 0.010277 -0.118646 0.013920 9.000000 0.064000
2127.000000 -0.101469 0.010307 -0.117599 0.010577 9.000000 0.064000
2128.000000 -0.102090 0.010424 -0.117656 0.012722 9.000000 0.064000
2129.000000 -0.102698 0.010465 -0.120229 0.014362 9.000000 0.064000
2130.000000 -0.103287 0.010540 -0.119966 0.013131 9.000000 0.064000
2131.000000 -0.103928 0.010626 -0.121392 0.014713 9.000000 0.064000
2132.000000 -0.104536 0.010668 -0.123097 0.013941 9.000000 0.064000
2133.000000 -0.105105 0.010779 -0.120439 0.014756 9.000000 0.064000
2134.000000 -0.105745 0.010867 -0.120639 0.017385 9.000000 0.064000
2135.000000 -0.106354 0.010912 -0.122703 0.015509 9.000000 0.064000
2136.000000 -0.106911 0.010947 -0.119672 0.011968 9.000000 0.064000
2137.000000 -0.107519 0.010993 -0.118133 0.010233 9.000000 0.064000
2138.000000 -0.108128 0.011040 -0.119887 0.009922 9.000000 0.064000
2139.000000 -0.108768 0.011132 -0.122320 0.011985 9.000000 0.064000
2140.000000 -0.109388 0.011257 -0.124097 0.016888 9.000000 0.064000
2141.000000 -0.109965 0.011262 -0.121935 0.015149 9.000000 0.064000
2142.000000 -0.110585 0.011389 -0.120813 0.014334 9.000000 0.064000
2143.000000 -0.111193 0.011440 -0.121787 0.016137 9.000000 0.064000
2144.000000 -0.111802 0.011491 -0.121746 0.013341 9.000000 0.064000
2145.000000 -0.112411 0.011543 -0.121730 0.011984 9.000000 0.064000
2146.000000 -0.113019 0.011595 -0.121725 0.011361 9.000000 0.064000
2147.000000 -0.113597 0.011604 -0.120209 0.008946 9.000000 0.064000
2148.000000 -0.114237 0.011702 -0.120952 0.009951 9.000000 0.064000
2149.000000 -0.114846 0.011757 -0.122860 0.012692 9.000000 0.064000
2150.000000 -0.115423 0.011768 -0.120800 0.009823 9.000000 0.064000
2151.000000 -0.116043 0.011901 -0.120239 0.012218 9.000000 0.064000
2152.000000 -0.116651 0.011958 -0.121476 0.015671 9.000000 0.064000
2153.000000 -0.117260 0.012015 -0.121606 0.013713 9.000000 0.064000
2154.000000 -0.117807 0.011985 -0.118673 0.008430 9.000000 0.064000
2155.000000 -0.118416 0.012043 -0.117179 0.005808 9.000000 0.064000
2156.000000 -0.119025 0.012103 -0.119437 0.008883 9.000000 0.064000
2157.000000 -0.119634 0.012163 -0.120588 0.010520 9.000000 0.064000
2158.000000 -0.120243 0.012224 -0.121176 0.011422 9.000000 0.064000
2159.000000 -0.120822 0.012241 -0.119986 0.009766 9.000000 0.064000
2160.000000 -0.121389 0.012368 -0.117302 0.012198 9.000000 0.064000
2161.000000 -0.121967 0.012387 -0.115950 0.013499 9.000000 0.064000
2162.000000 -0.122546 0.012405 -0.115841 0.008827 9.000000 0.064000
2163.000000 -0.123125 0.012425 -0.115798 0.006509 9.000000 0.064000
2164.000000 -0.123734 0.012490 -0.117268 0.007582 9.000000 0.064000
2165.000000 -0.124261 0.012499 -0.115502 0.007594 9.000000 0.064000
2166.000000 -0.124871 0.012565 -0.114601 0.007672 9.000000 0.064000
2167.000000 -0.125450 0.012587 -0.116681 0.008359 9.000000 0.064000
2168.000000 -0.126008 0.012642 -0.115214 0.008176 9.000000 0.064000
2169.000000 -0.126566 0.012698 -0.113422 0.009738 9.000000 0.064000
2170.000000 -0.127145 0.012722 -0.113568 0.008999 9.000000 0.064000
2171.000000 -0.127703 0.012779 -0.113643 0.008678 9.000000 0.064000
2172.000000 -0.128222 0.012715 -0.110765 0.004174 9.000000 0.064000
2173.000000 -0.128780 0.012773 -0.109297 0.001937 9.000000 0.064000
2174.000000 -0.129360 0.012799 -0.111501 0.005256 9.000000 0.064000
2175.000000 -0.129918 0.012859 -0.112622 0.007004 9.000000 0.064000
2176.000000 -0.130476 0.012919 -0.112134 0.009543 9.000000 0.064000
2177.000000 -0.131005 0.012934 -0.110433 0.008684 9.000000 0.064000
2178.000000 -0.131541 0.013028 -0.108493 0.009886 9.000000 0.064000
2179.000000 -0.132070 0.013044 -0.107518 0.010549 9.000000 0.064000
2180.000000 -0.132620 0.013029 -0.107715 0.005568 9.000000 0.064000
2181.000000 -0.133098 0.013034 -0.105302 0.002445 9.000000 0.064000
2182.000000 -0.133656 0.013098 -0.104456 0.004706 9.000000 0.064000
2183.000000 -0.134185 0.013117 -0.106560 0.006536 9.000000 0.064000
2184.000000 -0.134714 0.013136 -0.106190 0.005311 9.000000 0.064000
2185.000000 -0.135265 0.013124 -0.107097 0.003166 9.000000 0.064000
2186.000000 -0.135772 0.013176 -0.106480 0.003696 9.000000 0.064000
2187.000000 -0.136302 0.013197 -0.105097 0.005596 9.000000 0.064000
2188.000000 -0.136787 0.013283 -0.103302 0.008179 9.000000 0.064000
2189.000000 -0.137316 0.013305 -0.102398 0.009549 9.000000 0.064000
2190.000000 -0.137816 0.013282 -0.102686 0.004927 9.000000 0.064000
2191.000000 -0.138324 0.013337 -0.101746 0.004192 9.000000 0.064000
2192.000000 -0.138802 0.013348 -0.100191 0.005430 9.000000 0.064000
2193.000000 -0.139303 0.013326 -0.099072 0.002317 9.000000 0.064000
2194.000000 -0.139832 0.013351 -0.101034 0.001439 9.000000 0.064000
2195.000000 -0.140340 0.013408 -0.102370 0.004830 9.000000 0.064000
2196.000000 -0.140841 0.013388 -0.101641 0.004381 9.000000 0.064000
2197.000000 -0.141297 0.013432 -0.098745 0.003525 9.000000 0.064000
2198.000000 -0.141805 0.013491 -0.097598 0.006929 9.000000 0.064000
2199.000000 -0.142255 0.013459 -0.096709 0.004907 9.000000 0.064000
2200.000000 -0.142734 0.013472 -0.094843 0.001691 9.000000 0.064000
2201.000000 -0.143213 0.013487 -0.095321 0.002326 9.000000 0.064000
2202.000000 -0.143692 0.013501 -0.095573 0.002692 9.000000 0.064000
2203.000000 -0.144171 0.013517 -0.095711 0.002922 9.000000 0.064000
2204.000000 -0.144622 0.013487 -0.094383 0.000843 9.000000 0.064000
2205.000000 -0.145101 0.013503 -0.093715 -0.000173 9.000000 0.064000
2206.000000 -0.145564 0.013628 -0.093957 0.006928 9.000000 0.064000
2207.000000 -0.146015 0.013599 -0.092691 0.008347 9.000000 0.064000
2208.000000 -0.146466 0.013571 -0.091474 0.001527 9.000000 0.064000
2209.000000 -0.146917 0.013543 -0.090871 -0.001909 9.000000 0.064000
2210.000000 -0.147346 0.013547 -0.089455 -0.002076 9.000000 0.064000
2211.000000 -0.147826 0.013565 -0.090145 0.000125 9.000000 0.064000
2212.000000 -0.148254 0.013570 -0.090504 0.001278 9.000000 0.064000
2213.000000 -0.148683 0.013575 -0.088173 0.001204 9.000000 0.064000
2214.000000 -0.149163 0.013595 -0.089515 0.001910 9.000000 0.064000
2215.000000 -0.149569 0.013632 -0.089075 0.003841 9.000000 0.064000
2216.000000 -0.149998 0.013638 -0.086338 0.004157 9.000000 0.064000
2217.000000 -0.150422 0.013567 -0.085829 -0.000979 9.000000 0.064000
2218.000000 -0.150851 0.013574 -0.085577 -0.003561 9.000000 0.064000
2219.000000 -0.151280 0.013581 -0.085718 -0.001053 9.000000 0.064000
2220.000000 -0.151732 0.013558 -0.086937 -0.001273 9.000000 0.064000
2221.000000 -0.152134 0.013520 -0.086185 -0.003607 9.000000 0.064000
2222.000000 -0.152563 0.013528 -0.084674 -0.003224 9.000000 0.064000
2223.000000 -0.152993 0.013537 -0.085296 -0.000742 9.000000 0.064000
2224.000000 -0.153399 0.013577 -0.084475 0.002086 9.000000 0.064000
2225.000000 -0.153806 0.013617 -0.082917 0.005091 9.000000 0.064000
2226.000000 -0.154203 0.013504 -0.081676 -0.000922 9.000000 0.064000
2227.000000 -0.154605 0.013468 -0.080820 -0.007741 9.000000 0.064000
2228.000000 -0.155007 0.013432 -0.080634 -0.007397 9.000000 0.064000
2229.000000 -0.155386 0.013428 -0.079399 -0.005667 9.000000 0.064000
2230.000000 -0.155839 0.013408 -0.081308 -0.004013 9.000000 0.064000
2231.000000 -0.156242 0.013373 -0.083442 -0.004667 9.000000 0.064000
2232.000000 -0.156621 0.013370 -0.080863 -0.004182 9.000000 0.064000
2233.000000 -0.157024 0.013336 -0.079564 -0.003903 9.000000 0.064000
2234.000000 -0.157454 0.013348 -0.081432 -0.002988 9.000000 0.064000
2235.000000 -0.157834 0.013346 -0.081236 -0.000973 9.000000 0.064000
2236.000000 -0.158209 0.013266 -0.078423 -0.004445 9.000000 0.064000
2237.000000 -0.158584 0.013187 -0.076800 -0.009970 9.000000 0.064000
2238.000000 -0.158988 0.013155 -0.077352 -0.010488 9.000000 0.064000
2239.000000 -0.159364 0.013076 -0.077653 -0.010724 9.000000 0.064000
2240.000000 -0.159791 0.013014 -0.078988 -0.012323 9.000000 0.064000
2241.000000 -0.160171 0.013013 -0.079872 -0.009329 9.000000 0.064000
2242.000000 -0.160551 0.013012 -0.077999 -0.004747 9.000000 0.064000
2243.000000 -0.160928 0.012935 -0.076872 -0.006166 9.000000 0.064000
2244.000000 -0.161332 0.012905 -0.077477 -0.008370 9.000000 0.064000
2245.000000 -0.161681 0.012782 -0.076456 -0.011738 9.000000 0.064000
2246.000000 -0.162109 0.012721 -0.077125 -0.014925 9.000000 0.064000
2247.000000 -0.162463 0.012676 -0.077660 -0.012747 9.000000 0.064000
2248.000000 -0.162840 0.012600 -0.075425 -0.012371 9.000000 0.064000
2249.000000 -0.163241 0.012494 -0.076661 -0.015159 9.000000 0.064000
2250.000000 -0.163619 0.012419 -0.077308 -0.016551 9.000000 0.064000
2251.000000 -0.163976 0.012451 -0.075453 -0.010451 9.000000 0.064000
2252.000000 -0.164378 0.012346 -0.075713 -0.008811 9.000000 0.064000
2253.000000 -0.164757 0.012272 -0.076876 -0.013228 9.000000 0.064000
2254.000000 -0.165107 0.012152 -0.074965 -0.016226 9.000000 0.064000
2255.000000 -0.165486 0.012078 -0.074008 -0.017725 9.000000 0.064000
2256.000000 -0.165889 0.011974 -0.076076 -0.017675 9.000000 0.064000
2257.000000 -0.166216 0.011885 -0.074614 -0.018410 9.000000 0.064000
2258.000000 -0.166620 0.011782 -0.073895 -0.018748 9.000000 0.064000
2259.000000 -0.167023 0.011679 -0.077272 -0.019598 9.000000 0.064000
2260.000000 -0.167406 0.011684 -0.077955 -0.014737 9.000000 0.064000
2261.000000 -0.167758 0.011565 -0.075796 -0.013020 9.000000 0.064000
2262.000000 -0.168138 0.011494 -0.074568 -0.015890 9.000000 0.064000
2263.000000 -0.168464 0.011329 -0.072633 -0.019610 9.000000 0.064000
2264.000000 -0.168844 0.011258 -0.071664 -0.021475 9.000000 0.064000
2265.000000 -0.169222 0.011111 -0.073733 -0.021599 9.000000 0.064000
2266.000000 -0.169627 0.011010 -0.076010 -0.023114 9.000000 0.064000
2267.000000 -0.169981 0.010894 -0.075991 -0.022374 9.000000 0.064000
2268.000000 -0.170362 0.010824 -0.074796 -0.020482 9.000000 0.064000
2269.000000 -0.170743 0.010754 -0.075534 -0.017204 9.000000 0.064000
2270.000000 -0.171073 0.010669 -0.073390 -0.016316 9.000000 0.064000
2271.000000 -0.171479 0.010570 -0.073528 -0.017309 9.000000 0.064000
2272.000000 -0.171832 0.010378 -0.074720 -0.023033 9.000000 0.064000
2273.000000 -0.172214 0.010309 -0.074134 -0.024441 9.000000 0.064000
2274.000000 -0.172596 0.010241 -0.075295 -0.019075 9.000000 0.064000
2275.000000 -0.172976 0.010097 -0.075802 -0.020073 9.000000 0.064000
2276.000000 -0.173332 0.009983 -0.074756 -0.022844 9.000000 0.064000
2277.000000 -0.173688 0.009869 -0.073029 -0.022755 9.000000 0.064000
2278.000000 -0.174071 0.009802 -0.073488 -0.020390 9.000000 0.064000
2279.000000 -0.174454 0.009736 -0.075060 -0.016864 9.000000 0.064000
2280.000000 -0.174811 0.009623 -0.074562 -0.017332 9.000000 0.064000
2281.000000 -0.175165 0.009434 -0.072923 -0.023593 9.000000 0.064000
2282.000000 -0.175549 0.009368 -0.073422 -0.024461 9.000000 0.064000
2283.000000 -0.175906 0.009256 -0.073793 -0.021116 9.000000 0.064000
2284.000000 -0.176316 0.009161 -0.075230 -0.020842 9.000000 0.064000
2285.000000 -0.176698 0.009020 -0.077217 -0.022134 9.000000 0.064000
2286.000000 -0.177083 0.008955 -0.077017 -0.021299 9.000000 0.064000
2287.000000 -0.177443 0.008921 -0.075778 -0.015631 9.000000 0.064000
2288.000000 -0.177801 0.008811 -0.073856 -0.015011 9.000000 0.064000
2289.000000 -0.178211 0.008717 -0.075364 -0.017579 9.000000 0.064000
2290.000000 -0.178595 0.008578 -0.077396 -0.020314 9.000000 0.064000
2291.000000 -0.178954 0.008468 -0.075906 -0.022519 9.000000 0.064000
2292.000000 -0.179288 0.008388 -0.072687 -0.020709 9.000000 0.064000
2293.000000 -0.179699 0.008296 -0.073617 -0.018907 9.000000 0.064000
2294.000000 -0.180084 0.008158 -0.076598 -0.020864 9.000000 0.064000
2295.000000 -0.180471 0.008096 -0.076891 -0.020378 9.000000 0.064000
2296.000000 -0.180857 0.008035 -0.077119 -0.016349 9.000000 0.064000
2297.000000 -0.181244 0.007974 -0.077251 -0.014267 9.000000 0.064000
2298.000000 -0.181605 0.007943 -0.076081 -0.011733 9.000000 0.064000
2299.000000 -0.181991 0.007806 -0.075460 -0.014157 9.000000 0.064000
2300.000000 -0.182379 0.007746 -0.076407 -0.016810 9.000000 0.064000
2301.000000 -0.182766 0.007686 -0.076957 -0.014382 9.000000 0.064000
2302.000000 -0.183154 0.007627 -0.077253 -0.013115 9.000000 0.064000
2303.000000 -0.183567 0.007538 -0.078680 -0.013876 9.000000 0.064000
2304.000000 -0.183955 0.007479 -0.079422 -0.014234 9.000000 0.064000
2305.000000 -0.184343 0.007421 -0.078562 -0.012945 9.000000 0.064000
2306.000000 -0.184732 0.007439 -0.078164 -0.008516 9.000000 0.064000
2307.000000 -0.185121 0.007381 -0.077979 -0.006229 9.000000 0.064000
2308.000000 -0.185483 0.007276 -0.076582 -0.011089 9.000000 0.064000
2309.000000 -0.185898 0.007190 -0.077155 -0.014963 9.000000 0.064000
2310.000000 -0.186287 0.007133 -0.078753 -0.014599 9.000000 0.064000
2311.000000 -0.186676 0.007152 -0.078332 -0.009210 9.000000 0.064000
2312.000000 -0.187065 0.007096 -0.078135 -0.006433 9.000000 0.064000
2313.000000 -0.187455 0.007040 -0.078030 -0.008730 9.000000 0.064000
2314.000000 -0.187845 0.007060 -0.077998 -0.006131 9.000000 0.064000
2315.000000 -0.188235 0.007081 -0.078002 -0.001039 9.000000 0.064000
2316.000000 -0.188677 0.007044 -0.080562 -0.001259 9.000000 0.064000
2317.000000 -0.189015 0.006971 -0.079320 -0.005977 9.000000 0.064000
2318.000000 -0.189379 0.006946 -0.074872 -0.007818 9.000000 0.064000
2319.000000 -0.189743 0.006920 -0.073896 -0.006417 9.000000 0.064000
2320.000000 -0.190160 0.006914 -0.075963 -0.004777 9.000000 0.064000
2321.000000 -0.190524 0.006889 -0.077027 -0.003917 9.000000 0.064000
2322.000000 -0.190915 0.006912 -0.076296 -0.002028 9.000000 0.064000
2323.000000 -0.191306 0.006859 -0.077220 -0.002455 9.000000 0.064000
2324.000000 -0.191644 0.006940 -0.075122 0.000182 9.000000 0.064000
2325.000000 -0.192035 0.006964 -0.074051 0.005291 9.000000 0.064000
2326.000000 -0.192400 0.006940 -0.074810 0.002767 9.000000 0.064000
2327.000000 -0.192765 0.006917 -0.073940 -0.000812 9.000000 0.064000
2328.000000 -0.193130 0.006971 -0.073479 0.001122 9.000000 0.064000
2329.000000 -0.193495 0.006948 -0.073257 0.002134 9.000000 0.064000
2330.000000 -0.193860 0.006926 -0.073176 -0.001058 9.000000 0.064000
2331.000000 -0.194252 0.006951 -0.074405 -0.000332 9.000000 0.064000
2332.000000 -0.194591 0.006958 -0.073748 0.001467 9.000000 0.064000
2333.000000 -0.194955 0.007089 -0.072080 0.007549 9.000000 0.064000
2334.000000 -0.195321 0.007068 -0.072537 0.009265 9.000000 0.064000
2335.000000 -0.195686 0.007123 -0.072801 0.006432 9.000000 0.064000
2336.000000 -0.196000 0.007083 -0.070397 0.004086 9.000000 0.064000
2337.000000 -0.196365 0.007139 -0.069172 0.002917 9.000000 0.064000
2338.000000 -0.196757 0.007166 -0.072363 0.005600 9.000000 0.064000
2339.000000 -0.197096 0.007175 -0.072740 0.004661 9.000000 0.064000
2340.000000 -0.197409 0.007212 -0.069082 0.004675 9.000000 0.064000
2341.000000 -0.197749 0.007221 -0.067226 0.004703 9.000000 0.064000
2342.000000 -0.198088 0.007306 -0.067525 0.007067 9.000000 0.064000
2343.000000 -0.198401 0.007344 -0.066379 0.009688 9.000000 0.064000
2344.000000 -0.198714 0.007383 -0.064548 0.008710 9.000000 0.064000
2345.000000 -0.199054 0.007392 -0.064925 0.006837 9.000000 0.064000
2346.000000 -0.199368 0.007431 -0.065118 0.005900 9.000000 0.064000
2347.000000 -0.199681 0.007470 -0.063914 0.006837 9.000000 0.064000
2348.000000 -0.199994 0.007509 -0.063302 0.007332 9.000000 0.064000
2349.000000 -0.200308 0.007548 -0.062992 0.007602 9.000000 0.064000
2350.000000 -0.200621 0.007587 -0.062835 0.007758 9.000000 0.064000
2351.000000 -0.200908 0.007655 -0.061444 0.009243 9.000000 0.064000
2352.000000 -0.201194 0.007723 -0.059423 0.011405 9.000000 0.064000
2353.000000 -0.201481 0.007791 -0.058391 0.012521 9.000000 0.064000
2354.000000 -0.201717 0.007764 -0.055398 0.008425 9.000000 0.064000
2355.000000 -0.202031 0.007804 -0.055187 0.004969 9.000000 0.064000
2356.000000 -0.202292 0.007825 -0.056319 0.005557 9.000000 0.064000
2357.000000 -0.202606 0.007866 -0.056897 0.005877 9.000000 0.064000
2358.000000 -0.202867 0.007887 -0.057194 0.006051 9.000000 0.064000
2359.000000 -0.203102 0.007937 -0.053479 0.006581 9.000000 0.064000
2360.000000 -0.203362 0.008034 -0.051496 0.010587 9.000000 0.064000
2361.000000 -0.203624 0.008056 -0.051807 0.011256 9.000000 0.064000
2362.000000 -0.203858 0.008106 -0.050733 0.009266 9.000000 0.064000
2363.000000 -0.204093 0.008156 -0.048867 0.009645 9.000000 0.064000
2364.000000 -0.204328 0.008206 -0.047916 0.009847 9.000000 0.064000
2365.000000 -0.204562 0.008256 -0.047431 0.009960 9.000000 0.064000
2366.000000 -0.204797 0.008306 -0.047183 0.010028 9.000000 0.064000
2367.000000 -0.205059 0.008329 -0.048381 0.008695 9.000000 0.064000
2368.000000 -0.205293 0.008379 -0.048990 0.008026 9.000000 0.064000
2369.000000 -0.205501 0.008458 -0.046651 0.010450 9.000000 0.064000
2370.000000 -0.205709 0.008537 -0.044133 0.013071 9.000000 0.064000
2371.000000 -0.205918 0.008540 -0.042955 0.010691 9.000000 0.064000
2372.000000 -0.206101 0.008571 -0.041134 0.007138 9.000000 0.064000
2373.000000 -0.206284 0.008602 -0.038882 0.006711 9.000000 0.064000
2374.000000 -0.206494 0.008606 -0.039063 0.005126 9.000000 0.064000
2375.000000 -0.206701 0.008685 -0.040370 0.006672 9.000000 0.064000
2376.000000 -0.206911 0.008688 -0.041040 0.007468 9.000000 0.064000
2377.000000 -0.207067 0.008748 -0.038833 0.006904 9.000000 0.064000
2378.000000 -0.207247 0.008855 -0.036265 0.011719 9.000000 0.064000
2379.000000 -0.207403 0.008915 -0.034955 0.014175 9.000000 0.064000
2380.000000 -0.207561 0.008899 -0.033188 0.009361 9.000000 0.064000
2381.000000 -0.207692 0.008910 -0.031074 0.004562 9.000000 0.064000
2382.000000 -0.207847 0.008970 -0.029880 0.005843 9.000000 0.064000
2383.000000 -0.208030 0.009002 -0.031816 0.007479 9.000000 0.064000
2384.000000 -0.208161 0.009014 -0.031589 0.005966 9.000000 0.064000
2385.000000 -0.208317 0.009074 -0.030141 0.006571 9.000000 0.064000
2386.000000 -0.208447 0.009086 -0.029405 0.006881 9.000000 0.064000
2387.000000 -0.208576 0.009174 -0.027694 0.008413 9.000000 0.064000
2388.000000 -0.208679 0.009214 -0.025490 0.010565 9.000000 0.064000
2389.000000 -0.208808 0.009302 -0.024363 0.011664 9.000000 0.064000
2390.000000 -0.208889 0.009218 -0.022708 0.006153 9.000000 0.064000
2391.000000 -0.208993 0.009258 -0.020653 0.000995 9.000000 0.064000
2392.000000 -0.209097 0.009298 -0.020691 0.004441 9.000000 0.064000
2393.000000 -0.209200 0.009338 -0.020710 0.006199 9.000000 0.064000
2394.000000 -0.209304 0.009378 -0.020718 0.007097 9.000000 0.064000
2395.000000 -0.209383 0.009371 -0.019516 0.005203 9.000000 0.064000
2396.000000 -0.209484 0.009487 -0.018772 0.007960 9.000000 0.064000
2397.000000 -0.209536 0.009507 -0.017060 0.010733 9.000000 0.064000
2398.000000 -0.209615 0.009499 -0.015109 0.006073 9.000000 0.064000
2399.000000 -0.209667 0.009519 -0.014115 0.003699 9.000000 0.064000
2400.000000 -0.209746 0.009511 -0.013609 0.002491 9.000000 0.064000
2401.000000 -0.209798 0.009531 -0.013351 0.001876 9.000000 0.064000
2402.000000 -0.209850 0.009551 -0.011884 0.002930 9.000000 0.064000
2403.000000 -0.209929 0.009544 -0.012473 0.002101 9.000000 0.064000
2404.000000 -0.209953 0.009592 -0.011436 0.003045 9.000000 0.064000
2405.000000 -0.209978 0.009640 -0.008236 0.006259 9.000000 0.064000
2406.000000 -0.210030 0.009660 -0.007941 0.006531 9.000000 0.064000
2407.000000 -0.210054 0.009708 -0.007791 0.006669 9.000000 0.064000
2408.000000 -0.210057 0.009632 -0.005306 0.002032 9.000000 0.064000
2409.000000 -0.210081 0.009680 -0.004039 -0.000331 9.000000 0.064000
2410.000000 -0.210081 0.009680 -0.003262 0.002185 9.000000 0.064000
2411.000000 -0.210109 0.009652 -0.002998 -0.000253 9.000000 0.064000
2412.000000 -0.210136 0.009624 -0.004200 -0.002861 9.000000 0.064000
2413.000000 -0.210136 0.009624 -0.003476 -0.002824 9.000000 0.064000
2414.000000 -0.210136 0.009624 -0.001771 -0.001439 9.000000 0.064000
2415.000000 -0.210136 0.009624 -0.000902 -0.000733 9.000000 0.064000
2416.000000 -0.210136 0.009624 -0.000460 -0.000373 2.000000 0.064000
2417.000000 -0.210136 0.009624 -0.000234 -0.000190 2.000000 0.064000
2418.000000 -0.210136 0.009624 -0.000119 -0.000097 2.000000 0.064000
2419.000000 -0.210136 0.009624 -0.000061 -0.000049 2.000000 0.064000
2420.000000 -0.210136 0.009624 -0.000031 -0.000025 2.000000 0.064000
2421.000000 -0.210136 0.009624 -0.000016 -0.000013 2.000000 0.064000
2422.000000 -0.210136 0.009624 -0.000008 -0.000007 2.000000 0.064000
2423.000000 -0.210136 0.009624 -0.000004 -0.000003 2.000000 0.064000
2424.000000 -0.210136 0.009624 -0.000002 -0.000002 2.000000 0.064000
2425.000000 -0.210136 0.009624 -0.000001 -0.000001 2.000000 0.064000
2426.000000 -0.210136 0.009624 -0.000001 -0.000000 2.000000 0.064000
2427.000000 -0.210136 0.009624 -0.000000 -0.000000 2.000000 0.064000
2428.000000 -0.210109 0.009652 0.001336 0.001366 2.000000 0.064000
2429.000000 -0.210081 0.009680 0.003352 0.003429 2.000000 0.064000
2430.000000 -0.210002 0.009688 0.006919 0.003493 2.000000 0.064000
2431.000000 -0.209950 0.009668 0.009941 0.001172 2.000000 0.064000
2432.000000 -0.209923 0.009695 0.008940 0.000978 2.000000 0.064000
2433.000000 -0.209874 0.009599 0.008302 -0.002842 2.000000 0.064000
2434.000000 -0.209822 0.009579 0.009182 -0.007141 2.000000 0.064000
2435.000000 -0.209795 0.009607 0.008554 -0.003257 2.000000 0.064000
2436.000000 -0.209743 0.009587 0.008234 -0.001278 2.000000 0.064000
2437.000000 -0.209691 0.009567 0.009277 -0.002623 2.000000 0.064000
2438.000000 -0.209640 0.009547 0.009809 -0.003307 2.000000 0.064000
2439.000000 -0.209561 0.009555 0.011414 -0.002287 2.000000 0.064000
2440.000000 -0.209509 0.009535 0.012232 -0.001767 2.000000 0.064000
2441.000000 -0.209457 0.009514 0.011315 -0.002869 2.000000 0.064000
2442.000000 -0.209408 0.009418 0.010722 -0.007151 2.000000 0.064000
2443.000000 -0.209356 0.009398 0.010421 -0.009332 2.000000 0.064000
2444.000000 -0.209304 0.009378 0.010393 -0.006722 2.000000 0.064000
2445.000000 -0.209277 0.009406 0.009171 -0.003040 2.000000 0.064000
2446.000000 -0.209225 0.009386 0.008548 -0.001164 2.000000 0.064000
2447.000000 -0.209173 0.009366 0.009439 -0.002559 2.000000 0.064000
2448.000000 -0.209094 0.009374 0.011226 -0.001901 2.000000 0.064000
2449.000000 -0.209042 0.009354 0.012136 -0.001565 2.000000 0.064000
2450.000000 -0.208991 0.009334 0.011268 -0.002762 2.000000 0.064000
2451.000000 -0.208941 0.009238 0.010703 -0.007092 2.000000 0.064000
2452.000000 -0.208889 0.009218 0.010416 -0.009298 2.000000 0.064000
2453.000000 -0.208810 0.009226 0.011725 -0.005330 2.000000 0.064000
2454.000000 -0.208783 0.009254 0.011181 -0.000958 2.000000 0.064000
2455.000000 -0.208731 0.009234 0.009571 -0.000099 2.000000 0.064000
2456.000000 -0.208679 0.009214 0.009962 -0.002012 2.000000 0.064000
2457.000000 -0.208600 0.009222 0.011492 -0.001616 2.000000 0.064000
2458.000000 -0.208549 0.009202 0.012272 -0.001414 2.000000 0.064000
2459.000000 -0.208497 0.009182 0.011338 -0.002680 2.000000 0.064000
2460.000000 -0.208447 0.009086 0.010744 -0.007046 2.000000 0.064000
2461.000000 -0.208368 0.009094 0.011772 -0.007899 2.000000 0.064000
2462.000000 -0.208317 0.009074 0.012416 -0.004612 2.000000 0.064000
2463.000000 -0.208289 0.009102 0.010200 -0.001958 2.000000 0.064000
2464.000000 -0.208238 0.009082 0.009071 -0.000605 2.000000 0.064000
2465.000000 -0.208210 0.009110 0.008495 0.000084 2.000000 0.064000
2466.000000 -0.208159 0.009090 0.008202 0.000436 2.000000 0.064000
2467.000000 -0.208107 0.009070 0.009265 -0.001734 2.000000 0.064000
2468.000000 -0.208055 0.009050 0.009808 -0.002840 2.000000 0.064000
2469.000000 -0.208005 0.008954 0.009968 -0.007123 2.000000 0.064000
2470.000000 -0.207978 0.008982 0.008836 -0.006956 2.000000 0.064000
2471.000000 -0.207953 0.008934 0.007046 -0.004522 2.000000 0.064000
2472.000000 -0.207926 0.008962 0.006134 -0.003281 2.000000 0.064000
2473.000000 -0.207899 0.008990 0.005785 0.001072 2.000000 0.064000
2474.000000 -0.207847 0.008970 0.006821 0.000941 2.000000 0.064000
2475.000000 -0.207823 0.008922 0.007234 -0.002847 2.000000 0.064000
2476.000000 -0.207768 0.008978 0.007558 -0.001055 2.000000 0.064000
2477.000000 -0.207744 0.008930 0.007725 -0.000142 2.000000 0.064000
2478.000000 -0.207719 0.008882 0.006365 -0.004770 2.000000 0.064000
2479.000000 -0.207694 0.008835 0.005673 -0.007128 2.000000 0.064000
2480.000000 -0.207667 0.008863 0.005435 -0.004608 2.000000 0.064000
2481.000000 -0.207667 0.008863 0.004098 -0.000975 2.000000 0.064000
2482.000000 -0.207640 0.008891 0.003417 0.000876 2.000000 0.064000
2483.000000 -0.207615 0.008843 0.004286 -0.000530 2.000000 0.064000
2484.000000 -0.207615 0.008843 0.003399 -0.002619 2.000000 0.064000
2485.000000 -0.207561 0.008899 0.004390 0.001412 2.000000 0.064000
2486.000000 -0.207536 0.008851 0.006110 0.001116 2.000000 0.064000
2487.000000 -0.207538 0.008775 0.004215 -0.005501 2.000000 0.064000
2488.000000 -0.207538 0.008775 0.002034 -0.006524 2.000000 0.064000
2489.000000 -0.207511 0.008803 0.002365 -0.001951 2.000000 0.064000
2490.000000 -0.207511 0.008803 0.002534 0.000379 2.000000 0.064000
2491.000000 -0.207511 0.008803 0.001291 0.000193 2.000000 0.064000
2492.000000 -0.207511 0.008803 0.000658 0.000098 2.000000 0.064000
2493.000000 -0.207459 0.008783 0.002880 -0.000925 2.000000 0.064000
2494.000000 -0.207432 0.008811 0.005340 -0.000074 2.000000 0.064000
2495.000000 -0.207432 0.008811 0.004050 0.001336 2.000000 0.064000
2496.000000 -0.207435 0.008735 0.001951 -0.003041 2.000000 0.064000
2497.000000 -0.207435 0.008735 0.000881 -0.005270 2.000000 0.064000
2498.000000 -0.207435 0.008735 0.000449 -0.002685 2.000000 0.064000
2499.000000 -0.207435 0.008735 0.000229 -0.001368 2.000000 0.064000
2500.000000 -0.207435 0.008735 0.000116 -0.000697 2.000000 0.064000
2501.000000 -0.207435 0.008735 0.000059 -0.000355 2.000000 0.064000
2502.000000 -0.207435 0.008735 0.000030 -0.000181 2.000000 0.064000
2503.000000 -0.207435 0.008735 0.000015 -0.000092 2.000000 0.064000
2504.000000 -0.207435 0.008735 0.000008 -0.000047 2.000000 0.064000
2505.000000 -0.207435 0.008735 0.000004 -0.000024 2.000000 0.064000
2506.000000 -0.207435 0.008735 0.000002 -0.000012 2.000000 0.064000
2507.000000 -0.207435 0.008735 0.000001 -0.000006 2.000000 0.064000
2508.000000 -0.207435 0.008735 0.000001 -0.000003 2.000000 0.064000
2509.000000 -0.207435 0.008735 0.000000 -0.000002 2.000000 0.064000
2510.000000 -0.207435 0.008735 0.000000 -0.000001 2.000000 0.064000
2511.000000 -0.207435 0.008735 0.000000 -0.000000 2.000000 0.064000
2512.000000 -0.207435 0.008735 0.000000 -0.000000 2.000000 0.064000
2513.000000 -0.207435 0.008735 0.000000 -0.000000 2.000000 0.064000
2514.000000 -0.207435 0.008735 0.000000 -0.000000 2.000000 0.064000
2515.000000 -0.207435 0.008735 0.000000 -0.000000 2.000000 0.064000
2516.000000 -0.207435 0.008735 0.000000 -0.000000 2.000000 0.064000
2517.000000 -0.207435 0.008735 0.000000 -0.000000 2.000000 0.064000
2518.000000 -0.207435 0.008735 0.000000 -0.000000 2.000000 0.064000
2519.000000 -0.207435 0.008735 0.000000 -0.000000 2.000000 0.064000
2520.000000 -0.207435 0.008735 0.000000 -0.000000 2.000000 0.064000
2521.000000 -0.207435 0.008735 0.000000 -0.000000 2.000000 0.064000
2522.000000 -0.207435 0.008735 0.000000 -0.000000 2.000000 0.064000
2523.000000 -0.207435 0.008735 0.000000 -0.000000 2.000000 0.064000
2524.000000 -0.207435 0.008735 0.000000 -0.000000 2.000000 0.064000
2525.000000 -0.207435 0.008735 0.000000 -0.000000 2.000000 0.064000
2526.000000 -0.207435 0.008735 0.000000 -0.000000 2.000000 0.064000
2527.000000 -0.207435 0.008735 0.000000 -0.000000 2.000000 0.064000
2528.000000 -0.207435 0.008735 0.000000 -0.000000 2.000000 0.064000
2529.000000 -0.207435 0.008735 0.000000 -0.000000 2.000000 0.064000
2530.000000 -0.207435 0.008735 0.000000 -0.000000 2.000000 0.064000
2531.000000 -0.207435 0.008735 0.000000 -0.000000 2.000000 0.064000
2532.000000 -0.207435 0.008735 0.000000 -0.000000 2.000000 0.064000
2533.000000 -0.207435 0.008735 0.000000 -0.000000 2.000000 0.064000
2534.000000 -0.207435 0.008735 0.000000 -0.000000 2.000000 0.064000
2535.000000 -0.207435 0.008735 0.000000 -0.000000 2.000000 0.064000
2536.000000 -0.207435 0.008735 0.000000 -0.000000 2.000000 0.064000
2537.000000 -0.207435 0.008735 0.000000 -0.000000 2.000000 0.064000
2538.000000 -0.207435 0.008735 0.000000 -0.000000 2.000000 0.064000
2539.000000 -0.207462 0.008707 -0.001329 -0.001373 2.000000 0.064000
2540.000000 -0.207462 0.008707 -0.002006 -0.002072 2.000000 0.064000
2541.000000 -0.207462 0.008707 -0.001022 -0.001056 2.000000 0.064000
2542.000000 -0.207462 0.008707 -0.000521 -0.000538 2.000000 0.064000
2543.000000 -0.207462 0.008707 -0.000265 -0.000274 2.000000 0.064000
2544.000000 -0.207462 0.008707 -0.000135 -0.000140 2.000000 0.064000
2545.000000 -0.207462 0.008707 -0.000069 -0.000071 2.000000 0.064000
2546.000000 -0.207462 0.008707 -0.000035 -0.000036 2.000000 0.064000
2547.000000 -0.207462 0.008707 -0.000018 -0.000018 2.000000 0.064000
2548.000000 -0.207489 0.008679 -0.001338 -0.001382 2.000000 0.064000
2549.000000 -0.207489 0.008679 -0.002011 -0.002077 2.000000 0.064000
2550.000000 -0.207489 0.008679 -0.001025 -0.001058 2.000000 0.064000
2551.000000 -0.207489 0.008679 -0.000522 -0.000539 2.000000 0.064000
2552.000000 -0.207489 0.008679 -0.000266 -0.000275 2.000000 0.064000
2553.000000 -0.207489 0.008679 -0.000136 -0.000140 2.000000 0.064000
2554.000000 -0.207489 0.008679 -0.000069 -0.000071 2.000000 0.064000
2555.000000 -0.207489 0.008679 -0.000035 -0.000036 2.000000 0.064000
2556.000000 -0.207489 0.008679 -0.000018 -0.000019 2.000000 0.064000
2557.000000 -0.207516 0.008651 -0.001338 -0.001382 2.000000 0.064000
2558.000000 -0.207516 0.008651 -0.002011 -0.002077 2.000000 0.064000
2559.000000 -0.207516 0.008651 -0.001025 -0.001058 2.000000 0.064000
2560.000000 -0.207516 0.008651 -0.000522 -0.000539 2.000000 0.064000
2561.000000 -0.207516 0.008651 -0.000266 -0.000275 2.000000 0.064000
2562.000000 -0.207516 0.008651 -0.000136 -0.000140 2.000000 0.064000
2563.000000 -0.207516 0.008651 -0.000069 -0.000071 2.000000 0.064000
2564.000000 -0.207516 0.008651 -0.000035 -0.000036 2.000000 0.064000
2565.000000 -0.207516 0.008651 -0.000018 -0.000019 2.000000 0.064000
2566.000000 -0.207516 0.008651 -0.000009 -0.000009 2.000000 0.064000
2567.000000 -0.207516 0.008651 -0.000005 -0.000005 2.000000 0.064000
2568.000000 -0.207516 0.008651 -0.000002 -0.000002 2.000000 0.064000
2569.000000 -0.207516 0.008651 -0.000001 -0.000001 2.000000 0.064000
2570.000000 -0.207516 0.008651 -0.000001 -0.000001 2.000000 0.064000
2571.000000 -0.207516 0.008651 -0.000000 -0.000000 2.000000 0.064000
2572.000000 -0.207516 0.008651 -0.000000 -0.000000 2.000000 0.064000
2573.000000 -0.207516 0.008651 -0.000000 -0.000000 2.000000 0.064000
2574.000000 -0.207516 0.008651 -0.000000 -0.000000 2.000000 0.064000
2575.000000 -0.207516 0.008651 -0.000000 -0.000000 2.000000 0.064000
2576.000000 -0.207516 0.008651 -0.000000 -0.000000 2.000000 0.064000
2577.000000 -0.207516 0.008651 -0.000000 -0.000000 2.000000 0.064000
2578.000000 -0.207516 0.008651 -0.000000 -0.000000 2.000000 0.064000
2579.000000 -0.207516 0.008651 -0.000000 -0.000000 2.000000 0.064000
2580.000000 -0.207516 0.008651 -0.000000 -0.000000 2.000000 0.064000
2581.000000 -0.207543 0.008623 -0.001329 -0.001372 2.000000 0.064000
2582.000000 -0.207543 0.008623 -0.002007 -0.002072 2.000000 0.064000
2583.000000 -0.207543 0.008623 -0.001022 -0.001056 2.000000 0.064000
2584.000000 -0.207543 0.008623 -0.000521 -0.000538 2.000000 0.064000
2585.000000 -0.207543 0.008623 -0.000265 -0.000274 2.000000 0.064000
2586.000000 -0.207543 0.008623 -0.000135 -0.000140 2.000000 0.064000
2587.000000 -0.207543 0.008623 -0.000069 -0.000071 2.000000 0.064000
2588.000000 -0.207543 0.008623 -0.000035 -0.000036 2.000000 0.064000
2589.000000 -0.207543 0.008623 -0.000018 -0.000018 2.000000 0.064000
2590.000000 -0.207543 0.008623 -0.000009 -0.000009 2.000000 0.064000
2591.000000 -0.207543 0.008623 -0.000005 -0.000005 2.000000 0.064000
2592.000000 -0.207543 0.008623 -0.000002 -0.000002 2.000000 0.064000
2593.000000 -0.207543 0.008623 -0.000001 -0.000001 2.000000 0.064000
2594.000000 -0.207543 0.008623 -0.000001 -0.000001 2.000000 0.064000
2595.000000 -0.207543 0.008623 -0.000000 -0.000000 2.000000 0.064000
2596.000000 -0.207543 0.008623 -0.000000 -0.000000 2.000000 0.064000
2597.000000 -0.207543 0.008623 -0.000000 -0.000000 2.000000 0.064000
2598.000000 -0.207543 0.008623 -0.000000 -0.000000 2.000000 0.064000
2599.000000 -0.207543 0.008623 -0.000000 -0.000000 2.000000 0.064000
2600.000000 -0.207570 0.008595 -0.001330 -0.001372 2.000000 0.064000
2601.000000 -0.207570 0.008595 -0.002007 -0.002071 2.000000 0.064000
2602.000000 -0.207570 0.008595 -0.001023 -0.001055 2.000000 0.064000
2603.000000 -0.207570 0.008595 -0.000521 -0.000538 2.000000 0.064000
2604.000000 -0.207570 0.008595 -0.000265 -0.000274 2.000000 0.064000
2605.000000 -0.207570 0.008595 -0.000135 -0.000140 2.000000 0.064000
2606.000000 -0.207570 0.008595 -0.000069 -0.000071 2.000000 0.064000
2607.000000 -0.207570 0.008595 -0.000035 -0.000036 2.000000 0.064000
2608.000000 -0.207570 0.008595 -0.000018 -0.000018 2.000000 0.064000
2609.000000 -0.207570 0.008595 -0.000009 -0.000009 2.000000 0.064000
2610.000000 -0.207570 0.008595 -0.000005 -0.000005 2.000000 0.064000
2611.000000 -0.207570 0.008595 -0.000002 -0.000002 2.000000 0.064000
2612.000000 -0.207597 0.008567 -0.001331 -0.001373 2.000000 0.064000
2613.000000 -0.207597 0.008567 -0.002008 -0.002072 2.000000 0.064000
2614.000000 -0.207597 0.008567 -0.001023 -0.001056 2.000000 0.064000
2615.000000 -0.207572 0.008519 0.000695 -0.002886 2.000000 0.064000
2616.000000 -0.207572 0.008519 0.001570 -0.003818 2.000000 0.064000
2617.000000 -0.207572 0.008519 0.000800 -0.001946 2.000000 0.064000
2618.000000 -0.207572 0.008519 0.000408 -0.000991 2.000000 0.064000
2619.000000 -0.207572 0.008519 0.000208 -0.000505 7.000000 0.041000
2620.000000 -0.207572 0.008519 0.000106 -0.000257 7.000000 0.041000
2621.000000 -0.207572 0.008519 0.000054 -0.000131 7.000000 0.041000
2622.000000 -0.207575 0.008443 -0.000086 -0.003787 7.000000 0.041000
2623.000000 -0.207575 0.008443 -0.000157 -0.005649 7.000000 0.041000
2624.000000 -0.207523 0.008423 0.002466 -0.003854 7.000000 0.041000
2625.000000 -0.207523 0.008423 0.003803 -0.002939 7.000000 0.041000
2626.000000 -0.207575 0.008443 -0.000609 -0.000522 7.000000 0.041000
2627.000000 -0.207575 0.008443 -0.002856 0.000710 7.000000 0.041000
2628.000000 -0.207550 0.008395 -0.000239 -0.001986 7.000000 0.041000
2629.000000 -0.207550 0.008395 0.001095 -0.003360 7.000000 0.041000
2630.000000 -0.207550 0.008395 0.000558 -0.001712 7.000000 0.041000
2631.000000 -0.207550 0.008395 0.000284 -0.000872 7.000000 0.041000
2632.000000 -0.207577 0.008368 -0.001185 -0.001816 7.000000 0.041000
2633.000000 -0.207550 0.008395 -0.000604 -0.000925 7.000000 0.041000
2634.000000 -0.207525 0.008348 0.002239 -0.001447 7.000000 0.041000
2635.000000 -0.207550 0.008395 0.001141 -0.000737 7.000000 0.041000
2636.000000 -0.207577 0.008368 -0.001965 0.000600 7.000000 0.041000
2637.000000 -0.207552 0.008320 -0.001115 -0.003414 7.000000 0.041000
2638.000000 -0.207552 0.008320 0.000649 -0.004087 7.000000 0.041000
2639.000000 -0.207552 0.008320 0.000331 -0.002082 7.000000 0.041000
2640.000000 -0.207552 0.008320 0.000168 -0.001061 7.000000 0.041000
2641.000000 -0.207579 0.008292 -0.001244 -0.001912 7.000000 0.041000
2642.000000 -0.207552 0.008320 -0.000634 -0.000974 7.000000 0.041000
2643.000000 -0.207552 0.008320 0.001007 0.000875 7.000000 0.041000
2644.000000 -0.207579 0.008292 -0.000817 -0.000926 7.000000 0.041000
2645.000000 -0.207579 0.008292 -0.001746 -0.001843 7.000000 0.041000
2646.000000 -0.207579 0.008292 -0.000890 -0.000939 7.000000 0.041000
2647.000000 -0.207579 0.008292 -0.000453 -0.000479 7.000000 0.041000
2648.000000 -0.207555 0.008244 0.000986 -0.002591 7.000000 0.041000
2649.000000 -0.207582 0.008216 0.000389 -0.005040 7.000000 0.041000
2650.000000 -0.207582 0.008216 -0.001132 -0.003939 7.000000 0.041000
2651.000000 -0.207555 0.008244 0.000753 -0.000635 7.000000 0.041000
2652.000000 -0.207582 0.008216 0.000384 -0.000324 7.000000 0.041000
2653.000000 -0.207582 0.008216 -0.001135 -0.001537 7.000000 0.041000
2654.000000 -0.207582 0.008216 -0.000578 -0.000783 7.000000 0.041000
2655.000000 -0.207582 0.008216 -0.000295 -0.000399 7.000000 0.041000
2656.000000 -0.207582 0.008216 -0.000150 -0.000203 7.000000 0.041000
2657.000000 -0.207584 0.008140 -0.000190 -0.003823 7.000000 0.041000
2658.000000 -0.207584 0.008140 -0.000210 -0.005667 7.000000 0.041000
2659.000000 -0.207584 0.008140 -0.000107 -0.002887 7.000000 0.041000
2660.000000 -0.207584 0.008140 -0.000054 -0.001471 7.000000 0.041000
2661.000000 -0.207584 0.008140 -0.000028 -0.000749 7.000000 0.041000
2662.000000 -0.207559 0.008092 0.001203 -0.002729 7.000000 0.041000
2663.000000 -0.207584 0.008140 0.000613 -0.001391 7.000000 0.041000
2664.000000 -0.207584 0.008140 -0.000905 0.001639 7.000000 0.041000
2665.000000 -0.207559 0.008092 0.000756 -0.001512 7.000000 0.041000
2666.000000 -0.207586 0.008064 0.000272 -0.004489 7.000000 0.041000
2667.000000 -0.207586 0.008064 -0.001192 -0.003659 7.000000 0.041000
2668.000000 -0.207586 0.008064 -0.000607 -0.001864 7.000000 0.041000
2669.000000 -0.207586 0.008064 -0.000309 -0.000950 7.000000 0.041000
2670.000000 -0.207586 0.008064 -0.000158 -0.000484 7.000000 0.041000
2671.000000 -0.207586 0.008064 -0.000080 -0.000247 7.000000 0.041000
2672.000000 -0.207586 0.008064 -0.000041 -0.000126 7.000000 0.041000
2673.000000 -0.207586 0.008064 -0.000021 -0.000064 7.000000 0.041000
2674.000000 -0.207586 0.008064 -0.000011 -0.000033 7.000000 0.041000
2675.000000 -0.207586 0.008064 -0.000005 -0.000017 7.000000 0.041000
2676.000000 -0.207586 0.008064 -0.000003 -0.000008 7.000000 0.041000
2677.000000 -0.207586 0.008064 -0.000001 -0.000004 7.000000 0.041000
2678.000000 -0.207586 0.008064 -0.000001 -0.000002 7.000000 0.041000
2679.000000 -0.207586 0.008064 -0.000000 -0.000001 7.000000 0.041000
2680.000000 -0.207586 0.008064 -0.000000 -0.000001 7.000000 0.041000
2681.000000 -0.207586 0.008064 -0.000000 -0.000000 7.000000 0.041000
2682.000000 -0.207586 0.008064 -0.000000 -0.000000 7.000000 0.041000
2683.000000 -0.207586 0.008064 -0.000000 -0.000000 7.000000 0.041000
2684.000000 -0.207586 0.008064 -0.000000 -0.000000 7.000000 0.041000
2685.000000 -0.207586 0.008064 -0.000000 -0.000000 7.000000 0.041000
2686.000000 -0.207586 0.008064 -0.000000 -0.000000 7.000000 0.041000
2687.000000 -0.207586 0.008064 -0.000000 -0.000000 7.000000 0.041000
2688.000000 -0.207586 0.008064 -0.000000 -0.000000 7.000000 0.041000
2689.000000 -0.207586 0.008064 -0.000000 -0.000000 7.000000 0.041000
2690.000000 -0.207586 0.008064 -0.000000 -0.000000 7.000000 0.041000
2691.000000 -0.207586 0.008064 -0.000000 -0.000000 7.000000 0.041000
2692.000000 -0.207586 0.008064 -0.000000 -0.000000 7.000000 0.041000
2693.000000 -0.207586 0.008064 -0.000000 -0.000000 7.000000 0.041000
2694.000000 -0.207586 0.008064 -0.000000 -0.000000 7.000000 0.041000
2695.000000 -0.207586 0.008064 -0.000000 -0.000000 7.000000 0.041000
2696.000000 -0.207586 0.008064 -0.000000 -0.000000 7.000000 0.041000
2697.000000 -0.207586 0.008064 -0.000000 -0.000000 7.000000 0.041000
2698.000000 -0.207586 0.008064 -0.000000 -0.000000 7.000000 0.041000
2699.000000 -0.207611 0.008112 -0.001217 0.002348 7.000000 0.041000
2700.000000 -0.207611 0.008112 -0.001837 0.003544 7.000000 0.041000
2701.000000 -0.207611 0.008112 -0.000936 0.001805 7.000000 0.041000
2702.000000 -0.207611 0.008112 -0.000477 0.000920 7.000000 0.041000
2703.000000 -0.207611 0.008112 -0.000243 0.000469 7.000000 0.041000
2704.000000 -0.207611 0.008112 -0.000124 0.000239 7.000000 0.041000
2705.000000 -0.207611 0.008112 -0.000063 0.000122 7.000000 0.041000
2706.000000 -0.207611 0.008112 -0.000032 0.000062 7.000000 0.041000
2707.000000 -0.207611 0.008112 -0.000016 0.000032 7.000000 0.041000
2708.000000 -0.207611 0.008112 -0.000008 0.000016 7.000000 0.041000
2709.000000 -0.207636 0.008160 -0.001221 0.002356 7.000000 0.041000
2710.000000 -0.207636 0.008160 -0.001839 0.003548 7.000000 0.041000
2711.000000 -0.207636 0.008160 -0.000937 0.001808 7.000000 0.041000
2712.000000 -0.207636 0.008160 -0.000477 0.000921 7.000000 0.041000
2713.000000 -0.207636 0.008160 -0.000243 0.000469 7.000000 0.041000
2714.000000 -0.207636 0.008160 -0.000124 0.000239 7.000000 0.041000
2715.000000 -0.207636 0.008160 -0.000063 0.000122 7.000000 0.041000
2716.000000 -0.207636 0.008160 -0.000032 0.000062 7.000000 0.041000
2717.000000 -0.207636 0.008160 -0.000016 0.000032 7.000000 0.041000
2718.000000 -0.207636 0.008160 -0.000008 0.000016 7.000000 0.041000
2719.000000 -0.207636 0.008160 -0.000004 0.000008 7.000000 0.041000
2720.000000 -0.207636 0.008160 -0.000002 0.000004 7.000000 0.041000
2721.000000 -0.207636 0.008160 -0.000001 0.000002 7.000000 0.041000
2722.000000 -0.207636 0.008160 -0.000001 0.000001 7.000000 0.041000
2723.000000 -0.207636 0.008160 -0.000000 0.000001 7.000000 0.041000
2724.000000 -0.207636 0.008160 -0.000000 0.000000 7.000000 0.041000
2725.000000 -0.207636 0.008160 -0.000000 0.000000 7.000000 0.041000
2726.000000 -0.207636 0.008160 -0.000000 0.000000 7.000000 0.041000
2727.000000 -0.207636 0.008160 -0.000000 0.000000 7.000000 0.041000
2728.000000 -0.207636 0.008160 -0.000000 0.000000 7.000000 0.041000
2729.000000 -0.207636 0.008160 -0.000000 0.000000 7.000000 0.041000
2730.000000 -0.207636 0.008160 -0.000000 0.000000 7.000000 0.041000
2731.000000 -0.207636 0.008160 -0.000000 0.000000 7.000000 0.041000
2732.000000 -0.207636 0.008160 -0.000000 0.000000 7.000000 0.041000
2733.000000 -0.207636 0.008160 -0.000000 0.000000 7.000000 0.041000
2734.000000 -0.207636 0.008160 -0.000000 0.000000 7.000000 0.041000
2735.000000 -0.207636 0.008160 -0.000000 0.000000 7.000000 0.041000
2736.000000 -0.207636 0.008160 -0.000000 0.000000 7.000000 0.041000
2737.000000 -0.207636 0.008160 -0.000000 0.000000 7.000000 0.041000
2738.000000 -0.207636 0.008160 -0.000000 0.000000 7.000000 0.041000
2739.000000 -0.207636 0.008160 -0.000000 0.000000 7.000000 0.041000
2740.000000 -0.207636 0.008160 -0.000000 0.000000 7.000000 0.041000
2741.000000 -0.207636 0.008160 -0.000000 0.000000 7.000000 0.041000
2742.000000 -0.207636 0.008160 -0.000000 0.000000 7.000000 0.041000
2743.000000 -0.207636 0.008160 -0.000000 0.000000 7.000000 0.041000
2744.000000 -0.207636 0.008160 -0.000000 0.000000 7.000000 0.041000
2745.000000 -0.207636 0.008160 -0.000000 0.000000 7.000000 0.041000
2746.000000 -0.207636 0.008160 -0.000000 0.000000 7.000000 0.041000
2747.000000 -0.207636 0.008160 -0.000000 0.000000 7.000000 0.041000
2748.000000 -0.207636 0.008160 -0.000000 0.000000 7.000000 0.041000
2749.000000 -0.207636 0.008160 -0.000000 0.000000 7.000000 0.041000
2750.000000 -0.207636 0.008160 -0.000000 0.000000 7.000000 0.041000
2751.000000 -0.207636 0.008160 -0.000000 0.000000 7.000000 0.041000
2752.000000 -0.207636 0.008160 -0.000000 0.000000 7.000000 0.041000
2753.000000 -0.207636 0.008160 -0.000000 0.000000 7.000000 0.041000
2754.000000 -0.207636 0.008160 -0.000000 0.000000 7.000000 0.041000
2755.000000 -0.207636 0.008160 -0.000000 0.000000 7.000000 0.041000
2756.000000 -0.207636 0.008160 -0.000000 0.000000 7.000000 0.041000
2757.000000 -0.207636 0.008160 -0.000000 0.000000 7.000000 0.041000
2758.000000 -0.207636 0.008160 -0.000000 0.000000 7.000000 0.041000
2759.000000 -0.207636 0.008160 -0.000000 0.000000 7.000000 0.041000
2760.000000 -0.207636 0.008160 -0.000000 0.000000 7.000000 0.041000
2761.000000 -0.207609 0.008188 0.001330 0.001372 7.000000 0.041000
2762.000000 -0.207609 0.008188 0.002008 0.002070 7.000000 0.041000
2763.000000 -0.207609 0.008188 0.001023 0.001055 7.000000 0.041000
2764.000000 -0.207609 0.008188 0.000521 0.000537 7.000000 0.041000
2765.000000 -0.207582 0.008216 0.001596 0.001646 7.000000 0.041000
2766.000000 -0.207555 0.008244 0.003473 0.003582 7.000000 0.041000
2767.000000 -0.207555 0.008244 0.003100 0.003197 7.000000 0.041000
2768.000000 -0.207527 0.008272 0.002909 0.003001 7.000000 0.041000
2769.000000 -0.207530 0.008196 0.002700 -0.000819 7.000000 0.041000
2770.000000 -0.207530 0.008196 0.001263 -0.004136 7.000000 0.041000
2771.000000 -0.207503 0.008224 0.001973 -0.000736 7.000000 0.041000
2772.000000 -0.207503 0.008224 0.002335 0.000997 7.000000 0.041000
2773.000000 -0.207503 0.008224 0.001190 0.000508 7.000000 0.041000
2774.000000 -0.207476 0.008252 0.001936 0.001631 7.000000 0.041000
2775.000000 -0.207424 0.008232 0.004863 0.001228 7.000000 0.041000
2776.000000 -0.207424 0.008232 0.005025 -0.000350 7.000000 0.041000
2777.000000 -0.207372 0.008212 0.005108 -0.001153 7.000000 0.041000
2778.000000 -0.207374 0.008136 0.005039 -0.005282 7.000000 0.041000
2779.000000 -0.207322 0.008116 0.005004 -0.007385 7.000000 0.041000
2780.000000 -0.207322 0.008116 0.005097 -0.004737 7.000000 0.041000
2781.000000 -0.207320 0.008192 0.002708 0.001306 7.000000 0.041000
2782.000000 -0.207295 0.008144 0.002709 0.002038 7.000000 0.041000
2783.000000 -0.207268 0.008172 0.003928 0.000064 7.000000 0.041000
2784.000000 -0.207216 0.008152 0.005878 0.000431 7.000000 0.041000
2785.000000 -0.207189 0.008180 0.006871 0.000619 7.000000 0.041000
2786.000000 -0.207164 0.008133 0.006049 -0.000659 7.000000 0.041000
2787.000000 -0.207114 0.008037 0.006739 -0.007375 7.000000 0.041000
2788.000000 -0.207114 0.008037 0.005872 -0.008451 7.000000 0.041000
2789.000000 -0.207062 0.008017 0.005540 -0.005279 7.000000 0.041000
2790.000000 -0.207087 0.008065 0.004151 -0.001317 7.000000 0.041000
2791.000000 -0.207035 0.008045 0.003444 0.000702 7.000000 0.041000
2792.000000 -0.206983 0.008025 0.006851 -0.001588 7.000000 0.041000
2793.000000 -0.206956 0.008053 0.007367 -0.000409 7.000000 0.041000
2794.000000 -0.206904 0.008033 0.007630 0.000193 7.000000 0.041000
2795.000000 -0.206852 0.008014 0.008984 -0.001847 7.000000 0.041000
2796.000000 -0.206854 0.007938 0.007018 -0.005633 7.000000 0.041000
2797.000000 -0.206802 0.007918 0.006017 -0.007561 7.000000 0.041000
2798.000000 -0.206750 0.007898 0.008164 -0.005796 7.000000 0.041000
2799.000000 -0.206723 0.007926 0.008036 -0.002551 7.000000 0.041000
2800.000000 -0.206696 0.007954 0.006750 0.001448 7.000000 0.041000
2801.000000 -0.206671 0.007906 0.005988 -0.000234 7.000000 0.041000
2802.000000 -0.206619 0.007886 0.006821 -0.003436 7.000000 0.041000
2803.000000 -0.206540 0.007895 0.009900 -0.002318 7.000000 0.041000
2804.000000 -0.206488 0.007875 0.011469 -0.001748 7.000000 0.041000
2805.000000 -0.206438 0.007779 0.010838 -0.006551 7.000000 0.041000
2806.000000 -0.206411 0.007807 0.009293 -0.006653 12.000000 0.041000
2807.000000 -0.206359 0.007787 0.008611 -0.002985 12.000000 0.041000
2808.000000 -0.206332 0.007815 0.008263 -0.001116 12.000000 0.041000
