# imt log
s logheadsize 000234
s logcolumns 7
s logname /home/testac/lgames/fitts/20180726_Thu/run1.124247.dat
s logversion 2.0
s logdate "Thu Jul 26 12:42:47 EDT 2018"
s logidate 1532623367

# begin user data

# end user data

#####
902.000000 -0.003590 0.006008 -0.000000 0.000000 0.000000 0.000000
903.000000 -0.003590 0.006008 -0.000000 0.000000 0.000000 0.000000
904.000000 -0.003590 0.006008 -0.000000 0.000000 7.000000 0.028000
905.000000 -0.003590 0.006008 -0.000000 0.000000 7.000000 0.028000
906.000000 -0.003590 0.006008 -0.000000 0.000000 7.000000 0.028000
907.000000 -0.003590 0.006008 -0.000000 0.000000 7.000000 0.028000
908.000000 -0.003590 0.006008 -0.000000 0.000000 7.000000 0.028000
909.000000 -0.003590 0.006008 -0.000000 0.000000 7.000000 0.028000
910.000000 -0.003590 0.006008 -0.000000 0.000000 7.000000 0.028000
911.000000 -0.003590 0.006008 -0.000000 0.000000 7.000000 0.028000
912.000000 -0.003590 0.006008 -0.000000 0.000000 7.000000 0.028000
913.000000 -0.003590 0.006008 -0.000000 0.000000 7.000000 0.028000
914.000000 -0.003590 0.006008 -0.000000 0.000000 7.000000 0.028000
915.000000 -0.003590 0.006008 -0.000000 0.000000 7.000000 0.028000
916.000000 -0.003590 0.006008 -0.000000 0.000000 7.000000 0.028000
917.000000 -0.003590 0.006008 -0.000000 0.000000 7.000000 0.028000
918.000000 -0.003590 0.006008 -0.000000 0.000000 7.000000 0.028000
919.000000 -0.003590 0.006008 -0.000000 0.000000 7.000000 0.028000
920.000000 -0.003590 0.006008 -0.000000 0.000000 7.000000 0.028000
921.000000 -0.003590 0.006008 -0.000000 0.000000 7.000000 0.028000
922.000000 -0.003590 0.006008 -0.000000 0.000000 7.000000 0.028000
923.000000 -0.003590 0.006008 -0.000000 0.000000 7.000000 0.028000
924.000000 -0.003590 0.006008 -0.000000 0.000000 7.000000 0.028000
925.000000 -0.003590 0.006008 -0.000000 0.000000 7.000000 0.028000
926.000000 -0.003590 0.006008 -0.000000 0.000000 7.000000 0.028000
927.000000 -0.003590 0.006008 -0.000000 0.000000 7.000000 0.028000
928.000000 -0.003590 0.006008 -0.000000 0.000000 7.000000 0.028000
929.000000 -0.003590 0.006008 -0.000000 0.000000 7.000000 0.028000
930.000000 -0.003590 0.006008 -0.000000 0.000000 7.000000 0.028000
931.000000 -0.003590 0.006008 -0.000000 0.000000 7.000000 0.028000
932.000000 -0.003590 0.006008 -0.000000 0.000000 7.000000 0.028000
933.000000 -0.003590 0.006008 -0.000000 0.000000 7.000000 0.028000
934.000000 -0.003590 0.006008 -0.000000 0.000000 7.000000 0.028000
935.000000 -0.003590 0.006008 -0.000000 0.000000 7.000000 0.028000
936.000000 -0.003590 0.006008 -0.000000 0.000000 7.000000 0.028000
937.000000 -0.003590 0.006008 -0.000000 0.000000 7.000000 0.028000
938.000000 -0.003590 0.006008 -0.000000 0.000000 7.000000 0.028000
939.000000 -0.003590 0.006008 -0.000000 0.000000 7.000000 0.028000
940.000000 -0.003590 0.006008 -0.000000 0.000000 7.000000 0.028000
941.000000 -0.003590 0.006008 -0.000000 0.000000 7.000000 0.028000
942.000000 -0.003590 0.006008 -0.000000 0.000000 7.000000 0.028000
943.000000 -0.003590 0.006008 -0.000000 0.000000 7.000000 0.028000
944.000000 -0.003590 0.006008 -0.000000 0.000000 7.000000 0.028000
945.000000 -0.003590 0.006008 -0.000000 0.000000 7.000000 0.028000
946.000000 -0.003590 0.006008 -0.000000 0.000000 7.000000 0.028000
947.000000 -0.003590 0.006008 -0.000000 0.000000 7.000000 0.028000
948.000000 -0.003590 0.006008 -0.000000 0.000000 7.000000 0.028000
949.000000 -0.003590 0.006008 -0.000000 0.000000 7.000000 0.028000
950.000000 -0.003590 0.006008 -0.000000 0.000000 7.000000 0.028000
951.000000 -0.003590 0.006008 -0.000000 0.000000 7.000000 0.028000
952.000000 -0.003590 0.006008 -0.000000 0.000000 7.000000 0.028000
953.000000 -0.003590 0.006008 -0.000000 0.000000 7.000000 0.028000
954.000000 -0.003590 0.006008 -0.000000 0.000000 7.000000 0.028000
955.000000 -0.003590 0.006008 -0.000000 0.000000 7.000000 0.028000
956.000000 -0.003590 0.006008 -0.000000 0.000000 7.000000 0.028000
957.000000 -0.003590 0.006008 -0.000000 0.000000 7.000000 0.028000
958.000000 -0.003590 0.006008 -0.000000 0.000000 7.000000 0.028000
959.000000 -0.003590 0.006008 -0.000000 0.000000 7.000000 0.028000
960.000000 -0.003590 0.006008 -0.000000 0.000000 7.000000 0.028000
961.000000 -0.003590 0.006008 -0.000000 0.000000 7.000000 0.028000
962.000000 -0.003590 0.006008 -0.000000 0.000000 7.000000 0.028000
963.000000 -0.003590 0.006008 -0.000000 0.000000 7.000000 0.028000
964.000000 -0.003590 0.006008 -0.000000 0.000000 7.000000 0.028000
965.000000 -0.003590 0.006008 -0.000000 0.000000 7.000000 0.028000
966.000000 -0.003590 0.006008 -0.000000 0.000000 7.000000 0.028000
967.000000 -0.003590 0.006008 -0.000000 0.000000 7.000000 0.028000
968.000000 -0.003590 0.006008 -0.000000 0.000000 7.000000 0.028000
969.000000 -0.003590 0.006008 -0.000000 0.000000 7.000000 0.028000
970.000000 -0.003590 0.006008 -0.000000 0.000000 7.000000 0.028000
971.000000 -0.003590 0.006008 -0.000000 0.000000 7.000000 0.028000
972.000000 -0.003590 0.006008 -0.000000 0.000000 7.000000 0.028000
973.000000 -0.003590 0.006008 -0.000000 0.000000 7.000000 0.028000
974.000000 -0.003590 0.006008 -0.000000 0.000000 7.000000 0.028000
975.000000 -0.003590 0.006008 -0.000000 0.000000 7.000000 0.028000
976.000000 -0.003590 0.006008 -0.000000 0.000000 7.000000 0.028000
977.000000 -0.003590 0.006008 -0.000000 0.000000 7.000000 0.028000
978.000000 -0.003590 0.006008 -0.000000 0.000000 7.000000 0.028000
979.000000 -0.003590 0.006008 -0.000000 0.000000 7.000000 0.028000
980.000000 -0.003590 0.006008 -0.000000 0.000000 7.000000 0.028000
981.000000 -0.003590 0.006008 -0.000000 0.000000 7.000000 0.028000
982.000000 -0.003590 0.006008 -0.000000 0.000000 7.000000 0.028000
983.000000 -0.003590 0.006008 -0.000000 0.000000 7.000000 0.028000
984.000000 -0.003590 0.006008 -0.000000 0.000000 7.000000 0.028000
985.000000 -0.003590 0.006008 -0.000000 0.000000 7.000000 0.028000
986.000000 -0.003590 0.006008 -0.000000 0.000000 7.000000 0.028000
987.000000 -0.003590 0.006008 -0.000000 0.000000 7.000000 0.028000
988.000000 -0.003590 0.006008 -0.000000 0.000000 7.000000 0.028000
989.000000 -0.003590 0.006008 -0.000000 0.000000 7.000000 0.028000
990.000000 -0.003590 0.006008 -0.000000 0.000000 7.000000 0.028000
991.000000 -0.003590 0.006008 -0.000000 0.000000 7.000000 0.028000
992.000000 -0.003590 0.006008 -0.000000 0.000000 7.000000 0.028000
993.000000 -0.003590 0.006008 -0.000000 0.000000 7.000000 0.028000
994.000000 -0.003590 0.006008 -0.000000 0.000000 7.000000 0.028000
995.000000 -0.003590 0.006008 -0.000000 0.000000 7.000000 0.028000
996.000000 -0.003590 0.006008 -0.000000 0.000000 7.000000 0.028000
997.000000 -0.003590 0.006008 -0.000000 0.000000 7.000000 0.028000
998.000000 -0.003590 0.006008 -0.000000 0.000000 7.000000 0.028000
999.000000 -0.003590 0.006008 -0.000000 0.000000 7.000000 0.028000
1000.000000 -0.003590 0.006008 -0.000000 0.000000 7.000000 0.028000
1001.000000 -0.003590 0.006008 -0.000000 0.000000 7.000000 0.028000
1002.000000 -0.003590 0.006008 -0.000000 0.000000 7.000000 0.028000
1003.000000 -0.003590 0.006008 -0.000000 0.000000 7.000000 0.028000
1004.000000 -0.003590 0.006008 -0.000000 0.000000 7.000000 0.028000
1005.000000 -0.003590 0.006008 -0.000000 0.000000 7.000000 0.028000
1006.000000 -0.003590 0.006008 -0.000000 0.000000 7.000000 0.028000
1007.000000 -0.003590 0.006008 -0.000000 0.000000 7.000000 0.028000
1008.000000 -0.003590 0.006008 -0.000000 0.000000 7.000000 0.028000
1009.000000 -0.003590 0.006008 -0.000000 0.000000 7.000000 0.028000
1010.000000 -0.003590 0.006008 -0.000000 0.000000 7.000000 0.028000
1011.000000 -0.003590 0.006008 -0.000000 0.000000 7.000000 0.028000
1012.000000 -0.003590 0.006008 -0.000000 0.000000 7.000000 0.028000
1013.000000 -0.003590 0.006008 -0.000000 0.000000 7.000000 0.028000
1014.000000 -0.003590 0.006008 -0.000000 0.000000 7.000000 0.028000
1015.000000 -0.003590 0.006008 -0.000000 0.000000 7.000000 0.028000
1016.000000 -0.003590 0.006008 -0.000000 0.000000 7.000000 0.028000
1017.000000 -0.003590 0.006008 -0.000000 0.000000 7.000000 0.028000
1018.000000 -0.003590 0.006008 -0.000000 0.000000 7.000000 0.028000
1019.000000 -0.003590 0.006008 -0.000000 0.000000 7.000000 0.028000
1020.000000 -0.003590 0.006008 -0.000000 0.000000 7.000000 0.028000
1021.000000 -0.003590 0.006008 -0.000000 0.000000 7.000000 0.028000
1022.000000 -0.003590 0.006008 -0.000000 0.000000 7.000000 0.028000
1023.000000 -0.003590 0.006008 -0.000000 0.000000 7.000000 0.028000
1024.000000 -0.003590 0.006008 -0.000000 0.000000 7.000000 0.028000
1025.000000 -0.003590 0.006008 -0.000000 0.000000 7.000000 0.028000
1026.000000 -0.003590 0.006008 -0.000000 0.000000 7.000000 0.028000
1027.000000 -0.003590 0.006008 -0.000000 0.000000 7.000000 0.028000
1028.000000 -0.003590 0.006008 -0.000000 0.000000 7.000000 0.028000
1029.000000 -0.003590 0.006008 -0.000000 0.000000 7.000000 0.028000
1030.000000 -0.003590 0.006008 -0.000000 0.000000 7.000000 0.028000
1031.000000 -0.003590 0.006008 -0.000000 0.000000 7.000000 0.028000
1032.000000 -0.003590 0.006008 -0.000000 0.000000 7.000000 0.028000
1033.000000 -0.003590 0.006008 -0.000000 0.000000 7.000000 0.028000
1034.000000 -0.003590 0.006008 -0.000000 0.000000 7.000000 0.028000
1035.000000 -0.003590 0.006008 -0.000000 0.000000 7.000000 0.028000
1036.000000 -0.003590 0.006008 -0.000000 0.000000 7.000000 0.028000
1037.000000 -0.003590 0.006008 -0.000000 0.000000 7.000000 0.028000
1038.000000 -0.003590 0.006008 -0.000000 0.000000 7.000000 0.028000
1039.000000 -0.003590 0.006008 -0.000000 0.000000 7.000000 0.028000
1040.000000 -0.003590 0.006008 -0.000000 0.000000 7.000000 0.028000
1041.000000 -0.003590 0.006008 -0.000000 0.000000 7.000000 0.028000
1042.000000 -0.003590 0.006008 -0.000000 0.000000 7.000000 0.028000
1043.000000 -0.003590 0.006008 -0.000000 0.000000 7.000000 0.028000
1044.000000 -0.003590 0.006008 -0.000000 0.000000 7.000000 0.028000
1045.000000 -0.003590 0.006008 -0.000000 0.000000 7.000000 0.028000
1046.000000 -0.003590 0.006008 -0.000000 0.000000 7.000000 0.028000
1047.000000 -0.003590 0.006008 -0.000000 0.000000 7.000000 0.028000
1048.000000 -0.003590 0.006008 -0.000000 0.000000 7.000000 0.028000
1049.000000 -0.003590 0.006008 -0.000000 0.000000 7.000000 0.028000
1050.000000 -0.003590 0.006008 -0.000000 0.000000 7.000000 0.028000
1051.000000 -0.003590 0.006008 -0.000000 0.000000 7.000000 0.028000
1052.000000 -0.003590 0.006008 -0.000000 0.000000 7.000000 0.028000
1053.000000 -0.003590 0.006008 -0.000000 0.000000 7.000000 0.028000
1054.000000 -0.003590 0.006008 -0.000000 0.000000 7.000000 0.028000
1055.000000 -0.003590 0.006008 -0.000000 0.000000 7.000000 0.028000
1056.000000 -0.003590 0.006008 -0.000000 0.000000 7.000000 0.028000
1057.000000 -0.003590 0.006008 -0.000000 0.000000 7.000000 0.028000
1058.000000 -0.003590 0.006008 -0.000000 0.000000 7.000000 0.028000
1059.000000 -0.003590 0.006008 -0.000000 0.000000 7.000000 0.028000
1060.000000 -0.003590 0.006008 -0.000000 0.000000 7.000000 0.028000
1061.000000 -0.003590 0.006008 -0.000000 0.000000 7.000000 0.028000
1062.000000 -0.003590 0.006008 -0.000000 0.000000 7.000000 0.028000
1063.000000 -0.003590 0.006008 -0.000000 0.000000 7.000000 0.028000
1064.000000 -0.003590 0.006008 -0.000000 0.000000 7.000000 0.028000
1065.000000 -0.003590 0.006008 -0.000000 0.000000 7.000000 0.028000
1066.000000 -0.003590 0.006008 -0.000000 0.000000 7.000000 0.028000
1067.000000 -0.003590 0.006008 -0.000000 0.000000 7.000000 0.028000
1068.000000 -0.003590 0.006008 -0.000000 0.000000 7.000000 0.028000
1069.000000 -0.003590 0.006008 -0.000000 0.000000 7.000000 0.028000
1070.000000 -0.003590 0.006008 -0.000000 0.000000 7.000000 0.028000
1071.000000 -0.003590 0.006008 -0.000000 0.000000 7.000000 0.028000
1072.000000 -0.003590 0.006008 -0.000000 0.000000 7.000000 0.028000
1073.000000 -0.003590 0.006008 -0.000000 0.000000 7.000000 0.028000
1074.000000 -0.003590 0.006008 -0.000000 0.000000 7.000000 0.028000
1075.000000 -0.003590 0.006008 -0.000000 0.000000 7.000000 0.028000
1076.000000 -0.003590 0.006008 -0.000000 0.000000 7.000000 0.028000
1077.000000 -0.003590 0.006008 -0.000000 0.000000 7.000000 0.028000
1078.000000 -0.003590 0.006008 -0.000000 0.000000 7.000000 0.028000
1079.000000 -0.003590 0.006008 -0.000000 0.000000 7.000000 0.028000
1080.000000 -0.003590 0.006008 -0.000000 0.000000 7.000000 0.028000
1081.000000 -0.003590 0.006008 -0.000000 0.000000 7.000000 0.028000
1082.000000 -0.003590 0.006008 -0.000000 0.000000 7.000000 0.028000
1083.000000 -0.003590 0.006008 -0.000000 0.000000 7.000000 0.028000
1084.000000 -0.003590 0.006008 -0.000000 0.000000 7.000000 0.028000
1085.000000 -0.003590 0.006008 -0.000000 0.000000 7.000000 0.028000
1086.000000 -0.003590 0.006008 -0.000000 0.000000 7.000000 0.028000
1087.000000 -0.003590 0.006008 -0.000000 0.000000 7.000000 0.028000
1088.000000 -0.003590 0.006008 -0.000000 0.000000 7.000000 0.028000
1089.000000 -0.003590 0.006008 -0.000000 0.000000 7.000000 0.028000
1090.000000 -0.003590 0.006008 -0.000000 0.000000 7.000000 0.028000
1091.000000 -0.003590 0.006008 -0.000000 0.000000 7.000000 0.028000
1092.000000 -0.003590 0.006008 -0.000000 0.000000 7.000000 0.028000
1093.000000 -0.003590 0.006008 -0.000000 0.000000 7.000000 0.028000
1094.000000 -0.003590 0.006008 -0.000000 0.000000 7.000000 0.028000
1095.000000 -0.003590 0.006008 -0.000000 0.000000 7.000000 0.028000
1096.000000 -0.003590 0.006008 -0.000000 0.000000 7.000000 0.028000
1097.000000 -0.003590 0.006008 -0.000000 0.000000 7.000000 0.028000
1098.000000 -0.003590 0.006008 -0.000000 0.000000 7.000000 0.028000
1099.000000 -0.003590 0.006008 -0.000000 0.000000 7.000000 0.028000
1100.000000 -0.003590 0.006008 -0.000000 0.000000 7.000000 0.028000
1101.000000 -0.003590 0.006008 -0.000000 0.000000 7.000000 0.028000
1102.000000 -0.003590 0.006008 -0.000000 0.000000 7.000000 0.028000
1103.000000 -0.003590 0.006008 -0.000000 0.000000 7.000000 0.028000
1104.000000 -0.003590 0.006008 -0.000000 0.000000 7.000000 0.028000
1105.000000 -0.003590 0.006008 -0.000000 0.000000 7.000000 0.028000
1106.000000 -0.003590 0.006008 -0.000000 0.000000 7.000000 0.028000
1107.000000 -0.003590 0.006008 -0.000000 0.000000 7.000000 0.028000
1108.000000 -0.003590 0.006008 -0.000000 0.000000 7.000000 0.028000
1109.000000 -0.003590 0.006008 -0.000000 0.000000 7.000000 0.028000
1110.000000 -0.003590 0.006008 -0.000000 0.000000 7.000000 0.028000
1111.000000 -0.003590 0.006008 -0.000000 0.000000 7.000000 0.028000
1112.000000 -0.003590 0.006008 -0.000000 0.000000 7.000000 0.028000
1113.000000 -0.003590 0.006008 -0.000000 0.000000 7.000000 0.028000
1114.000000 -0.003590 0.006008 -0.000000 0.000000 7.000000 0.028000
1115.000000 -0.003590 0.006008 -0.000000 0.000000 7.000000 0.028000
1116.000000 -0.003590 0.006008 -0.000000 0.000000 7.000000 0.028000
1117.000000 -0.003590 0.006008 -0.000000 0.000000 7.000000 0.028000
1118.000000 -0.003590 0.006008 -0.000000 0.000000 7.000000 0.028000
1119.000000 -0.003590 0.006008 -0.000000 0.000000 7.000000 0.028000
1120.000000 -0.003590 0.006008 -0.000000 0.000000 7.000000 0.028000
1121.000000 -0.003590 0.006008 -0.000000 0.000000 7.000000 0.028000
1122.000000 -0.003590 0.006008 -0.000000 0.000000 7.000000 0.028000
1123.000000 -0.003590 0.006008 -0.000000 0.000000 7.000000 0.028000
1124.000000 -0.003590 0.006008 -0.000000 0.000000 7.000000 0.028000
1125.000000 -0.003590 0.006008 -0.000000 0.000000 7.000000 0.028000
1126.000000 -0.003590 0.006008 -0.000000 0.000000 7.000000 0.028000
1127.000000 -0.003590 0.006008 -0.000000 0.000000 7.000000 0.028000
1128.000000 -0.003590 0.006008 -0.000000 0.000000 7.000000 0.028000
1129.000000 -0.003590 0.006008 -0.000000 0.000000 7.000000 0.028000
1130.000000 -0.003590 0.006008 -0.000000 0.000000 7.000000 0.028000
1131.000000 -0.003590 0.006008 -0.000000 0.000000 7.000000 0.028000
1132.000000 -0.003590 0.006008 -0.000000 0.000000 7.000000 0.028000
1133.000000 -0.003590 0.006008 -0.000000 0.000000 7.000000 0.028000
1134.000000 -0.003590 0.006008 -0.000000 0.000000 7.000000 0.028000
1135.000000 -0.003590 0.006008 -0.000000 0.000000 7.000000 0.028000
1136.000000 -0.003590 0.006008 -0.000000 0.000000 7.000000 0.028000
1137.000000 -0.003590 0.006008 -0.000000 0.000000 7.000000 0.028000
1138.000000 -0.003590 0.006008 -0.000000 0.000000 7.000000 0.028000
1139.000000 -0.003590 0.006008 -0.000000 0.000000 7.000000 0.028000
1140.000000 -0.003590 0.006008 -0.000000 0.000000 7.000000 0.028000
1141.000000 -0.003590 0.006008 -0.000000 0.000000 7.000000 0.028000
1142.000000 -0.003590 0.006008 -0.000000 0.000000 7.000000 0.028000
1143.000000 -0.003590 0.006008 -0.000000 0.000000 7.000000 0.028000
1144.000000 -0.003590 0.006008 -0.000000 0.000000 7.000000 0.028000
1145.000000 -0.003590 0.006008 -0.000000 0.000000 7.000000 0.028000
1146.000000 -0.003590 0.006008 -0.000000 0.000000 7.000000 0.028000
1147.000000 -0.003590 0.006008 -0.000000 0.000000 7.000000 0.028000
1148.000000 -0.003590 0.006008 -0.000000 0.000000 7.000000 0.028000
1149.000000 -0.003590 0.006008 -0.000000 0.000000 7.000000 0.028000
1150.000000 -0.003590 0.006008 -0.000000 0.000000 7.000000 0.028000
1151.000000 -0.003590 0.006008 -0.000000 0.000000 7.000000 0.028000
1152.000000 -0.003590 0.006008 -0.000000 0.000000 7.000000 0.028000
1153.000000 -0.003590 0.006008 -0.000000 0.000000 7.000000 0.028000
1154.000000 -0.003590 0.006008 -0.000000 0.000000 7.000000 0.028000
1155.000000 -0.003590 0.006008 -0.000000 0.000000 7.000000 0.028000
1156.000000 -0.003590 0.006008 -0.000000 0.000000 7.000000 0.028000
1157.000000 -0.003590 0.006008 -0.000000 0.000000 7.000000 0.028000
1158.000000 -0.003590 0.006008 -0.000000 0.000000 7.000000 0.028000
1159.000000 -0.003590 0.006008 -0.000000 0.000000 7.000000 0.028000
1160.000000 -0.003590 0.006008 -0.000000 0.000000 7.000000 0.028000
1161.000000 -0.003590 0.006008 -0.000000 0.000000 7.000000 0.028000
1162.000000 -0.003590 0.006008 -0.000000 0.000000 7.000000 0.028000
1163.000000 -0.003590 0.006008 -0.000000 0.000000 7.000000 0.028000
1164.000000 -0.003590 0.006008 -0.000000 0.000000 7.000000 0.028000
1165.000000 -0.003590 0.006008 -0.000000 0.000000 7.000000 0.028000
1166.000000 -0.003590 0.006008 -0.000000 0.000000 7.000000 0.028000
1167.000000 -0.003590 0.006008 -0.000000 0.000000 7.000000 0.028000
1168.000000 -0.003590 0.006008 -0.000000 0.000000 7.000000 0.028000
1169.000000 -0.003590 0.006008 -0.000000 0.000000 7.000000 0.028000
1170.000000 -0.003590 0.006008 -0.000000 0.000000 7.000000 0.028000
1171.000000 -0.003590 0.006008 -0.000000 0.000000 7.000000 0.028000
1172.000000 -0.003590 0.006008 -0.000000 0.000000 7.000000 0.028000
1173.000000 -0.003590 0.006008 -0.000000 0.000000 7.000000 0.028000
1174.000000 -0.003590 0.006008 -0.000000 0.000000 7.000000 0.028000
1175.000000 -0.003590 0.006008 -0.000000 0.000000 7.000000 0.028000
1176.000000 -0.003590 0.006008 -0.000000 0.000000 7.000000 0.028000
1177.000000 -0.003590 0.006008 -0.000000 0.000000 7.000000 0.028000
1178.000000 -0.003590 0.006008 -0.000000 0.000000 7.000000 0.028000
1179.000000 -0.003590 0.006008 -0.000000 0.000000 7.000000 0.028000
1180.000000 -0.003590 0.006008 -0.000000 0.000000 7.000000 0.028000
1181.000000 -0.003590 0.006008 -0.000000 0.000000 7.000000 0.028000
1182.000000 -0.003590 0.006008 -0.000000 0.000000 7.000000 0.028000
1183.000000 -0.003590 0.006008 -0.000000 0.000000 7.000000 0.028000
1184.000000 -0.003590 0.006008 -0.000000 0.000000 7.000000 0.028000
1185.000000 -0.003590 0.006008 -0.000000 0.000000 7.000000 0.028000
1186.000000 -0.003590 0.006008 -0.000000 0.000000 7.000000 0.028000
1187.000000 -0.003590 0.006008 -0.000000 0.000000 7.000000 0.028000
1188.000000 -0.003590 0.006008 -0.000000 0.000000 7.000000 0.028000
1189.000000 -0.003590 0.006008 -0.000000 0.000000 7.000000 0.028000
1190.000000 -0.003590 0.006008 -0.000000 0.000000 7.000000 0.028000
1191.000000 -0.003590 0.006008 -0.000000 0.000000 7.000000 0.028000
1192.000000 -0.003590 0.006008 -0.000000 0.000000 7.000000 0.028000
1193.000000 -0.003590 0.006008 -0.000000 0.000000 7.000000 0.028000
1194.000000 -0.003590 0.006008 -0.000000 0.000000 7.000000 0.028000
1195.000000 -0.003590 0.006008 -0.000000 0.000000 7.000000 0.028000
1196.000000 -0.003590 0.006008 -0.000000 0.000000 7.000000 0.028000
1197.000000 -0.003590 0.006008 -0.000000 0.000000 7.000000 0.028000
1198.000000 -0.003590 0.006008 -0.000000 0.000000 7.000000 0.028000
1199.000000 -0.003590 0.006008 -0.000000 0.000000 7.000000 0.028000
1200.000000 -0.003590 0.006008 -0.000000 0.000000 7.000000 0.028000
1201.000000 -0.003590 0.006008 -0.000000 0.000000 7.000000 0.028000
1202.000000 -0.003590 0.006008 -0.000000 0.000000 7.000000 0.028000
1203.000000 -0.003590 0.006008 -0.000000 0.000000 7.000000 0.028000
1204.000000 -0.003590 0.006008 -0.000000 0.000000 7.000000 0.028000
1205.000000 -0.003590 0.006008 -0.000000 0.000000 7.000000 0.028000
1206.000000 -0.003590 0.006008 -0.000000 0.000000 7.000000 0.028000
1207.000000 -0.003590 0.006008 -0.000000 0.000000 7.000000 0.028000
1208.000000 -0.003590 0.006008 -0.000000 0.000000 7.000000 0.028000
1209.000000 -0.003590 0.006008 -0.000000 0.000000 7.000000 0.028000
1210.000000 -0.003590 0.006008 -0.000000 0.000000 7.000000 0.028000
1211.000000 -0.003590 0.006008 -0.000000 0.000000 7.000000 0.028000
1212.000000 -0.003590 0.006008 -0.000000 0.000000 7.000000 0.028000
1213.000000 -0.003590 0.006008 -0.000000 0.000000 7.000000 0.028000
1214.000000 -0.003590 0.006008 -0.000000 0.000000 7.000000 0.028000
1215.000000 -0.003590 0.006008 -0.000000 0.000000 7.000000 0.028000
1216.000000 -0.003590 0.006008 -0.000000 0.000000 7.000000 0.028000
1217.000000 -0.003590 0.006008 -0.000000 0.000000 7.000000 0.028000
1218.000000 -0.003590 0.006008 -0.000000 0.000000 7.000000 0.028000
1219.000000 -0.003590 0.006008 -0.000000 0.000000 7.000000 0.028000
1220.000000 -0.003590 0.006008 -0.000000 0.000000 7.000000 0.028000
1221.000000 -0.003590 0.006008 -0.000000 0.000000 7.000000 0.028000
1222.000000 -0.003590 0.006008 -0.000000 0.000000 7.000000 0.028000
1223.000000 -0.003590 0.006008 -0.000000 0.000000 7.000000 0.028000
1224.000000 -0.003590 0.006008 -0.000000 0.000000 7.000000 0.028000
1225.000000 -0.003590 0.006008 -0.000000 0.000000 7.000000 0.028000
1226.000000 -0.003590 0.006008 -0.000000 0.000000 7.000000 0.028000
1227.000000 -0.003590 0.006008 -0.000000 0.000000 7.000000 0.028000
1228.000000 -0.003590 0.006008 -0.000000 0.000000 7.000000 0.028000
1229.000000 -0.003590 0.006008 -0.000000 0.000000 7.000000 0.028000
1230.000000 -0.003590 0.006008 -0.000000 0.000000 7.000000 0.028000
1231.000000 -0.003590 0.006008 -0.000000 0.000000 7.000000 0.028000
1232.000000 -0.003590 0.006008 -0.000000 0.000000 7.000000 0.028000
1233.000000 -0.003590 0.006008 -0.000000 0.000000 7.000000 0.028000
1234.000000 -0.003590 0.006008 -0.000000 0.000000 7.000000 0.028000
1235.000000 -0.003590 0.006008 -0.000000 0.000000 7.000000 0.028000
1236.000000 -0.003590 0.006008 -0.000000 0.000000 7.000000 0.028000
1237.000000 -0.003590 0.006008 -0.000000 0.000000 7.000000 0.028000
1238.000000 -0.003590 0.006008 -0.000000 0.000000 7.000000 0.028000
1239.000000 -0.003590 0.006008 -0.000000 0.000000 7.000000 0.028000
1240.000000 -0.003590 0.006008 -0.000000 0.000000 7.000000 0.028000
1241.000000 -0.003590 0.006008 -0.000000 0.000000 7.000000 0.028000
1242.000000 -0.003590 0.006008 -0.000000 0.000000 7.000000 0.028000
1243.000000 -0.003590 0.006008 -0.000000 0.000000 7.000000 0.028000
1244.000000 -0.003590 0.006008 -0.000000 0.000000 7.000000 0.028000
1245.000000 -0.003590 0.006008 -0.000000 0.000000 7.000000 0.028000
1246.000000 -0.003590 0.006008 -0.000000 0.000000 7.000000 0.028000
1247.000000 -0.003590 0.006008 -0.000000 0.000000 7.000000 0.028000
1248.000000 -0.003590 0.006008 -0.000000 0.000000 7.000000 0.028000
1249.000000 -0.003590 0.006008 -0.000000 0.000000 7.000000 0.028000
1250.000000 -0.003590 0.006008 -0.000000 0.000000 7.000000 0.028000
1251.000000 -0.003590 0.006008 -0.000000 0.000000 7.000000 0.028000
1252.000000 -0.003590 0.006008 -0.000000 0.000000 7.000000 0.028000
1253.000000 -0.003590 0.006008 -0.000000 0.000000 7.000000 0.028000
1254.000000 -0.003590 0.006008 -0.000000 0.000000 7.000000 0.028000
1255.000000 -0.003590 0.006008 -0.000000 0.000000 7.000000 0.028000
1256.000000 -0.003590 0.006008 -0.000000 0.000000 7.000000 0.028000
1257.000000 -0.003590 0.006008 -0.000000 0.000000 7.000000 0.028000
1258.000000 -0.003590 0.006008 -0.000000 0.000000 7.000000 0.028000
1259.000000 -0.003590 0.006008 -0.000000 0.000000 7.000000 0.028000
1260.000000 -0.003590 0.006008 -0.000000 0.000000 7.000000 0.028000
1261.000000 -0.003590 0.006008 -0.000000 0.000000 7.000000 0.028000
1262.000000 -0.003590 0.006008 -0.000000 0.000000 7.000000 0.028000
1263.000000 -0.003590 0.006008 -0.000000 0.000000 7.000000 0.028000
1264.000000 -0.003590 0.006008 -0.000000 0.000000 7.000000 0.028000
1265.000000 -0.003590 0.006008 -0.000000 0.000000 7.000000 0.028000
1266.000000 -0.003590 0.006008 -0.000000 0.000000 7.000000 0.028000
1267.000000 -0.003590 0.006008 -0.000000 0.000000 7.000000 0.028000
1268.000000 -0.003590 0.006008 -0.000000 0.000000 7.000000 0.028000
1269.000000 -0.003590 0.006008 -0.000000 0.000000 7.000000 0.028000
1270.000000 -0.003590 0.006008 -0.000000 0.000000 7.000000 0.028000
1271.000000 -0.003590 0.006008 -0.000000 0.000000 7.000000 0.028000
1272.000000 -0.003590 0.006008 -0.000000 0.000000 7.000000 0.028000
1273.000000 -0.003590 0.006008 -0.000000 0.000000 7.000000 0.028000
1274.000000 -0.003590 0.006008 -0.000000 0.000000 7.000000 0.028000
1275.000000 -0.003590 0.006008 -0.000000 0.000000 7.000000 0.028000
1276.000000 -0.003590 0.006008 -0.000000 0.000000 7.000000 0.028000
1277.000000 -0.003590 0.006008 -0.000000 0.000000 7.000000 0.028000
1278.000000 -0.003590 0.006008 -0.000000 0.000000 7.000000 0.028000
1279.000000 -0.003590 0.006008 -0.000000 0.000000 7.000000 0.028000
1280.000000 -0.003590 0.006008 -0.000000 0.000000 7.000000 0.028000
1281.000000 -0.003590 0.006008 -0.000000 0.000000 7.000000 0.028000
1282.000000 -0.003590 0.006008 -0.000000 0.000000 7.000000 0.028000
1283.000000 -0.003590 0.006008 -0.000000 0.000000 7.000000 0.028000
1284.000000 -0.003590 0.006008 -0.000000 0.000000 7.000000 0.028000
1285.000000 -0.003590 0.006008 -0.000000 0.000000 7.000000 0.028000
1286.000000 -0.003590 0.006008 -0.000000 0.000000 7.000000 0.028000
1287.000000 -0.003590 0.006008 -0.000000 0.000000 7.000000 0.028000
1288.000000 -0.003590 0.006008 -0.000000 0.000000 7.000000 0.028000
1289.000000 -0.003590 0.006008 -0.000000 0.000000 7.000000 0.028000
1290.000000 -0.003590 0.006008 -0.000000 0.000000 7.000000 0.028000
1291.000000 -0.003590 0.006008 -0.000000 0.000000 7.000000 0.028000
1292.000000 -0.003590 0.006008 -0.000000 0.000000 7.000000 0.028000
1293.000000 -0.003590 0.006008 -0.000000 0.000000 7.000000 0.028000
1294.000000 -0.003590 0.006008 -0.000000 0.000000 7.000000 0.028000
1295.000000 -0.003590 0.006008 -0.000000 0.000000 7.000000 0.028000
1296.000000 -0.003590 0.006008 -0.000000 0.000000 7.000000 0.028000
1297.000000 -0.003590 0.006008 -0.000000 0.000000 7.000000 0.028000
1298.000000 -0.003590 0.006008 -0.000000 0.000000 7.000000 0.028000
1299.000000 -0.003590 0.006008 -0.000000 0.000000 7.000000 0.028000
1300.000000 -0.003590 0.006008 -0.000000 0.000000 7.000000 0.028000
1301.000000 -0.003590 0.006008 -0.000000 0.000000 7.000000 0.028000
1302.000000 -0.003590 0.006008 -0.000000 0.000000 7.000000 0.028000
1303.000000 -0.003590 0.006008 -0.000000 0.000000 7.000000 0.028000
1304.000000 -0.003590 0.006008 -0.000000 0.000000 7.000000 0.028000
1305.000000 -0.003590 0.006008 -0.000000 0.000000 7.000000 0.028000
1306.000000 -0.003590 0.006008 -0.000000 0.000000 7.000000 0.028000
1307.000000 -0.003590 0.006008 -0.000000 0.000000 7.000000 0.028000
1308.000000 -0.003590 0.006008 -0.000000 0.000000 7.000000 0.028000
1309.000000 -0.003590 0.006008 -0.000000 0.000000 7.000000 0.028000
1310.000000 -0.003590 0.006008 -0.000000 0.000000 7.000000 0.028000
1311.000000 -0.003590 0.006008 -0.000000 0.000000 7.000000 0.028000
1312.000000 -0.003590 0.006008 -0.000000 0.000000 7.000000 0.028000
1313.000000 -0.003590 0.006008 -0.000000 0.000000 7.000000 0.028000
1314.000000 -0.003590 0.006008 -0.000000 0.000000 7.000000 0.028000
1315.000000 -0.003590 0.006008 -0.000000 0.000000 7.000000 0.028000
1316.000000 -0.003590 0.006008 -0.000000 0.000000 7.000000 0.028000
1317.000000 -0.003590 0.006008 -0.000000 0.000000 7.000000 0.028000
1318.000000 -0.003590 0.006008 -0.000000 0.000000 7.000000 0.028000
1319.000000 -0.003590 0.006008 -0.000000 0.000000 7.000000 0.028000
1320.000000 -0.003590 0.006008 -0.000000 0.000000 7.000000 0.028000
1321.000000 -0.003590 0.006008 -0.000000 0.000000 7.000000 0.028000
1322.000000 -0.003590 0.006008 -0.000000 0.000000 7.000000 0.028000
1323.000000 -0.003590 0.006008 -0.000000 0.000000 7.000000 0.028000
1324.000000 -0.003590 0.006008 -0.000000 0.000000 7.000000 0.028000
1325.000000 -0.003590 0.006008 -0.000000 0.000000 7.000000 0.028000
1326.000000 -0.003590 0.006008 -0.000000 0.000000 7.000000 0.028000
1327.000000 -0.003590 0.006008 -0.000000 0.000000 7.000000 0.028000
1328.000000 -0.003590 0.006008 -0.000000 0.000000 7.000000 0.028000
1329.000000 -0.003590 0.006008 -0.000000 0.000000 7.000000 0.028000
1330.000000 -0.003590 0.006008 -0.000000 0.000000 7.000000 0.028000
1331.000000 -0.003590 0.006008 -0.000000 0.000000 7.000000 0.028000
1332.000000 -0.003590 0.006008 -0.000000 0.000000 7.000000 0.028000
1333.000000 -0.003590 0.006008 -0.000000 0.000000 7.000000 0.028000
1334.000000 -0.003590 0.006008 -0.000000 0.000000 7.000000 0.028000
1335.000000 -0.003590 0.006008 -0.000000 0.000000 7.000000 0.028000
1336.000000 -0.003590 0.006008 -0.000000 0.000000 7.000000 0.028000
1337.000000 -0.003590 0.006008 -0.000000 0.000000 7.000000 0.028000
1338.000000 -0.003590 0.006008 -0.000000 0.000000 7.000000 0.028000
1339.000000 -0.003590 0.006008 -0.000000 0.000000 7.000000 0.028000
1340.000000 -0.003590 0.006008 -0.000000 0.000000 7.000000 0.028000
1341.000000 -0.003590 0.006008 -0.000000 0.000000 7.000000 0.028000
1342.000000 -0.003590 0.006008 -0.000000 0.000000 7.000000 0.028000
1343.000000 -0.003590 0.006008 -0.000000 0.000000 7.000000 0.028000
1344.000000 -0.003590 0.006008 -0.000000 0.000000 7.000000 0.028000
1345.000000 -0.003590 0.006008 -0.000000 0.000000 7.000000 0.028000
1346.000000 -0.003590 0.006008 -0.000000 0.000000 7.000000 0.028000
1347.000000 -0.003590 0.006008 -0.000000 0.000000 7.000000 0.028000
1348.000000 -0.003590 0.006008 -0.000000 0.000000 7.000000 0.028000
1349.000000 -0.003590 0.006008 -0.000000 0.000000 7.000000 0.028000
1350.000000 -0.003590 0.006008 -0.000000 0.000000 7.000000 0.028000
1351.000000 -0.003590 0.006008 -0.000000 0.000000 7.000000 0.028000
1352.000000 -0.003590 0.006008 -0.000000 0.000000 7.000000 0.028000
1353.000000 -0.003590 0.006008 -0.000000 0.000000 7.000000 0.028000
1354.000000 -0.003590 0.006008 -0.000000 0.000000 7.000000 0.028000
1355.000000 -0.003590 0.006008 -0.000000 0.000000 7.000000 0.028000
1356.000000 -0.003590 0.006008 -0.000000 0.000000 7.000000 0.028000
1357.000000 -0.003590 0.006008 -0.000000 0.000000 7.000000 0.028000
1358.000000 -0.003590 0.006008 -0.000000 0.000000 7.000000 0.028000
1359.000000 -0.003590 0.006008 -0.000000 0.000000 7.000000 0.028000
1360.000000 -0.003590 0.006008 -0.000000 0.000000 7.000000 0.028000
1361.000000 -0.003590 0.006008 -0.000000 0.000000 7.000000 0.028000
1362.000000 -0.003590 0.006008 -0.000000 0.000000 7.000000 0.028000
1363.000000 -0.003590 0.006008 -0.000000 0.000000 7.000000 0.028000
1364.000000 -0.003590 0.006008 -0.000000 0.000000 7.000000 0.028000
1365.000000 -0.003590 0.006008 -0.000000 0.000000 7.000000 0.028000
1366.000000 -0.003590 0.006008 -0.000000 0.000000 7.000000 0.028000
1367.000000 -0.003590 0.006008 -0.000000 0.000000 7.000000 0.028000
1368.000000 -0.003590 0.006008 -0.000000 0.000000 7.000000 0.028000
1369.000000 -0.003590 0.006008 -0.000000 0.000000 7.000000 0.028000
1370.000000 -0.003590 0.006008 -0.000000 0.000000 7.000000 0.028000
1371.000000 -0.003590 0.006008 -0.000000 0.000000 7.000000 0.028000
1372.000000 -0.003590 0.006008 -0.000000 0.000000 7.000000 0.028000
1373.000000 -0.003590 0.006008 -0.000000 0.000000 7.000000 0.028000
1374.000000 -0.003590 0.006008 -0.000000 0.000000 7.000000 0.028000
1375.000000 -0.003590 0.006008 -0.000000 0.000000 7.000000 0.028000
1376.000000 -0.003590 0.006008 -0.000000 0.000000 7.000000 0.028000
1377.000000 -0.003590 0.006008 -0.000000 0.000000 7.000000 0.028000
1378.000000 -0.003590 0.006008 -0.000000 0.000000 7.000000 0.028000
1379.000000 -0.003590 0.006008 -0.000000 0.000000 7.000000 0.028000
1380.000000 -0.003590 0.006008 -0.000000 0.000000 7.000000 0.028000
1381.000000 -0.003590 0.006008 -0.000000 0.000000 7.000000 0.028000
1382.000000 -0.003590 0.006008 -0.000000 0.000000 7.000000 0.028000
1383.000000 -0.003590 0.006008 -0.000000 0.000000 7.000000 0.028000
1384.000000 -0.003590 0.006008 -0.000000 0.000000 7.000000 0.028000
1385.000000 -0.003590 0.006008 -0.000000 0.000000 7.000000 0.028000
1386.000000 -0.003590 0.006008 -0.000000 0.000000 7.000000 0.028000
1387.000000 -0.003590 0.006008 -0.000000 0.000000 7.000000 0.028000
1388.000000 -0.003590 0.006008 -0.000000 0.000000 7.000000 0.028000
1389.000000 -0.003590 0.006008 -0.000000 0.000000 7.000000 0.028000
1390.000000 -0.003590 0.006008 -0.000000 0.000000 7.000000 0.028000
1391.000000 -0.003590 0.006008 -0.000000 0.000000 7.000000 0.028000
1392.000000 -0.003590 0.006008 -0.000000 0.000000 7.000000 0.028000
1393.000000 -0.003590 0.006008 -0.000000 0.000000 7.000000 0.028000
1394.000000 -0.003590 0.006008 -0.000000 0.000000 7.000000 0.028000
1395.000000 -0.003590 0.006008 -0.000000 0.000000 7.000000 0.028000
1396.000000 -0.003590 0.006008 -0.000000 0.000000 7.000000 0.028000
1397.000000 -0.003590 0.006008 -0.000000 0.000000 7.000000 0.028000
1398.000000 -0.003590 0.006008 -0.000000 0.000000 7.000000 0.028000
1399.000000 -0.003590 0.006008 -0.000000 0.000000 7.000000 0.028000
1400.000000 -0.003590 0.006008 -0.000000 0.000000 7.000000 0.028000
1401.000000 -0.003590 0.006008 -0.000000 0.000000 7.000000 0.028000
1402.000000 -0.003590 0.006008 -0.000000 0.000000 7.000000 0.028000
1403.000000 -0.003590 0.006008 -0.000000 0.000000 7.000000 0.028000
1404.000000 -0.003590 0.006008 -0.000000 0.000000 7.000000 0.028000
1405.000000 -0.003590 0.006008 -0.000000 0.000000 7.000000 0.028000
1406.000000 -0.003590 0.006008 -0.000000 0.000000 7.000000 0.028000
1407.000000 -0.003590 0.006008 -0.000000 0.000000 7.000000 0.028000
1408.000000 -0.003590 0.006008 -0.000000 0.000000 7.000000 0.028000
1409.000000 -0.003590 0.006008 -0.000000 0.000000 7.000000 0.028000
1410.000000 -0.003590 0.006008 -0.000000 0.000000 7.000000 0.028000
1411.000000 -0.003590 0.006008 -0.000000 0.000000 7.000000 0.028000
1412.000000 -0.003590 0.006008 -0.000000 0.000000 7.000000 0.028000
1413.000000 -0.003590 0.006008 -0.000000 0.000000 7.000000 0.028000
1414.000000 -0.003590 0.006008 -0.000000 0.000000 7.000000 0.028000
1415.000000 -0.003590 0.006008 -0.000000 0.000000 7.000000 0.028000
1416.000000 -0.003590 0.006008 -0.000000 0.000000 7.000000 0.028000
1417.000000 -0.003590 0.006008 -0.000000 0.000000 7.000000 0.028000
1418.000000 -0.003590 0.006008 -0.000000 0.000000 7.000000 0.028000
1419.000000 -0.003590 0.006008 -0.000000 0.000000 7.000000 0.028000
1420.000000 -0.003590 0.006008 -0.000000 0.000000 7.000000 0.028000
1421.000000 -0.003590 0.006008 -0.000000 0.000000 7.000000 0.028000
1422.000000 -0.003590 0.006008 -0.000000 0.000000 7.000000 0.028000
1423.000000 -0.003590 0.006008 -0.000000 0.000000 7.000000 0.028000
1424.000000 -0.003590 0.006008 -0.000000 0.000000 7.000000 0.028000
1425.000000 -0.003590 0.006008 -0.000000 0.000000 7.000000 0.028000
1426.000000 -0.003590 0.006008 -0.000000 0.000000 7.000000 0.028000
1427.000000 -0.003590 0.006008 -0.000000 0.000000 7.000000 0.028000
1428.000000 -0.003590 0.006008 -0.000000 0.000000 7.000000 0.028000
1429.000000 -0.003590 0.006008 -0.000000 0.000000 7.000000 0.028000
1430.000000 -0.003590 0.006008 -0.000000 0.000000 7.000000 0.028000
1431.000000 -0.003590 0.006008 -0.000000 0.000000 7.000000 0.028000
1432.000000 -0.003590 0.006008 -0.000000 0.000000 7.000000 0.028000
1433.000000 -0.003590 0.006008 -0.000000 0.000000 7.000000 0.028000
1434.000000 -0.003590 0.006008 -0.000000 0.000000 7.000000 0.028000
1435.000000 -0.003590 0.006008 -0.000000 0.000000 7.000000 0.028000
1436.000000 -0.003590 0.006008 -0.000000 0.000000 7.000000 0.028000
1437.000000 -0.003590 0.006008 -0.000000 0.000000 7.000000 0.028000
1438.000000 -0.003590 0.006008 -0.000000 0.000000 7.000000 0.028000
1439.000000 -0.003590 0.006008 -0.000000 0.000000 7.000000 0.028000
1440.000000 -0.003590 0.006008 -0.000000 0.000000 7.000000 0.028000
1441.000000 -0.003590 0.006008 -0.000000 0.000000 7.000000 0.028000
1442.000000 -0.003590 0.006008 -0.000000 0.000000 7.000000 0.028000
1443.000000 -0.003590 0.006008 -0.000000 0.000000 7.000000 0.028000
1444.000000 -0.003590 0.006008 -0.000000 0.000000 7.000000 0.028000
1445.000000 -0.003590 0.006008 -0.000000 0.000000 7.000000 0.028000
1446.000000 -0.003590 0.006008 -0.000000 0.000000 7.000000 0.028000
1447.000000 -0.003590 0.006008 -0.000000 0.000000 7.000000 0.028000
1448.000000 -0.003590 0.006008 -0.000000 0.000000 7.000000 0.028000
1449.000000 -0.003590 0.006008 -0.000000 0.000000 7.000000 0.028000
1450.000000 -0.003590 0.006008 -0.000000 0.000000 7.000000 0.028000
1451.000000 -0.003590 0.006008 -0.000000 0.000000 7.000000 0.028000
1452.000000 -0.003590 0.006008 -0.000000 0.000000 7.000000 0.028000
1453.000000 -0.003590 0.006008 -0.000000 0.000000 7.000000 0.028000
1454.000000 -0.003590 0.006008 -0.000000 0.000000 7.000000 0.028000
1455.000000 -0.003590 0.006008 -0.000000 0.000000 7.000000 0.028000
1456.000000 -0.003590 0.006008 -0.000000 0.000000 7.000000 0.028000
1457.000000 -0.003590 0.006008 -0.000000 0.000000 7.000000 0.028000
1458.000000 -0.003590 0.006008 -0.000000 0.000000 7.000000 0.028000
1459.000000 -0.003590 0.006008 -0.000000 0.000000 7.000000 0.028000
1460.000000 -0.003590 0.006008 -0.000000 0.000000 7.000000 0.028000
1461.000000 -0.003590 0.006008 -0.000000 0.000000 7.000000 0.028000
1462.000000 -0.003590 0.006008 -0.000000 0.000000 7.000000 0.028000
1463.000000 -0.003590 0.006008 -0.000000 0.000000 7.000000 0.028000
1464.000000 -0.003590 0.006008 -0.000000 0.000000 7.000000 0.028000
1465.000000 -0.003590 0.006008 -0.000000 0.000000 7.000000 0.028000
1466.000000 -0.003590 0.006008 -0.000000 0.000000 7.000000 0.028000
1467.000000 -0.003590 0.006008 -0.000000 0.000000 7.000000 0.028000
1468.000000 -0.003590 0.006008 -0.000000 0.000000 7.000000 0.028000
1469.000000 -0.003590 0.006008 -0.000000 0.000000 7.000000 0.028000
1470.000000 -0.003590 0.006008 -0.000000 0.000000 7.000000 0.028000
1471.000000 -0.003590 0.006008 -0.000000 0.000000 7.000000 0.028000
1472.000000 -0.003590 0.006008 -0.000000 0.000000 7.000000 0.028000
1473.000000 -0.003590 0.006008 -0.000000 0.000000 7.000000 0.028000
1474.000000 -0.003590 0.006008 -0.000000 0.000000 7.000000 0.028000
1475.000000 -0.003590 0.006008 -0.000000 0.000000 7.000000 0.028000
1476.000000 -0.003590 0.006008 -0.000000 0.000000 7.000000 0.028000
1477.000000 -0.003590 0.006008 -0.000000 0.000000 7.000000 0.028000
1478.000000 -0.003590 0.006008 -0.000000 0.000000 7.000000 0.028000
1479.000000 -0.003590 0.006008 -0.000000 0.000000 7.000000 0.028000
1480.000000 -0.003590 0.006008 -0.000000 0.000000 7.000000 0.028000
1481.000000 -0.003590 0.006008 -0.000000 0.000000 7.000000 0.028000
1482.000000 -0.003590 0.006008 -0.000000 0.000000 7.000000 0.028000
1483.000000 -0.003590 0.006008 -0.000000 0.000000 7.000000 0.028000
1484.000000 -0.003590 0.006008 -0.000000 0.000000 7.000000 0.028000
1485.000000 -0.003590 0.006008 -0.000000 0.000000 7.000000 0.028000
1486.000000 -0.003590 0.006008 -0.000000 0.000000 7.000000 0.028000
1487.000000 -0.003590 0.006008 -0.000000 0.000000 7.000000 0.028000
1488.000000 -0.003590 0.006008 -0.000000 0.000000 7.000000 0.028000
1489.000000 -0.003590 0.006008 -0.000000 0.000000 7.000000 0.028000
1490.000000 -0.003590 0.006008 -0.000000 0.000000 7.000000 0.028000
1491.000000 -0.003590 0.006008 -0.000000 0.000000 7.000000 0.028000
1492.000000 -0.003590 0.006008 -0.000000 0.000000 7.000000 0.028000
1493.000000 -0.003590 0.006008 -0.000000 0.000000 7.000000 0.028000
1494.000000 -0.003590 0.006008 -0.000000 0.000000 7.000000 0.028000
1495.000000 -0.003590 0.006008 -0.000000 0.000000 7.000000 0.028000
1496.000000 -0.003590 0.006008 -0.000000 0.000000 7.000000 0.028000
1497.000000 -0.003590 0.006008 -0.000000 0.000000 7.000000 0.028000
1498.000000 -0.003590 0.006008 -0.000000 0.000000 7.000000 0.028000
1499.000000 -0.003590 0.006008 -0.000000 0.000000 7.000000 0.028000
1500.000000 -0.003590 0.006008 -0.000000 0.000000 7.000000 0.028000
1501.000000 -0.003590 0.006008 -0.000000 0.000000 7.000000 0.028000
1502.000000 -0.003590 0.006008 -0.000000 0.000000 7.000000 0.028000
1503.000000 -0.003590 0.006008 -0.000000 0.000000 7.000000 0.028000
1504.000000 -0.003590 0.006008 -0.000000 0.000000 7.000000 0.028000
1505.000000 -0.003590 0.006008 -0.000000 0.000000 7.000000 0.028000
1506.000000 -0.003590 0.006008 -0.000000 0.000000 7.000000 0.028000
