# imt log
s logheadsize 000243
s logcolumns 7
s logname /home/testac/lgames/fitts/20180725_Wed/Player_112813_active.dat
s logversion 2.0
s logdate "Wed Jul 25 11:28:13 EDT 2018"
s logidate 1532532493

# begin user data

# end user data

#####
803.000000 -0.017558 -0.059676 0.000000 -0.000000 0.000000 0.000000
804.000000 -0.017558 -0.059676 0.000000 -0.000000 0.000000 0.000000
805.000000 -0.017558 -0.059676 0.000000 -0.000000 0.000000 0.000000
806.000000 -0.017558 -0.059676 0.000000 -0.000000 7.000000 0.039000
807.000000 -0.017558 -0.059676 0.000000 -0.000000 7.000000 0.039000
808.000000 -0.017558 -0.059676 0.000000 -0.000000 7.000000 0.039000
809.000000 -0.017558 -0.059676 0.000000 -0.000000 7.000000 0.039000
810.000000 -0.017558 -0.059676 0.000000 -0.000000 7.000000 0.039000
811.000000 -0.017558 -0.059676 0.000000 -0.000000 7.000000 0.039000
812.000000 -0.017558 -0.059676 0.000000 -0.000000 7.000000 0.039000
813.000000 -0.017558 -0.059676 0.000000 -0.000000 7.000000 0.039000
814.000000 -0.017558 -0.059676 0.000000 -0.000000 7.000000 0.039000
815.000000 -0.017558 -0.059676 0.000000 -0.000000 7.000000 0.039000
816.000000 -0.017558 -0.059676 0.000000 -0.000000 7.000000 0.039000
817.000000 -0.017558 -0.059676 0.000000 -0.000000 7.000000 0.039000
818.000000 -0.017558 -0.059676 0.000000 -0.000000 7.000000 0.039000
819.000000 -0.017558 -0.059676 0.000000 -0.000000 7.000000 0.039000
820.000000 -0.017558 -0.059676 0.000000 -0.000000 7.000000 0.039000
821.000000 -0.017558 -0.059676 0.000000 -0.000000 7.000000 0.039000
822.000000 -0.017558 -0.059676 0.000000 -0.000000 7.000000 0.039000
823.000000 -0.017558 -0.059676 0.000000 -0.000000 7.000000 0.039000
824.000000 -0.017558 -0.059676 0.000000 -0.000000 7.000000 0.039000
825.000000 -0.017558 -0.059676 0.000000 -0.000000 7.000000 0.039000
826.000000 -0.017558 -0.059676 0.000000 -0.000000 7.000000 0.039000
827.000000 -0.017558 -0.059676 0.000000 -0.000000 7.000000 0.039000
828.000000 -0.017558 -0.059676 0.000000 -0.000000 7.000000 0.039000
829.000000 -0.017558 -0.059676 0.000000 -0.000000 7.000000 0.039000
830.000000 -0.017558 -0.059676 0.000000 -0.000000 7.000000 0.039000
831.000000 -0.017558 -0.059676 0.000000 -0.000000 7.000000 0.039000
832.000000 -0.017558 -0.059676 0.000000 -0.000000 7.000000 0.039000
833.000000 -0.017558 -0.059676 0.000000 -0.000000 7.000000 0.039000
834.000000 -0.017558 -0.059676 0.000000 -0.000000 7.000000 0.039000
835.000000 -0.017558 -0.059676 0.000000 -0.000000 7.000000 0.039000
836.000000 -0.017558 -0.059676 0.000000 -0.000000 7.000000 0.039000
837.000000 -0.017558 -0.059676 0.000000 -0.000000 7.000000 0.039000
838.000000 -0.017558 -0.059676 0.000000 -0.000000 7.000000 0.039000
839.000000 -0.017518 -0.059712 0.001967 -0.001768 7.000000 0.039000
840.000000 -0.017518 -0.059712 0.002969 -0.002669 7.000000 0.039000
841.000000 -0.017518 -0.059712 0.001512 -0.001360 7.000000 0.039000
842.000000 -0.017518 -0.059712 0.000771 -0.000693 7.000000 0.039000
843.000000 -0.017518 -0.059712 0.000393 -0.000353 7.000000 0.039000
844.000000 -0.017518 -0.059712 0.000200 -0.000180 7.000000 0.039000
845.000000 -0.017518 -0.059712 0.000102 -0.000092 7.000000 0.039000
846.000000 -0.017518 -0.059712 0.000052 -0.000047 7.000000 0.039000
847.000000 -0.017518 -0.059712 0.000026 -0.000024 7.000000 0.039000
848.000000 -0.017518 -0.059712 0.000013 -0.000012 7.000000 0.039000
849.000000 -0.017518 -0.059712 0.000007 -0.000006 7.000000 0.039000
850.000000 -0.017518 -0.059712 0.000003 -0.000003 7.000000 0.039000
851.000000 -0.017518 -0.059712 0.000002 -0.000002 7.000000 0.039000
852.000000 -0.017518 -0.059712 0.000001 -0.000001 7.000000 0.039000
853.000000 -0.017518 -0.059712 0.000000 -0.000000 7.000000 0.039000
854.000000 -0.017518 -0.059712 0.000000 -0.000000 7.000000 0.039000
855.000000 -0.017518 -0.059712 0.000000 -0.000000 7.000000 0.039000
856.000000 -0.017518 -0.059712 0.000000 -0.000000 7.000000 0.039000
857.000000 -0.017518 -0.059712 0.000000 -0.000000 7.000000 0.039000
858.000000 -0.017518 -0.059712 0.000000 -0.000000 7.000000 0.039000
859.000000 -0.017518 -0.059712 0.000000 -0.000000 7.000000 0.039000
860.000000 -0.017518 -0.059712 0.000000 -0.000000 7.000000 0.039000
861.000000 -0.017518 -0.059712 0.000000 -0.000000 7.000000 0.039000
862.000000 -0.017518 -0.059712 0.000000 -0.000000 7.000000 0.039000
863.000000 -0.017518 -0.059712 0.000000 -0.000000 7.000000 0.039000
864.000000 -0.017518 -0.059712 0.000000 -0.000000 7.000000 0.039000
865.000000 -0.017518 -0.059712 0.000000 -0.000000 7.000000 0.039000
866.000000 -0.017518 -0.059712 0.000000 -0.000000 7.000000 0.039000
867.000000 -0.017518 -0.059712 0.000000 -0.000000 7.000000 0.039000
868.000000 -0.017518 -0.059712 0.000000 -0.000000 7.000000 0.039000
869.000000 -0.017518 -0.059712 0.000000 -0.000000 7.000000 0.039000
870.000000 -0.017518 -0.059712 0.000000 -0.000000 7.000000 0.039000
871.000000 -0.017518 -0.059712 0.000000 -0.000000 7.000000 0.039000
872.000000 -0.017518 -0.059712 0.000000 -0.000000 7.000000 0.039000
873.000000 -0.017518 -0.059712 0.000000 -0.000000 7.000000 0.039000
874.000000 -0.017518 -0.059712 0.000000 -0.000000 7.000000 0.039000
875.000000 -0.017518 -0.059712 0.000000 -0.000000 7.000000 0.039000
876.000000 -0.017518 -0.059712 0.000000 -0.000000 7.000000 0.039000
877.000000 -0.017518 -0.059712 0.000000 -0.000000 7.000000 0.039000
878.000000 -0.017518 -0.059712 0.000000 -0.000000 7.000000 0.039000
879.000000 -0.017518 -0.059712 0.000000 -0.000000 7.000000 0.039000
880.000000 -0.017518 -0.059712 0.000000 -0.000000 7.000000 0.039000
881.000000 -0.017518 -0.059712 0.000000 -0.000000 7.000000 0.039000
882.000000 -0.017518 -0.059712 0.000000 -0.000000 7.000000 0.039000
883.000000 -0.017518 -0.059712 0.000000 -0.000000 7.000000 0.039000
884.000000 -0.017518 -0.059712 0.000000 -0.000000 7.000000 0.039000
885.000000 -0.017518 -0.059712 0.000000 -0.000000 7.000000 0.039000
886.000000 -0.017518 -0.059712 0.000000 -0.000000 7.000000 0.039000
887.000000 -0.017518 -0.059712 0.000000 -0.000000 7.000000 0.039000
888.000000 -0.017518 -0.059712 0.000000 -0.000000 7.000000 0.039000
889.000000 -0.017518 -0.059712 0.000000 -0.000000 7.000000 0.039000
890.000000 -0.017518 -0.059712 0.000000 -0.000000 7.000000 0.039000
891.000000 -0.017518 -0.059712 0.000000 -0.000000 7.000000 0.039000
892.000000 -0.017518 -0.059712 0.000000 -0.000000 7.000000 0.039000
893.000000 -0.017518 -0.059712 0.000000 -0.000000 7.000000 0.039000
894.000000 -0.017518 -0.059712 0.000000 -0.000000 7.000000 0.039000
895.000000 -0.017518 -0.059712 0.000000 -0.000000 7.000000 0.039000
896.000000 -0.017518 -0.059712 0.000000 -0.000000 7.000000 0.039000
897.000000 -0.017518 -0.059712 0.000000 -0.000000 7.000000 0.039000
898.000000 -0.017518 -0.059712 0.000000 -0.000000 7.000000 0.039000
899.000000 -0.017518 -0.059712 0.000000 -0.000000 7.000000 0.039000
900.000000 -0.017518 -0.059712 0.000000 -0.000000 7.000000 0.039000
901.000000 -0.017518 -0.059712 0.000000 -0.000000 7.000000 0.039000
902.000000 -0.017518 -0.059712 0.000000 -0.000000 7.000000 0.039000
903.000000 -0.017518 -0.059712 0.000000 -0.000000 7.000000 0.039000
904.000000 -0.017518 -0.059712 0.000000 -0.000000 7.000000 0.039000
905.000000 -0.017518 -0.059712 0.000000 -0.000000 7.000000 0.039000
906.000000 -0.017518 -0.059712 0.000000 -0.000000 7.000000 0.039000
907.000000 -0.017518 -0.059712 0.000000 -0.000000 7.000000 0.039000
908.000000 -0.017518 -0.059712 0.000000 -0.000000 7.000000 0.039000
909.000000 -0.017518 -0.059712 0.000000 -0.000000 7.000000 0.039000
910.000000 -0.017518 -0.059712 0.000000 -0.000000 7.000000 0.039000
911.000000 -0.017518 -0.059712 0.000000 -0.000000 7.000000 0.039000
912.000000 -0.017518 -0.059712 0.000000 -0.000000 7.000000 0.039000
913.000000 -0.017518 -0.059712 0.000000 -0.000000 7.000000 0.039000
914.000000 -0.017518 -0.059712 0.000000 -0.000000 7.000000 0.039000
915.000000 -0.017518 -0.059712 0.000000 -0.000000 7.000000 0.039000
916.000000 -0.017518 -0.059712 0.000000 -0.000000 7.000000 0.039000
917.000000 -0.017518 -0.059712 0.000000 -0.000000 7.000000 0.039000
918.000000 -0.017518 -0.059712 0.000000 -0.000000 7.000000 0.039000
919.000000 -0.017518 -0.059712 0.000000 -0.000000 7.000000 0.039000
920.000000 -0.017518 -0.059712 0.000000 -0.000000 7.000000 0.039000
921.000000 -0.017481 -0.059643 0.001800 0.003371 7.000000 0.039000
922.000000 -0.017460 -0.059713 0.003784 0.001635 7.000000 0.039000
923.000000 -0.017460 -0.059713 0.002995 -0.002620 7.000000 0.039000
924.000000 -0.017460 -0.059713 0.001526 -0.001335 7.000000 0.039000
925.000000 -0.017460 -0.059713 0.000777 -0.000680 7.000000 0.039000
926.000000 -0.017460 -0.059713 0.000396 -0.000347 7.000000 0.039000
927.000000 -0.017460 -0.059713 0.000202 -0.000177 7.000000 0.039000
928.000000 -0.017460 -0.059713 0.000103 -0.000090 7.000000 0.039000
929.000000 -0.017460 -0.059713 0.000052 -0.000046 7.000000 0.039000
930.000000 -0.017460 -0.059713 0.000027 -0.000023 7.000000 0.039000
931.000000 -0.017460 -0.059713 0.000014 -0.000012 7.000000 0.039000
932.000000 -0.017460 -0.059713 0.000007 -0.000006 7.000000 0.039000
933.000000 -0.017460 -0.059713 0.000004 -0.000003 7.000000 0.039000
934.000000 -0.017460 -0.059713 0.000002 -0.000002 7.000000 0.039000
935.000000 -0.017460 -0.059713 0.000001 -0.000001 7.000000 0.039000
936.000000 -0.017460 -0.059713 0.000000 -0.000000 7.000000 0.039000
937.000000 -0.017460 -0.059713 0.000000 -0.000000 7.000000 0.039000
938.000000 -0.017460 -0.059713 0.000000 -0.000000 7.000000 0.039000
939.000000 -0.017460 -0.059713 0.000000 -0.000000 7.000000 0.039000
940.000000 -0.017460 -0.059713 0.000000 -0.000000 7.000000 0.039000
941.000000 -0.017460 -0.059713 0.000000 -0.000000 7.000000 0.039000
942.000000 -0.017460 -0.059713 0.000000 -0.000000 7.000000 0.039000
943.000000 -0.017460 -0.059713 0.000000 -0.000000 7.000000 0.039000
944.000000 -0.017460 -0.059713 0.000000 -0.000000 7.000000 0.039000
945.000000 -0.017460 -0.059713 0.000000 -0.000000 7.000000 0.039000
946.000000 -0.017460 -0.059713 0.000000 -0.000000 7.000000 0.039000
947.000000 -0.017460 -0.059713 0.000000 -0.000000 7.000000 0.039000
948.000000 -0.017460 -0.059713 0.000000 -0.000000 7.000000 0.039000
949.000000 -0.017460 -0.059713 0.000000 -0.000000 7.000000 0.039000
950.000000 -0.017460 -0.059713 0.000000 -0.000000 7.000000 0.039000
951.000000 -0.017460 -0.059713 0.000000 -0.000000 7.000000 0.039000
952.000000 -0.017460 -0.059713 0.000000 -0.000000 7.000000 0.039000
953.000000 -0.017460 -0.059713 0.000000 -0.000000 7.000000 0.039000
954.000000 -0.017460 -0.059713 0.000000 -0.000000 7.000000 0.039000
955.000000 -0.017460 -0.059713 0.000000 -0.000000 7.000000 0.039000
956.000000 -0.017460 -0.059713 0.000000 -0.000000 7.000000 0.039000
957.000000 -0.017460 -0.059713 0.000000 -0.000000 7.000000 0.039000
958.000000 -0.017460 -0.059713 0.000000 -0.000000 7.000000 0.039000
959.000000 -0.017460 -0.059713 0.000000 -0.000000 7.000000 0.039000
960.000000 -0.017460 -0.059713 0.000000 -0.000000 7.000000 0.039000
961.000000 -0.017460 -0.059713 0.000000 -0.000000 7.000000 0.039000
962.000000 -0.017460 -0.059713 0.000000 -0.000000 7.000000 0.039000
963.000000 -0.017460 -0.059713 0.000000 -0.000000 7.000000 0.039000
964.000000 -0.017460 -0.059713 0.000000 -0.000000 7.000000 0.039000
965.000000 -0.017460 -0.059713 0.000000 -0.000000 7.000000 0.039000
966.000000 -0.017460 -0.059713 0.000000 -0.000000 7.000000 0.039000
967.000000 -0.017460 -0.059713 0.000000 -0.000000 7.000000 0.039000
968.000000 -0.017460 -0.059713 0.000000 -0.000000 7.000000 0.039000
969.000000 -0.017460 -0.059713 0.000000 -0.000000 7.000000 0.039000
970.000000 -0.017460 -0.059713 0.000000 -0.000000 7.000000 0.039000
971.000000 -0.017460 -0.059713 0.000000 -0.000000 7.000000 0.039000
972.000000 -0.017460 -0.059713 0.000000 -0.000000 7.000000 0.039000
973.000000 -0.017460 -0.059713 0.000000 -0.000000 7.000000 0.039000
974.000000 -0.017460 -0.059713 0.000000 -0.000000 7.000000 0.039000
975.000000 -0.017460 -0.059713 0.000000 -0.000000 7.000000 0.039000
976.000000 -0.017460 -0.059713 0.000000 -0.000000 7.000000 0.039000
977.000000 -0.017460 -0.059713 0.000000 -0.000000 7.000000 0.039000
978.000000 -0.017460 -0.059713 0.000000 -0.000000 7.000000 0.039000
979.000000 -0.017460 -0.059713 0.000000 -0.000000 7.000000 0.039000
980.000000 -0.017460 -0.059713 0.000000 -0.000000 7.000000 0.039000
981.000000 -0.017460 -0.059713 0.000000 -0.000000 7.000000 0.039000
982.000000 -0.017460 -0.059713 0.000000 -0.000000 7.000000 0.039000
983.000000 -0.017460 -0.059713 0.000000 -0.000000 7.000000 0.039000
984.000000 -0.017460 -0.059713 0.000000 -0.000000 7.000000 0.039000
985.000000 -0.017460 -0.059713 0.000000 -0.000000 7.000000 0.039000
986.000000 -0.017460 -0.059713 0.000000 -0.000000 7.000000 0.039000
987.000000 -0.017460 -0.059713 0.000000 -0.000000 7.000000 0.039000
988.000000 -0.017460 -0.059713 0.000000 -0.000000 7.000000 0.039000
989.000000 -0.017460 -0.059713 0.000000 -0.000000 7.000000 0.039000
990.000000 -0.017460 -0.059713 0.000000 -0.000000 7.000000 0.039000
991.000000 -0.017460 -0.059713 0.000000 -0.000000 7.000000 0.039000
992.000000 -0.017460 -0.059713 0.000000 -0.000000 7.000000 0.039000
993.000000 -0.017460 -0.059713 0.000000 -0.000000 7.000000 0.039000
994.000000 -0.017460 -0.059713 0.000000 -0.000000 7.000000 0.039000
995.000000 -0.017460 -0.059713 0.000000 -0.000000 7.000000 0.039000
996.000000 -0.017460 -0.059713 0.000000 -0.000000 7.000000 0.039000
997.000000 -0.017460 -0.059713 0.000000 -0.000000 7.000000 0.039000
998.000000 -0.017460 -0.059713 0.000000 -0.000000 7.000000 0.039000
999.000000 -0.017460 -0.059713 0.000000 -0.000000 7.000000 0.039000
1000.000000 -0.017460 -0.059713 0.000000 -0.000000 7.000000 0.039000
1001.000000 -0.017460 -0.059713 0.000000 -0.000000 7.000000 0.039000
1002.000000 -0.017460 -0.059713 0.000000 -0.000000 7.000000 0.039000
1003.000000 -0.017460 -0.059713 0.000000 -0.000000 7.000000 0.039000
1004.000000 -0.017460 -0.059713 0.000000 -0.000000 7.000000 0.039000
1005.000000 -0.017460 -0.059713 0.000000 -0.000000 7.000000 0.039000
1006.000000 -0.017460 -0.059713 0.000000 -0.000000 7.000000 0.039000
1007.000000 -0.017460 -0.059713 0.000000 -0.000000 7.000000 0.039000
1008.000000 -0.017460 -0.059713 0.000000 -0.000000 7.000000 0.039000
1009.000000 -0.017460 -0.059713 0.000000 -0.000000 7.000000 0.039000
1010.000000 -0.017460 -0.059713 0.000000 -0.000000 7.000000 0.039000
1011.000000 -0.017460 -0.059713 0.000000 -0.000000 7.000000 0.039000
1012.000000 -0.017460 -0.059713 0.000000 -0.000000 7.000000 0.039000
1013.000000 -0.017460 -0.059713 0.000000 -0.000000 7.000000 0.039000
1014.000000 -0.017460 -0.059713 0.000000 -0.000000 7.000000 0.039000
1015.000000 -0.017460 -0.059713 0.000000 -0.000000 7.000000 0.039000
1016.000000 -0.017460 -0.059713 0.000000 -0.000000 7.000000 0.039000
1017.000000 -0.017460 -0.059713 0.000000 -0.000000 7.000000 0.039000
1018.000000 -0.017460 -0.059713 0.000000 -0.000000 7.000000 0.039000
1019.000000 -0.017460 -0.059713 0.000000 -0.000000 7.000000 0.039000
1020.000000 -0.017460 -0.059713 0.000000 -0.000000 7.000000 0.039000
1021.000000 -0.017460 -0.059713 0.000000 -0.000000 7.000000 0.039000
1022.000000 -0.017460 -0.059713 0.000000 -0.000000 7.000000 0.039000
1023.000000 -0.017460 -0.059713 0.000000 -0.000000 7.000000 0.039000
1024.000000 -0.017460 -0.059713 0.000000 -0.000000 7.000000 0.039000
1025.000000 -0.017460 -0.059713 0.000000 -0.000000 7.000000 0.039000
1026.000000 -0.017460 -0.059713 0.000000 -0.000000 7.000000 0.039000
1027.000000 -0.017460 -0.059713 0.000000 -0.000000 7.000000 0.039000
1028.000000 -0.017460 -0.059713 0.000000 -0.000000 7.000000 0.039000
1029.000000 -0.017460 -0.059713 0.000000 -0.000000 7.000000 0.039000
1030.000000 -0.017460 -0.059713 0.000000 -0.000000 7.000000 0.039000
1031.000000 -0.017460 -0.059713 0.000000 -0.000000 7.000000 0.039000
1032.000000 -0.017460 -0.059713 0.000000 -0.000000 7.000000 0.039000
1033.000000 -0.017460 -0.059713 0.000000 -0.000000 7.000000 0.039000
1034.000000 -0.017460 -0.059713 0.000000 -0.000000 7.000000 0.039000
1035.000000 -0.017460 -0.059713 0.000000 -0.000000 7.000000 0.039000
1036.000000 -0.017460 -0.059713 0.000000 -0.000000 7.000000 0.039000
1037.000000 -0.017460 -0.059713 0.000000 -0.000000 7.000000 0.039000
1038.000000 -0.017460 -0.059713 0.000000 -0.000000 7.000000 0.039000
1039.000000 -0.017460 -0.059713 0.000000 -0.000000 7.000000 0.039000
1040.000000 -0.017460 -0.059713 0.000000 -0.000000 7.000000 0.039000
1041.000000 -0.017460 -0.059713 0.000000 -0.000000 7.000000 0.039000
1042.000000 -0.017460 -0.059713 0.000000 -0.000000 7.000000 0.039000
1043.000000 -0.017460 -0.059713 0.000000 -0.000000 7.000000 0.039000
1044.000000 -0.017460 -0.059713 0.000000 -0.000000 7.000000 0.039000
1045.000000 -0.017460 -0.059713 0.000000 -0.000000 7.000000 0.039000
1046.000000 -0.017460 -0.059713 0.000000 -0.000000 7.000000 0.039000
1047.000000 -0.017460 -0.059713 0.000000 -0.000000 7.000000 0.039000
1048.000000 -0.017460 -0.059713 0.000000 -0.000000 7.000000 0.039000
1049.000000 -0.017460 -0.059713 0.000000 -0.000000 7.000000 0.039000
1050.000000 -0.017460 -0.059713 0.000000 -0.000000 7.000000 0.039000
1051.000000 -0.017460 -0.059713 0.000000 -0.000000 7.000000 0.039000
1052.000000 -0.017460 -0.059713 0.000000 -0.000000 7.000000 0.039000
1053.000000 -0.017460 -0.059713 0.000000 -0.000000 7.000000 0.039000
1054.000000 -0.017460 -0.059713 0.000000 -0.000000 7.000000 0.039000
1055.000000 -0.017460 -0.059713 0.000000 -0.000000 7.000000 0.039000
1056.000000 -0.017460 -0.059713 0.000000 -0.000000 7.000000 0.039000
1057.000000 -0.017460 -0.059713 0.000000 -0.000000 7.000000 0.039000
1058.000000 -0.017460 -0.059713 0.000000 -0.000000 7.000000 0.039000
1059.000000 -0.017460 -0.059713 0.000000 -0.000000 7.000000 0.039000
1060.000000 -0.017460 -0.059713 0.000000 -0.000000 7.000000 0.039000
1061.000000 -0.017460 -0.059713 0.000000 -0.000000 7.000000 0.039000
1062.000000 -0.017460 -0.059713 0.000000 -0.000000 7.000000 0.039000
1063.000000 -0.017460 -0.059713 0.000000 -0.000000 7.000000 0.039000
1064.000000 -0.017460 -0.059713 0.000000 -0.000000 7.000000 0.039000
1065.000000 -0.017460 -0.059713 0.000000 -0.000000 7.000000 0.039000
1066.000000 -0.017460 -0.059713 0.000000 -0.000000 7.000000 0.039000
1067.000000 -0.017460 -0.059713 0.000000 -0.000000 7.000000 0.039000
1068.000000 -0.017460 -0.059713 0.000000 -0.000000 7.000000 0.039000
1069.000000 -0.017460 -0.059713 0.000000 -0.000000 7.000000 0.039000
1070.000000 -0.017460 -0.059713 0.000000 -0.000000 7.000000 0.039000
1071.000000 -0.017460 -0.059713 0.000000 -0.000000 7.000000 0.039000
1072.000000 -0.017460 -0.059713 0.000000 -0.000000 7.000000 0.039000
1073.000000 -0.017460 -0.059713 0.000000 -0.000000 7.000000 0.039000
1074.000000 -0.017460 -0.059713 0.000000 -0.000000 7.000000 0.039000
1075.000000 -0.017460 -0.059713 0.000000 -0.000000 7.000000 0.039000
1076.000000 -0.017460 -0.059713 0.000000 -0.000000 7.000000 0.039000
1077.000000 -0.017460 -0.059713 0.000000 -0.000000 7.000000 0.039000
1078.000000 -0.017460 -0.059713 0.000000 -0.000000 7.000000 0.039000
1079.000000 -0.017460 -0.059713 0.000000 -0.000000 7.000000 0.039000
1080.000000 -0.017460 -0.059713 0.000000 -0.000000 7.000000 0.039000
1081.000000 -0.017460 -0.059713 0.000000 -0.000000 7.000000 0.039000
1082.000000 -0.017460 -0.059713 0.000000 -0.000000 7.000000 0.039000
1083.000000 -0.017460 -0.059713 0.000000 -0.000000 7.000000 0.039000
1084.000000 -0.017460 -0.059713 0.000000 -0.000000 7.000000 0.039000
1085.000000 -0.017460 -0.059713 0.000000 -0.000000 7.000000 0.039000
1086.000000 -0.017460 -0.059713 0.000000 -0.000000 7.000000 0.039000
1087.000000 -0.017460 -0.059713 0.000000 -0.000000 7.000000 0.039000
1088.000000 -0.017460 -0.059713 0.000000 -0.000000 7.000000 0.039000
1089.000000 -0.017460 -0.059713 0.000000 -0.000000 7.000000 0.039000
1090.000000 -0.017460 -0.059713 0.000000 -0.000000 7.000000 0.039000
1091.000000 -0.017460 -0.059713 0.000000 -0.000000 7.000000 0.039000
1092.000000 -0.017460 -0.059713 0.000000 -0.000000 7.000000 0.039000
1093.000000 -0.017460 -0.059713 0.000000 -0.000000 7.000000 0.039000
1094.000000 -0.017460 -0.059713 0.000000 -0.000000 7.000000 0.039000
1095.000000 -0.017460 -0.059713 0.000000 -0.000000 7.000000 0.039000
1096.000000 -0.017460 -0.059713 0.000000 -0.000000 7.000000 0.039000
1097.000000 -0.017460 -0.059713 0.000000 -0.000000 7.000000 0.039000
1098.000000 -0.017460 -0.059713 0.000000 -0.000000 7.000000 0.039000
1099.000000 -0.017460 -0.059713 0.000000 -0.000000 7.000000 0.039000
1100.000000 -0.017460 -0.059713 0.000000 -0.000000 7.000000 0.039000
1101.000000 -0.017460 -0.059713 0.000000 -0.000000 7.000000 0.039000
1102.000000 -0.017460 -0.059713 0.000000 -0.000000 7.000000 0.039000
1103.000000 -0.017460 -0.059713 0.000000 -0.000000 7.000000 0.039000
1104.000000 -0.017460 -0.059713 0.000000 -0.000000 7.000000 0.039000
1105.000000 -0.017460 -0.059713 0.000000 -0.000000 7.000000 0.039000
1106.000000 -0.017460 -0.059713 0.000000 -0.000000 7.000000 0.039000
1107.000000 -0.017460 -0.059713 0.000000 -0.000000 7.000000 0.039000
1108.000000 -0.017460 -0.059713 0.000000 -0.000000 7.000000 0.039000
1109.000000 -0.017460 -0.059713 0.000000 -0.000000 7.000000 0.039000
1110.000000 -0.017460 -0.059713 0.000000 -0.000000 7.000000 0.039000
1111.000000 -0.017460 -0.059713 0.000000 -0.000000 7.000000 0.039000
1112.000000 -0.017460 -0.059713 0.000000 -0.000000 7.000000 0.039000
1113.000000 -0.017460 -0.059713 0.000000 -0.000000 7.000000 0.039000
1114.000000 -0.017460 -0.059713 0.000000 -0.000000 7.000000 0.039000
1115.000000 -0.017460 -0.059713 0.000000 -0.000000 7.000000 0.039000
1116.000000 -0.017460 -0.059713 0.000000 -0.000000 7.000000 0.039000
1117.000000 -0.017460 -0.059713 0.000000 -0.000000 7.000000 0.039000
1118.000000 -0.017460 -0.059713 0.000000 -0.000000 7.000000 0.039000
1119.000000 -0.017460 -0.059713 0.000000 -0.000000 7.000000 0.039000
1120.000000 -0.017460 -0.059713 0.000000 -0.000000 7.000000 0.039000
1121.000000 -0.017460 -0.059713 0.000000 -0.000000 7.000000 0.039000
1122.000000 -0.017460 -0.059713 0.000000 -0.000000 7.000000 0.039000
1123.000000 -0.017460 -0.059713 0.000000 -0.000000 7.000000 0.039000
1124.000000 -0.017460 -0.059713 0.000000 -0.000000 7.000000 0.039000
1125.000000 -0.017460 -0.059713 0.000000 -0.000000 7.000000 0.039000
1126.000000 -0.017460 -0.059713 0.000000 -0.000000 7.000000 0.039000
1127.000000 -0.017460 -0.059713 0.000000 -0.000000 7.000000 0.039000
1128.000000 -0.017460 -0.059713 0.000000 -0.000000 7.000000 0.039000
1129.000000 -0.017460 -0.059713 0.000000 -0.000000 7.000000 0.039000
1130.000000 -0.017460 -0.059713 0.000000 -0.000000 7.000000 0.039000
1131.000000 -0.017460 -0.059713 0.000000 -0.000000 7.000000 0.039000
1132.000000 -0.017460 -0.059713 0.000000 -0.000000 7.000000 0.039000
1133.000000 -0.017460 -0.059713 0.000000 -0.000000 7.000000 0.039000
1134.000000 -0.017460 -0.059713 0.000000 -0.000000 7.000000 0.039000
1135.000000 -0.017460 -0.059713 0.000000 -0.000000 7.000000 0.039000
1136.000000 -0.017460 -0.059713 0.000000 -0.000000 7.000000 0.039000
1137.000000 -0.017460 -0.059713 0.000000 -0.000000 7.000000 0.039000
1138.000000 -0.017460 -0.059713 0.000000 -0.000000 7.000000 0.039000
1139.000000 -0.017460 -0.059713 0.000000 -0.000000 7.000000 0.039000
1140.000000 -0.017460 -0.059713 0.000000 -0.000000 7.000000 0.039000
1141.000000 -0.017460 -0.059713 0.000000 -0.000000 7.000000 0.039000
1142.000000 -0.017460 -0.059713 0.000000 -0.000000 7.000000 0.039000
1143.000000 -0.017460 -0.059713 0.000000 -0.000000 7.000000 0.039000
1144.000000 -0.017460 -0.059713 0.000000 -0.000000 7.000000 0.039000
1145.000000 -0.017460 -0.059713 0.000000 -0.000000 7.000000 0.039000
1146.000000 -0.017460 -0.059713 0.000000 -0.000000 7.000000 0.039000
1147.000000 -0.017460 -0.059713 0.000000 -0.000000 7.000000 0.039000
1148.000000 -0.017460 -0.059713 0.000000 -0.000000 7.000000 0.039000
1149.000000 -0.017460 -0.059713 0.000000 -0.000000 7.000000 0.039000
1150.000000 -0.017460 -0.059713 0.000000 -0.000000 7.000000 0.039000
1151.000000 -0.017460 -0.059713 0.000000 -0.000000 7.000000 0.039000
1152.000000 -0.017460 -0.059713 0.000000 -0.000000 7.000000 0.039000
1153.000000 -0.017460 -0.059713 0.000000 -0.000000 7.000000 0.039000
1154.000000 -0.017460 -0.059713 0.000000 -0.000000 7.000000 0.039000
1155.000000 -0.017460 -0.059713 0.000000 -0.000000 7.000000 0.039000
1156.000000 -0.017460 -0.059713 0.000000 -0.000000 7.000000 0.039000
1157.000000 -0.017460 -0.059713 0.000000 -0.000000 7.000000 0.039000
1158.000000 -0.017460 -0.059713 0.000000 -0.000000 7.000000 0.039000
1159.000000 -0.017460 -0.059713 0.000000 -0.000000 7.000000 0.039000
1160.000000 -0.017460 -0.059713 0.000000 -0.000000 7.000000 0.039000
1161.000000 -0.017460 -0.059713 0.000000 -0.000000 7.000000 0.039000
1162.000000 -0.017460 -0.059713 0.000000 -0.000000 7.000000 0.039000
1163.000000 -0.017460 -0.059713 0.000000 -0.000000 7.000000 0.039000
1164.000000 -0.017460 -0.059713 0.000000 -0.000000 7.000000 0.039000
1165.000000 -0.017460 -0.059713 0.000000 -0.000000 7.000000 0.039000
1166.000000 -0.017460 -0.059713 0.000000 -0.000000 7.000000 0.039000
1167.000000 -0.017460 -0.059713 0.000000 -0.000000 7.000000 0.039000
1168.000000 -0.017460 -0.059713 0.000000 -0.000000 7.000000 0.039000
1169.000000 -0.017460 -0.059713 0.000000 -0.000000 7.000000 0.039000
1170.000000 -0.017460 -0.059713 0.000000 -0.000000 7.000000 0.039000
1171.000000 -0.017460 -0.059713 0.000000 -0.000000 7.000000 0.039000
1172.000000 -0.017460 -0.059713 0.000000 -0.000000 7.000000 0.039000
1173.000000 -0.017460 -0.059713 0.000000 -0.000000 7.000000 0.039000
1174.000000 -0.017460 -0.059713 0.000000 -0.000000 7.000000 0.039000
1175.000000 -0.017460 -0.059713 0.000000 -0.000000 7.000000 0.039000
1176.000000 -0.017460 -0.059713 0.000000 -0.000000 7.000000 0.039000
1177.000000 -0.017460 -0.059713 0.000000 -0.000000 7.000000 0.039000
1178.000000 -0.017460 -0.059713 0.000000 -0.000000 7.000000 0.039000
1179.000000 -0.017460 -0.059713 0.000000 -0.000000 7.000000 0.039000
1180.000000 -0.017460 -0.059713 0.000000 -0.000000 7.000000 0.039000
1181.000000 -0.017460 -0.059713 0.000000 -0.000000 7.000000 0.039000
1182.000000 -0.017460 -0.059713 0.000000 -0.000000 7.000000 0.039000
1183.000000 -0.017460 -0.059713 0.000000 -0.000000 7.000000 0.039000
1184.000000 -0.017460 -0.059713 0.000000 -0.000000 7.000000 0.039000
1185.000000 -0.017460 -0.059713 0.000000 -0.000000 7.000000 0.039000
1186.000000 -0.017460 -0.059713 0.000000 -0.000000 7.000000 0.039000
1187.000000 -0.017460 -0.059713 0.000000 -0.000000 7.000000 0.039000
1188.000000 -0.017460 -0.059713 0.000000 -0.000000 7.000000 0.039000
1189.000000 -0.017460 -0.059713 0.000000 -0.000000 7.000000 0.039000
1190.000000 -0.017460 -0.059713 0.000000 -0.000000 7.000000 0.039000
1191.000000 -0.017460 -0.059713 0.000000 -0.000000 7.000000 0.039000
1192.000000 -0.017460 -0.059713 0.000000 -0.000000 7.000000 0.039000
1193.000000 -0.017460 -0.059713 0.000000 -0.000000 7.000000 0.039000
1194.000000 -0.017460 -0.059713 0.000000 -0.000000 7.000000 0.039000
1195.000000 -0.017460 -0.059713 0.000000 -0.000000 7.000000 0.039000
1196.000000 -0.017460 -0.059713 0.000000 -0.000000 7.000000 0.039000
1197.000000 -0.017460 -0.059713 0.000000 -0.000000 7.000000 0.039000
1198.000000 -0.017460 -0.059713 0.000000 -0.000000 7.000000 0.039000
1199.000000 -0.017460 -0.059713 0.000000 -0.000000 7.000000 0.039000
1200.000000 -0.017460 -0.059713 0.000000 -0.000000 7.000000 0.039000
1201.000000 -0.017460 -0.059713 0.000000 -0.000000 7.000000 0.039000
1202.000000 -0.017460 -0.059713 0.000000 -0.000000 7.000000 0.039000
1203.000000 -0.017460 -0.059713 0.000000 -0.000000 7.000000 0.039000
1204.000000 -0.017460 -0.059713 0.000000 -0.000000 7.000000 0.039000
1205.000000 -0.017460 -0.059713 0.000000 -0.000000 7.000000 0.039000
1206.000000 -0.017460 -0.059713 0.000000 -0.000000 7.000000 0.039000
1207.000000 -0.017460 -0.059713 0.000000 -0.000000 7.000000 0.039000
1208.000000 -0.017460 -0.059713 0.000000 -0.000000 7.000000 0.039000
1209.000000 -0.017460 -0.059713 0.000000 -0.000000 7.000000 0.039000
1210.000000 -0.017460 -0.059713 0.000000 -0.000000 7.000000 0.039000
1211.000000 -0.017460 -0.059713 0.000000 -0.000000 7.000000 0.039000
1212.000000 -0.017460 -0.059713 0.000000 -0.000000 7.000000 0.039000
1213.000000 -0.017460 -0.059713 0.000000 -0.000000 7.000000 0.039000
1214.000000 -0.017460 -0.059713 0.000000 -0.000000 7.000000 0.039000
1215.000000 -0.017460 -0.059713 0.000000 -0.000000 7.000000 0.039000
1216.000000 -0.017460 -0.059713 0.000000 -0.000000 7.000000 0.039000
1217.000000 -0.017460 -0.059713 0.000000 -0.000000 7.000000 0.039000
1218.000000 -0.017460 -0.059713 0.000000 -0.000000 7.000000 0.039000
1219.000000 -0.017460 -0.059713 0.000000 -0.000000 7.000000 0.039000
1220.000000 -0.017460 -0.059713 0.000000 -0.000000 7.000000 0.039000
1221.000000 -0.017460 -0.059713 0.000000 -0.000000 7.000000 0.039000
1222.000000 -0.017460 -0.059713 0.000000 -0.000000 7.000000 0.039000
1223.000000 -0.017460 -0.059713 0.000000 -0.000000 7.000000 0.039000
1224.000000 -0.017460 -0.059713 0.000000 -0.000000 7.000000 0.039000
1225.000000 -0.017460 -0.059713 0.000000 -0.000000 7.000000 0.039000
1226.000000 -0.017460 -0.059713 0.000000 -0.000000 7.000000 0.039000
1227.000000 -0.017460 -0.059713 0.000000 -0.000000 7.000000 0.039000
1228.000000 -0.017460 -0.059713 0.000000 -0.000000 7.000000 0.039000
1229.000000 -0.017460 -0.059713 0.000000 -0.000000 7.000000 0.039000
1230.000000 -0.017460 -0.059713 0.000000 -0.000000 7.000000 0.039000
1231.000000 -0.017460 -0.059713 0.000000 -0.000000 7.000000 0.039000
1232.000000 -0.017460 -0.059713 0.000000 -0.000000 7.000000 0.039000
1233.000000 -0.017460 -0.059713 0.000000 -0.000000 7.000000 0.039000
1234.000000 -0.017460 -0.059713 0.000000 -0.000000 7.000000 0.039000
1235.000000 -0.017460 -0.059713 0.000000 -0.000000 7.000000 0.039000
1236.000000 -0.017460 -0.059713 0.000000 -0.000000 7.000000 0.039000
1237.000000 -0.017460 -0.059713 0.000000 -0.000000 7.000000 0.039000
1238.000000 -0.017460 -0.059713 0.000000 -0.000000 7.000000 0.039000
1239.000000 -0.017460 -0.059713 0.000000 -0.000000 7.000000 0.039000
1240.000000 -0.017460 -0.059713 0.000000 -0.000000 7.000000 0.039000
1241.000000 -0.017460 -0.059713 0.000000 -0.000000 7.000000 0.039000
1242.000000 -0.017460 -0.059713 0.000000 -0.000000 7.000000 0.039000
1243.000000 -0.017460 -0.059713 0.000000 -0.000000 7.000000 0.039000
1244.000000 -0.017460 -0.059713 0.000000 -0.000000 7.000000 0.039000
1245.000000 -0.017460 -0.059713 0.000000 -0.000000 7.000000 0.039000
1246.000000 -0.017460 -0.059713 0.000000 -0.000000 7.000000 0.039000
1247.000000 -0.017460 -0.059713 0.000000 -0.000000 7.000000 0.039000
1248.000000 -0.017460 -0.059713 0.000000 -0.000000 7.000000 0.039000
1249.000000 -0.017460 -0.059713 0.000000 -0.000000 7.000000 0.039000
1250.000000 -0.017460 -0.059713 0.000000 -0.000000 7.000000 0.039000
1251.000000 -0.017460 -0.059713 0.000000 -0.000000 7.000000 0.039000
1252.000000 -0.017460 -0.059713 0.000000 -0.000000 7.000000 0.039000
1253.000000 -0.017460 -0.059713 0.000000 -0.000000 7.000000 0.039000
1254.000000 -0.017460 -0.059713 0.000000 -0.000000 7.000000 0.039000
1255.000000 -0.017460 -0.059713 0.000000 -0.000000 7.000000 0.039000
1256.000000 -0.017460 -0.059713 0.000000 -0.000000 7.000000 0.039000
1257.000000 -0.017460 -0.059713 0.000000 -0.000000 7.000000 0.039000
1258.000000 -0.017460 -0.059713 0.000000 -0.000000 7.000000 0.039000
1259.000000 -0.017460 -0.059713 0.000000 -0.000000 7.000000 0.039000
1260.000000 -0.017460 -0.059713 0.000000 -0.000000 7.000000 0.039000
1261.000000 -0.017460 -0.059713 0.000000 -0.000000 7.000000 0.039000
1262.000000 -0.017460 -0.059713 0.000000 -0.000000 7.000000 0.039000
1263.000000 -0.017460 -0.059713 0.000000 -0.000000 7.000000 0.039000
1264.000000 -0.017460 -0.059713 0.000000 -0.000000 7.000000 0.039000
1265.000000 -0.017460 -0.059713 0.000000 -0.000000 7.000000 0.039000
1266.000000 -0.017460 -0.059713 0.000000 -0.000000 7.000000 0.039000
1267.000000 -0.017460 -0.059713 0.000000 -0.000000 7.000000 0.039000
1268.000000 -0.017460 -0.059713 0.000000 -0.000000 7.000000 0.039000
1269.000000 -0.017420 -0.059749 0.001967 -0.001767 7.000000 0.039000
1270.000000 -0.017420 -0.059749 0.002969 -0.002668 7.000000 0.039000
1271.000000 -0.017420 -0.059749 0.001513 -0.001359 7.000000 0.039000
1272.000000 -0.017420 -0.059749 0.000771 -0.000693 7.000000 0.039000
1273.000000 -0.017420 -0.059749 0.000393 -0.000353 7.000000 0.039000
1274.000000 -0.017420 -0.059749 0.000200 -0.000180 7.000000 0.039000
1275.000000 -0.017420 -0.059749 0.000102 -0.000092 7.000000 0.039000
1276.000000 -0.017420 -0.059749 0.000052 -0.000047 7.000000 0.039000
1277.000000 -0.017420 -0.059749 0.000026 -0.000024 7.000000 0.039000
1278.000000 -0.017420 -0.059749 0.000013 -0.000012 7.000000 0.039000
1279.000000 -0.017420 -0.059749 0.000007 -0.000006 7.000000 0.039000
1280.000000 -0.017420 -0.059749 0.000003 -0.000003 7.000000 0.039000
1281.000000 -0.017420 -0.059749 0.000002 -0.000002 7.000000 0.039000
1282.000000 -0.017420 -0.059749 0.000001 -0.000001 7.000000 0.039000
1283.000000 -0.017420 -0.059749 0.000000 -0.000000 7.000000 0.039000
1284.000000 -0.017420 -0.059749 0.000000 -0.000000 7.000000 0.039000
1285.000000 -0.017420 -0.059749 0.000000 -0.000000 7.000000 0.039000
1286.000000 -0.017420 -0.059749 0.000000 -0.000000 7.000000 0.039000
1287.000000 -0.017420 -0.059749 0.000000 -0.000000 7.000000 0.039000
1288.000000 -0.017420 -0.059749 0.000000 -0.000000 7.000000 0.039000
1289.000000 -0.017420 -0.059749 0.000000 -0.000000 7.000000 0.039000
1290.000000 -0.017420 -0.059749 0.000000 -0.000000 7.000000 0.039000
1291.000000 -0.017420 -0.059749 0.000000 -0.000000 7.000000 0.039000
1292.000000 -0.017420 -0.059749 0.000000 -0.000000 7.000000 0.039000
1293.000000 -0.017420 -0.059749 0.000000 -0.000000 7.000000 0.039000
1294.000000 -0.017420 -0.059749 0.000000 -0.000000 7.000000 0.039000
1295.000000 -0.017420 -0.059749 0.000000 -0.000000 7.000000 0.039000
1296.000000 -0.017420 -0.059749 0.000000 -0.000000 7.000000 0.039000
1297.000000 -0.017420 -0.059749 0.000000 -0.000000 7.000000 0.039000
1298.000000 -0.017420 -0.059749 0.000000 -0.000000 7.000000 0.039000
1299.000000 -0.017420 -0.059749 0.000000 -0.000000 7.000000 0.039000
1300.000000 -0.017420 -0.059749 0.000000 -0.000000 7.000000 0.039000
1301.000000 -0.017420 -0.059749 0.000000 -0.000000 7.000000 0.039000
1302.000000 -0.017420 -0.059749 0.000000 -0.000000 7.000000 0.039000
1303.000000 -0.017420 -0.059749 0.000000 -0.000000 7.000000 0.039000
1304.000000 -0.017420 -0.059749 0.000000 -0.000000 7.000000 0.039000
1305.000000 -0.017420 -0.059749 0.000000 -0.000000 7.000000 0.039000
1306.000000 -0.017420 -0.059749 0.000000 -0.000000 7.000000 0.039000
1307.000000 -0.017420 -0.059749 0.000000 -0.000000 7.000000 0.039000
1308.000000 -0.017420 -0.059749 0.000000 -0.000000 7.000000 0.039000
1309.000000 -0.017420 -0.059749 0.000000 -0.000000 7.000000 0.039000
1310.000000 -0.017420 -0.059749 0.000000 -0.000000 7.000000 0.039000
1311.000000 -0.017420 -0.059749 0.000000 -0.000000 7.000000 0.039000
1312.000000 -0.017420 -0.059749 0.000000 -0.000000 7.000000 0.039000
1313.000000 -0.017420 -0.059749 0.000000 -0.000000 7.000000 0.039000
1314.000000 -0.017420 -0.059749 0.000000 -0.000000 7.000000 0.039000
1315.000000 -0.017420 -0.059749 0.000000 -0.000000 7.000000 0.039000
1316.000000 -0.017420 -0.059749 0.000000 -0.000000 7.000000 0.039000
1317.000000 -0.017420 -0.059749 0.000000 -0.000000 7.000000 0.039000
1318.000000 -0.017420 -0.059749 0.000000 -0.000000 7.000000 0.039000
1319.000000 -0.017420 -0.059749 0.000000 -0.000000 7.000000 0.039000
1320.000000 -0.017420 -0.059749 0.000000 -0.000000 7.000000 0.039000
1321.000000 -0.017420 -0.059749 0.000000 -0.000000 7.000000 0.039000
1322.000000 -0.017420 -0.059749 0.000000 -0.000000 7.000000 0.039000
1323.000000 -0.017420 -0.059749 0.000000 -0.000000 7.000000 0.039000
1324.000000 -0.017379 -0.059785 0.001967 -0.001767 7.000000 0.039000
1325.000000 -0.017379 -0.059785 0.002969 -0.002668 7.000000 0.039000
1326.000000 -0.017379 -0.059785 0.001513 -0.001359 7.000000 0.039000
1327.000000 -0.017379 -0.059785 0.000771 -0.000693 7.000000 0.039000
1328.000000 -0.017379 -0.059785 0.000393 -0.000353 7.000000 0.039000
1329.000000 -0.017379 -0.059785 0.000200 -0.000180 7.000000 0.039000
1330.000000 -0.017379 -0.059785 0.000102 -0.000092 7.000000 0.039000
1331.000000 -0.017379 -0.059785 0.000052 -0.000047 7.000000 0.039000
1332.000000 -0.017339 -0.059821 0.001994 -0.001791 7.000000 0.039000
1333.000000 -0.017339 -0.059821 0.002983 -0.002680 7.000000 0.039000
1334.000000 -0.017339 -0.059821 0.001520 -0.001365 7.000000 0.039000
1335.000000 -0.017339 -0.059821 0.000774 -0.000696 7.000000 0.039000
1336.000000 -0.017339 -0.059821 0.000395 -0.000354 7.000000 0.039000
1337.000000 -0.017339 -0.059821 0.000201 -0.000181 7.000000 0.039000
1338.000000 -0.017339 -0.059821 0.000102 -0.000092 7.000000 0.039000
1339.000000 -0.017339 -0.059821 0.000052 -0.000047 7.000000 0.039000
1340.000000 -0.017339 -0.059821 0.000027 -0.000024 7.000000 0.039000
1341.000000 -0.017339 -0.059821 0.000014 -0.000012 7.000000 0.039000
1342.000000 -0.017339 -0.059821 0.000007 -0.000006 7.000000 0.039000
1343.000000 -0.017339 -0.059821 0.000004 -0.000003 7.000000 0.039000
1344.000000 -0.017339 -0.059821 0.000002 -0.000002 7.000000 0.039000
1345.000000 -0.017339 -0.059821 0.000001 -0.000001 7.000000 0.039000
1346.000000 -0.017339 -0.059821 0.000000 -0.000000 7.000000 0.039000
1347.000000 -0.017339 -0.059821 0.000000 -0.000000 7.000000 0.039000
1348.000000 -0.017339 -0.059821 0.000000 -0.000000 7.000000 0.039000
1349.000000 -0.017339 -0.059821 0.000000 -0.000000 7.000000 0.039000
1350.000000 -0.017339 -0.059821 0.000000 -0.000000 7.000000 0.039000
1351.000000 -0.017339 -0.059821 0.000000 -0.000000 7.000000 0.039000
1352.000000 -0.017339 -0.059821 0.000000 -0.000000 7.000000 0.039000
1353.000000 -0.017339 -0.059821 0.000000 -0.000000 7.000000 0.039000
1354.000000 -0.017339 -0.059821 0.000000 -0.000000 7.000000 0.039000
1355.000000 -0.017339 -0.059821 0.000000 -0.000000 7.000000 0.039000
1356.000000 -0.017339 -0.059821 0.000000 -0.000000 7.000000 0.039000
1357.000000 -0.017339 -0.059821 0.000000 -0.000000 7.000000 0.039000
1358.000000 -0.017339 -0.059821 0.000000 -0.000000 7.000000 0.039000
1359.000000 -0.017339 -0.059821 0.000000 -0.000000 7.000000 0.039000
1360.000000 -0.017339 -0.059821 0.000000 -0.000000 7.000000 0.039000
1361.000000 -0.017339 -0.059821 0.000000 -0.000000 7.000000 0.039000
1362.000000 -0.017339 -0.059821 0.000000 -0.000000 7.000000 0.039000
1363.000000 -0.017339 -0.059821 0.000000 -0.000000 7.000000 0.039000
1364.000000 -0.017339 -0.059821 0.000000 -0.000000 7.000000 0.039000
1365.000000 -0.017339 -0.059821 0.000000 -0.000000 7.000000 0.039000
1366.000000 -0.017339 -0.059821 0.000000 -0.000000 7.000000 0.039000
1367.000000 -0.017339 -0.059821 0.000000 -0.000000 7.000000 0.039000
1368.000000 -0.017339 -0.059821 0.000000 -0.000000 7.000000 0.039000
1369.000000 -0.017339 -0.059821 0.000000 -0.000000 7.000000 0.039000
1370.000000 -0.017339 -0.059821 0.000000 -0.000000 7.000000 0.039000
1371.000000 -0.017339 -0.059821 0.000000 -0.000000 7.000000 0.039000
1372.000000 -0.017339 -0.059821 0.000000 -0.000000 7.000000 0.039000
1373.000000 -0.017339 -0.059821 0.000000 -0.000000 7.000000 0.039000
1374.000000 -0.017339 -0.059821 0.000000 -0.000000 7.000000 0.039000
1375.000000 -0.017339 -0.059821 0.000000 -0.000000 7.000000 0.039000
1376.000000 -0.017339 -0.059821 0.000000 -0.000000 7.000000 0.039000
1377.000000 -0.017339 -0.059821 0.000000 -0.000000 7.000000 0.039000
1378.000000 -0.017339 -0.059821 0.000000 -0.000000 7.000000 0.039000
1379.000000 -0.017339 -0.059821 0.000000 -0.000000 7.000000 0.039000
1380.000000 -0.017339 -0.059821 0.000000 -0.000000 7.000000 0.039000
1381.000000 -0.017339 -0.059821 0.000000 -0.000000 7.000000 0.039000
1382.000000 -0.017339 -0.059821 0.000000 -0.000000 7.000000 0.039000
1383.000000 -0.017339 -0.059821 0.000000 -0.000000 7.000000 0.039000
1384.000000 -0.017339 -0.059821 0.000000 -0.000000 7.000000 0.039000
1385.000000 -0.017339 -0.059821 0.000000 -0.000000 7.000000 0.039000
1386.000000 -0.017339 -0.059821 0.000000 -0.000000 7.000000 0.039000
1387.000000 -0.017339 -0.059821 0.000000 -0.000000 7.000000 0.039000
1388.000000 -0.017339 -0.059821 0.000000 -0.000000 7.000000 0.039000
1389.000000 -0.017339 -0.059821 0.000000 -0.000000 7.000000 0.039000
1390.000000 -0.017339 -0.059821 0.000000 -0.000000 7.000000 0.039000
1391.000000 -0.017339 -0.059821 0.000000 -0.000000 7.000000 0.039000
1392.000000 -0.017339 -0.059821 0.000000 -0.000000 7.000000 0.039000
1393.000000 -0.017339 -0.059821 0.000000 -0.000000 7.000000 0.039000
1394.000000 -0.017339 -0.059821 0.000000 -0.000000 7.000000 0.039000
1395.000000 -0.017339 -0.059821 0.000000 -0.000000 7.000000 0.039000
1396.000000 -0.017339 -0.059821 0.000000 -0.000000 7.000000 0.039000
1397.000000 -0.017339 -0.059821 0.000000 -0.000000 7.000000 0.039000
1398.000000 -0.017339 -0.059821 0.000000 -0.000000 7.000000 0.039000
1399.000000 -0.017339 -0.059821 0.000000 -0.000000 7.000000 0.039000
1400.000000 -0.017339 -0.059821 0.000000 -0.000000 7.000000 0.039000
1401.000000 -0.017339 -0.059821 0.000000 -0.000000 7.000000 0.039000
1402.000000 -0.017339 -0.059821 0.000000 -0.000000 7.000000 0.039000
1403.000000 -0.017339 -0.059821 0.000000 -0.000000 7.000000 0.039000
1404.000000 -0.017339 -0.059821 0.000000 -0.000000 7.000000 0.039000
1405.000000 -0.017339 -0.059821 0.000000 -0.000000 7.000000 0.039000
1406.000000 -0.017339 -0.059821 0.000000 -0.000000 7.000000 0.039000
1407.000000 -0.017339 -0.059821 0.000000 -0.000000 7.000000 0.039000
1408.000000 -0.017339 -0.059821 0.000000 -0.000000 7.000000 0.039000
1409.000000 -0.017339 -0.059821 0.000000 -0.000000 7.000000 0.039000
1410.000000 -0.017339 -0.059821 0.000000 -0.000000 7.000000 0.039000
1411.000000 -0.017339 -0.059821 0.000000 -0.000000 7.000000 0.039000
1412.000000 -0.017339 -0.059821 0.000000 -0.000000 7.000000 0.039000
1413.000000 -0.017339 -0.059821 0.000000 -0.000000 7.000000 0.039000
1414.000000 -0.017299 -0.059858 0.001967 -0.001767 7.000000 0.039000
1415.000000 -0.017299 -0.059858 0.002970 -0.002667 7.000000 0.039000
1416.000000 -0.017281 -0.059823 0.002413 0.000327 7.000000 0.039000
1417.000000 -0.017281 -0.059823 0.002129 0.001852 7.000000 0.039000
1418.000000 -0.017281 -0.059823 0.001085 0.000944 7.000000 0.039000
1419.000000 -0.017281 -0.059823 0.000553 0.000481 7.000000 0.039000
1420.000000 -0.017281 -0.059823 0.000282 0.000245 7.000000 0.039000
1421.000000 -0.017281 -0.059823 0.000143 0.000125 7.000000 0.039000
1422.000000 -0.017281 -0.059823 0.000073 0.000064 7.000000 0.039000
1423.000000 -0.017281 -0.059823 0.000037 0.000032 7.000000 0.039000
1424.000000 -0.017281 -0.059823 0.000019 0.000017 7.000000 0.039000
1425.000000 -0.017281 -0.059823 0.000010 0.000008 7.000000 0.039000
1426.000000 -0.017281 -0.059823 0.000005 0.000004 7.000000 0.039000
1427.000000 -0.017281 -0.059823 0.000003 0.000002 7.000000 0.039000
1428.000000 -0.017281 -0.059823 0.000001 0.000001 7.000000 0.039000
1429.000000 -0.017281 -0.059823 0.000001 0.000001 7.000000 0.039000
1430.000000 -0.017281 -0.059823 0.000000 0.000000 7.000000 0.039000
1431.000000 -0.017281 -0.059823 0.000000 0.000000 7.000000 0.039000
1432.000000 -0.017281 -0.059823 0.000000 0.000000 7.000000 0.039000
1433.000000 -0.017281 -0.059823 0.000000 0.000000 7.000000 0.039000
1434.000000 -0.017281 -0.059823 0.000000 0.000000 7.000000 0.039000
1435.000000 -0.017281 -0.059823 0.000000 0.000000 7.000000 0.039000
1436.000000 -0.017281 -0.059823 0.000000 0.000000 7.000000 0.039000
1437.000000 -0.017281 -0.059823 0.000000 0.000000 7.000000 0.039000
1438.000000 -0.017281 -0.059823 0.000000 0.000000 7.000000 0.039000
1439.000000 -0.017281 -0.059823 0.000000 0.000000 7.000000 0.039000
1440.000000 -0.017281 -0.059823 0.000000 0.000000 7.000000 0.039000
1441.000000 -0.017281 -0.059823 0.000000 0.000000 7.000000 0.039000
1442.000000 -0.017281 -0.059823 0.000000 0.000000 7.000000 0.039000
1443.000000 -0.017281 -0.059823 0.000000 0.000000 7.000000 0.039000
1444.000000 -0.017281 -0.059823 0.000000 0.000000 7.000000 0.039000
1445.000000 -0.017281 -0.059823 0.000000 0.000000 7.000000 0.039000
1446.000000 -0.017281 -0.059823 0.000000 0.000000 7.000000 0.039000
1447.000000 -0.017281 -0.059823 0.000000 0.000000 7.000000 0.039000
1448.000000 -0.017281 -0.059823 0.000000 0.000000 7.000000 0.039000
1449.000000 -0.017281 -0.059823 0.000000 0.000000 7.000000 0.039000
1450.000000 -0.017281 -0.059823 0.000000 0.000000 7.000000 0.039000
1451.000000 -0.017281 -0.059823 0.000000 0.000000 7.000000 0.039000
1452.000000 -0.017281 -0.059823 0.000000 0.000000 7.000000 0.039000
1453.000000 -0.017281 -0.059823 0.000000 0.000000 7.000000 0.039000
1454.000000 -0.017281 -0.059823 0.000000 0.000000 7.000000 0.039000
1455.000000 -0.017281 -0.059823 0.000000 0.000000 7.000000 0.039000
1456.000000 -0.017281 -0.059823 0.000000 0.000000 7.000000 0.039000
1457.000000 -0.017281 -0.059823 0.000000 0.000000 7.000000 0.039000
1458.000000 -0.017281 -0.059823 0.000000 0.000000 7.000000 0.039000
1459.000000 -0.017281 -0.059823 0.000000 0.000000 7.000000 0.039000
1460.000000 -0.017281 -0.059823 0.000000 0.000000 7.000000 0.039000
1461.000000 -0.017281 -0.059823 0.000000 0.000000 7.000000 0.039000
1462.000000 -0.017281 -0.059823 0.000000 0.000000 7.000000 0.039000
1463.000000 -0.017281 -0.059823 0.000000 0.000000 7.000000 0.039000
1464.000000 -0.017281 -0.059823 0.000000 0.000000 7.000000 0.039000
1465.000000 -0.017281 -0.059823 0.000000 0.000000 7.000000 0.039000
1466.000000 -0.017281 -0.059823 0.000000 0.000000 7.000000 0.039000
1467.000000 -0.017281 -0.059823 0.000000 0.000000 7.000000 0.039000
1468.000000 -0.017281 -0.059823 0.000000 0.000000 7.000000 0.039000
1469.000000 -0.017281 -0.059823 0.000000 0.000000 7.000000 0.039000
1470.000000 -0.017281 -0.059823 0.000000 0.000000 7.000000 0.039000
1471.000000 -0.017281 -0.059823 0.000000 0.000000 7.000000 0.039000
1472.000000 -0.017281 -0.059823 0.000000 0.000000 7.000000 0.039000
1473.000000 -0.017281 -0.059823 0.000000 0.000000 7.000000 0.039000
1474.000000 -0.017281 -0.059823 0.000000 0.000000 7.000000 0.039000
1475.000000 -0.017281 -0.059823 0.000000 0.000000 7.000000 0.039000
1476.000000 -0.017281 -0.059823 0.000000 0.000000 7.000000 0.039000
1477.000000 -0.017281 -0.059823 0.000000 0.000000 7.000000 0.039000
1478.000000 -0.017281 -0.059823 0.000000 0.000000 7.000000 0.039000
1479.000000 -0.017281 -0.059823 0.000000 0.000000 7.000000 0.039000
1480.000000 -0.017281 -0.059823 0.000000 0.000000 7.000000 0.039000
1481.000000 -0.017281 -0.059823 0.000000 0.000000 7.000000 0.039000
1482.000000 -0.017281 -0.059823 0.000000 0.000000 7.000000 0.039000
1483.000000 -0.017281 -0.059823 0.000000 0.000000 7.000000 0.039000
1484.000000 -0.017281 -0.059823 0.000000 0.000000 7.000000 0.039000
1485.000000 -0.017281 -0.059823 0.000000 0.000000 7.000000 0.039000
1486.000000 -0.017281 -0.059823 0.000000 0.000000 7.000000 0.039000
1487.000000 -0.017281 -0.059823 0.000000 0.000000 7.000000 0.039000
1488.000000 -0.017281 -0.059823 0.000000 0.000000 7.000000 0.039000
1489.000000 -0.017281 -0.059823 0.000000 0.000000 7.000000 0.039000
1490.000000 -0.017281 -0.059823 0.000000 0.000000 7.000000 0.039000
1491.000000 -0.017281 -0.059823 0.000000 0.000000 7.000000 0.039000
1492.000000 -0.017281 -0.059823 0.000000 0.000000 7.000000 0.039000
1493.000000 -0.017281 -0.059823 0.000000 0.000000 7.000000 0.039000
1494.000000 -0.017281 -0.059823 0.000000 0.000000 7.000000 0.039000
1495.000000 -0.017281 -0.059823 0.000000 0.000000 7.000000 0.039000
1496.000000 -0.017281 -0.059823 0.000000 0.000000 7.000000 0.039000
1497.000000 -0.017281 -0.059823 0.000000 0.000000 7.000000 0.039000
1498.000000 -0.017281 -0.059823 0.000000 0.000000 7.000000 0.039000
1499.000000 -0.017281 -0.059823 0.000000 0.000000 7.000000 0.039000
1500.000000 -0.017281 -0.059823 0.000000 0.000000 7.000000 0.039000
1501.000000 -0.017281 -0.059823 0.000000 0.000000 7.000000 0.039000
1502.000000 -0.017281 -0.059823 0.000000 0.000000 7.000000 0.039000
1503.000000 -0.017281 -0.059823 0.000000 0.000000 7.000000 0.039000
1504.000000 -0.017281 -0.059823 0.000000 0.000000 7.000000 0.039000
1505.000000 -0.017281 -0.059823 0.000000 0.000000 7.000000 0.039000
1506.000000 -0.017281 -0.059823 0.000000 0.000000 7.000000 0.039000
1507.000000 -0.017281 -0.059823 0.000000 0.000000 7.000000 0.039000
1508.000000 -0.017281 -0.059823 0.000000 0.000000 7.000000 0.039000
1509.000000 -0.017281 -0.059823 0.000000 0.000000 7.000000 0.039000
1510.000000 -0.017281 -0.059823 0.000000 0.000000 7.000000 0.039000
1511.000000 -0.017281 -0.059823 0.000000 0.000000 7.000000 0.039000
