1446.912 997.9575 3111.535 214.3536 755.6078
290.1212 2473.945 7032.744 1016.315 3629.668
3280.038 681.1564 1263.782 3942.237 1118.536
16168.22 1708.11 239.8533 4925.882 281.156
1169.41 4769.181 25566.25 4976.54 736.0561
1169.44 4126.697 2565.533 492.2981 6280.733
312.5246 1291.531 3473.309 1017.02 573.7998
5281.65 4382.79 3765.654 6339.652 828.5964
693.5908 5533.74 1091.469 684.7989 1414.735
794.039 2240.158 1106.851 225.2264 853.0938
2036.848 1473.957 727.0045 982.2765 211.0142
2488.996 3382.357 2173.748 269.0085 1375.924
3001.97 411.6382 1024.863 18507.96 482.0539
896.5213 318.4653 3046.518 5047.345 4856.576
11898.26 2448.203 2456.652 4864.539 833.0479
656.3378 5694.746 1534.176 1746.866 4851.224
4652.229 1101.728 858.8336 6423.699 4043.812
13339.87 2103.679 3567.456 900.1896 1339.083
3000.52 295.0398 17834.96 4263.903 2407.606
12230.83 2569.921 7522.99 3951.851 618.3931
373.8131 621.7962 1282.704 6877.889 2312.633
792.9386 1133.455 2989.002 1709.794 4043.559
855.428 9610.214 818.3217 1089.292 4225.281
3468.669 3719.201 15360.12 5570.899 257.1586
8528.367 678.8482 659.1114 814.1586 1087.923
6764.135 895.0288 2233.88 2893.491 2222.131
1982.549 310.9981 1089.69 2785.412 3121.196
282.7543 1689.112 203.446 5824.949 3202.595
9675.774 1440.607 16074.78 1246.622 2170.895
934.5313 598.9518 5461.532 2342.402 4258.315
2677.53 1121.003 2551.141 4164.055 7068.63
13709.64 1044.289 244.7523 2926.796 2988.069
883.8866 4448.474 2926.074 2656.753 210.3088
10046.43 11287.66 2330.788 497.1185 690.0143
588.5836 5174.621 799.7647 751.7822 7557.703
4342.311 1787.999 2722.563 1000.493 2747.326
10560.2 297.4376 520.2546 2000.909 4334.331
567.9859 2459.682 12607.73 2807.113 2332.722
2440.514 6827.577 2873.387 366.533 1781.877
3278.233 524.5315 2599.098 7121.799 931.029
4185.952 8409.233 6597.804 3142.03 2069.175
2867.501 1223.676 3093.347 10990.24 1340.541
2652.069 2351.039 876.164 6519.706 8041.073
265.5891 3945.806 1611.138 2161.426 1370.74
1563.54 6183.632 5844.831 1452.164 13668.05
4538.617 3898.525 1893.808 1367.575 1934.169
2412.363 1580.49 1644.097 886.0061 304.027
259.3483 2820.086 2600.707 6123.924 1599.372
8797.708 1140.248 8396.194 989.6434 8117.227
5130.942 5560.589 6095.341 418.5985 3073.165
6832.53 439.2007 3772.288 2327.544 6145.45
14360.44 3614.1 3553.334 927.1092 618.4677
2423.36 810.293 348.6814 1094.893 900.2127
221.3632 488.1815 5026.731 9348.92 2611.581
17774.59 2467.658 11725.49 2924.986 265.9227
1547.14 1013.466 4693.086 1931.96 850.2814
488.3454 7241.765 275.4385 1523.305 278.4225
10224.67 3424.032 9844.9 875.6157 1907.964
11910.41 1892.765 1528.757 1254.132 642.4753
9964.026 8451.539 3533.977 2519.47 1354.671
3816.22 2639.639 2807.241 2309.101 501.0247
6963.48 2558.841 1561.697 7991.592 2002.847
2918.049 4538.895 2859.456 607.0753 9402.702
933.1708 1507.945 3417.664 3580.89 418.3204
1416.467 9700.283 4448.162 3175.272 942.3978
1173.043 224.1647 8806.121 1569.46 1022.739
6612.795 8602.775 12392.87 18612.54 4408.364
293.0302 1024.807 6849.464 622.3745 4822.492
2887.23 299.6447 1115.269 9524.383 263.5701
10194.14 1346.949 1720.339 2096.211 1410.905
1744.329 5696.607 8369.901 7150.362 3513.699
7676.057 2641.263 755.976 3273.537 1207.157
524.5915 2985.47 3111.224 4037.789 519.8032
7262.18 1002.675 9952.065 4273.166 1796.578
15621.99 584.9181 1322.45 7090.435 3043.481
4201.081 1330.752 6248.401 12982.96 1018.874
2786.508 1835.742 2521.772 1386.57 2082.317
1071.993 641.5451 2417.5 1232.082 1020.035
3749.382 3401.66 1443.213 4762.676 2708.347
11732.29 724.4522 8631.475 673.619 5912.804
4161.082 2886.931 4397.905 8564.093 6052.089
3551.362 2417.059 4561.33 5800.95 2565.454
10609.14 6279.351 656.5213 511.6073 390.4384
1879.516 1535.13 2208.514 1253.683 1452.673
232.8006 3348.199 4512.029 730.4701 442.9133
4472.355 1059.38 2822.784 5234.818 5061.507
4726.869 3491.496 822.8614 3126.238 3043.661
2332.141 700.4454 6019.843 3668.831 1595.273
291.8165 5861.121 4945.29 378.732 2158.094
4744.353 997.3841 3926.085 2013.738 7044.283
2785.911 1851.58 7277.188 2792.644 3059.366
479.8921 3244.521 2276.713 3057.953 1118.869
1824.871 5373.09 2871.111 4474.687 4909.059
1256.516 4636.11 5587.13 2210.077 2306.617
12998.55 4131.61 8146.039 5009.072 1369.273
2242.958 2975.081 4740.008 787.58 4267.527
2906.562 421.0818 2472.041 4730.635 2896.979
2321.463 4359.665 763.7763 2648.295 2757.365
361.219 1278.217 1601.146 3024.608 8887.982
5640.561 2627.973 6041.595 5307.693 1394.567
