# imt log
s logheadsize 000234
s logcolumns 9
s logname /home/testac/lgames/fitts/20180628_Thu/run1.131835.dat
s logversion 2.0
s logdate "Thu Jun 28 13:18:37 EDT 2018"
s logidate 1530206317

# begin user data

# end user data

#####
65782.000000 -0.002374 0.002802 0.000000 -0.000000 -0.000000 -0.000000 0.000000 0.000000
65783.000000 -0.002374 0.002802 0.000000 -0.000000 -0.000000 -0.000000 0.000000 0.000000
65784.000000 -0.002374 0.002802 0.000000 -0.000000 -0.000000 -0.000000 0.000000 0.000000
65785.000000 -0.002374 0.002802 0.000000 -0.000000 -0.000000 -0.000000 0.000000 0.000000
65786.000000 -0.002374 0.002802 0.000000 -0.000000 -0.000000 -0.000000 0.000000 0.000000
65787.000000 -0.002374 0.002802 0.000000 -0.000000 -0.000000 -0.000000 0.000000 0.000000
65788.000000 -0.002374 0.002802 0.000000 -0.000000 -0.000000 -0.000000 0.000000 0.000000
65789.000000 -0.002374 0.002802 0.000000 -0.000000 -0.000000 -0.000000 0.000000 0.000000
65790.000000 -0.002374 0.002802 0.000000 -0.000000 -0.000000 -0.000000 0.000000 0.000000
65791.000000 -0.002374 0.002802 0.000000 -0.000000 -0.000000 -0.000000 0.000000 0.000000
65792.000000 -0.002374 0.002802 0.000000 -0.000000 -0.000000 -0.000000 0.000000 0.000000
65793.000000 -0.002374 0.002802 0.000000 -0.000000 -0.000000 -0.000000 0.000000 0.000000
65794.000000 -0.002374 0.002802 0.000000 -0.000000 -0.000000 -0.000000 0.000000 0.000000
65795.000000 -0.002374 0.002802 0.000000 -0.000000 -0.000000 -0.000000 0.000000 0.000000
65796.000000 -0.002374 0.002802 0.000000 -0.000000 -0.000000 -0.000000 0.000000 0.000000
65797.000000 -0.002374 0.002802 0.000000 -0.000000 -0.000000 -0.000000 0.000000 0.000000
65798.000000 -0.002374 0.002802 0.000000 -0.000000 -0.000000 -0.000000 0.000000 0.000000
65799.000000 -0.002374 0.002802 0.000000 -0.000000 -0.000000 -0.000000 0.000000 0.000000
65800.000000 -0.002374 0.002802 0.000000 -0.000000 -0.000000 -0.000000 0.000000 0.000000
65801.000000 -0.002374 0.002802 0.000000 -0.000000 -0.000000 -0.000000 0.000000 0.000000
65802.000000 -0.002374 0.002802 0.000000 -0.000000 -0.000000 -0.000000 0.000000 0.000000
65803.000000 -0.002374 0.002802 0.000000 -0.000000 -0.000000 -0.000000 0.000000 0.000000
65804.000000 -0.002374 0.002802 0.000000 -0.000000 -0.000000 -0.000000 0.000000 0.000000
65805.000000 -0.002374 0.002802 0.000000 -0.000000 -0.000000 -0.000000 0.000000 0.000000
65806.000000 -0.002374 0.002802 0.000000 -0.000000 -0.000000 -0.000000 0.000000 0.000000
65807.000000 -0.002374 0.002802 0.000000 -0.000000 -0.000000 -0.000000 0.000000 0.000000
65808.000000 -0.002374 0.002802 0.000000 -0.000000 -0.000000 -0.000000 0.000000 0.000000
65809.000000 -0.002374 0.002802 0.000000 -0.000000 -0.000000 -0.000000 0.000000 0.000000
65810.000000 -0.002374 0.002802 0.000000 -0.000000 -0.000000 -0.000000 0.000000 0.000000
65811.000000 -0.002374 0.002802 0.000000 -0.000000 -0.000000 -0.000000 0.000000 0.000000
65812.000000 -0.002374 0.002802 0.000000 -0.000000 -0.000000 -0.000000 0.000000 0.000000
65813.000000 -0.002374 0.002802 0.000000 -0.000000 -0.000000 -0.000000 0.000000 0.000000
65814.000000 -0.002374 0.002802 0.000000 -0.000000 -0.000000 -0.000000 0.000000 0.000000
65815.000000 -0.002374 0.002802 0.000000 -0.000000 -0.000000 -0.000000 0.000000 0.000000
65816.000000 -0.002374 0.002802 0.000000 -0.000000 -0.000000 -0.000000 0.000000 0.000000
65817.000000 -0.002374 0.002802 0.000000 -0.000000 -0.000000 -0.000000 0.000000 0.000000
65818.000000 -0.002374 0.002802 0.000000 -0.000000 -0.000000 -0.000000 0.000000 0.000000
65819.000000 -0.002374 0.002802 0.000000 -0.000000 -0.000000 -0.000000 0.000000 0.000000
65820.000000 -0.002374 0.002802 0.000000 -0.000000 -0.000000 -0.000000 0.000000 0.000000
65821.000000 -0.002374 0.002802 0.000000 -0.000000 -0.000000 -0.000000 0.000000 0.000000
65822.000000 -0.002374 0.002802 0.000000 -0.000000 -0.000000 -0.000000 0.000000 0.000000
65823.000000 -0.002374 0.002802 0.000000 -0.000000 -0.000000 -0.000000 0.000000 0.000000
65824.000000 -0.002374 0.002802 0.000000 -0.000000 -0.000000 -0.000000 0.000000 0.000000
65825.000000 -0.002374 0.002802 0.000000 -0.000000 -0.000000 -0.000000 0.000000 0.000000
65826.000000 -0.002374 0.002802 0.000000 -0.000000 -0.000000 -0.000000 0.000000 0.000000
65827.000000 -0.002374 0.002802 0.000000 -0.000000 -0.000000 -0.000000 0.000000 0.000000
65828.000000 -0.002374 0.002802 0.000000 -0.000000 -0.000000 -0.000000 0.000000 0.000000
65829.000000 -0.002374 0.002802 0.000000 -0.000000 -0.000000 -0.000000 0.000000 0.000000
65830.000000 -0.002374 0.002802 0.000000 -0.000000 -0.000000 -0.000000 0.000000 0.000000
65831.000000 -0.002374 0.002802 0.000000 -0.000000 -0.000000 -0.000000 0.000000 0.000000
65832.000000 -0.002374 0.002802 0.000000 -0.000000 -0.000000 -0.000000 0.000000 0.000000
65833.000000 -0.002374 0.002802 0.000000 -0.000000 -0.000000 -0.000000 0.000000 0.000000
65834.000000 -0.002374 0.002802 0.000000 -0.000000 -0.000000 -0.000000 0.000000 0.000000
65835.000000 -0.002374 0.002802 0.000000 -0.000000 -0.000000 -0.000000 0.000000 0.000000
65836.000000 -0.002374 0.002802 0.000000 -0.000000 -0.000000 -0.000000 0.000000 0.000000
65837.000000 -0.002374 0.002802 0.000000 -0.000000 -0.000000 -0.000000 0.000000 0.000000
65838.000000 -0.002374 0.002802 0.000000 -0.000000 -0.000000 -0.000000 0.000000 0.000000
65839.000000 -0.002374 0.002802 0.000000 -0.000000 -0.000000 -0.000000 0.000000 0.000000
65840.000000 -0.002374 0.002802 0.000000 -0.000000 -0.000000 -0.000000 0.000000 0.000000
65841.000000 -0.002374 0.002802 0.000000 -0.000000 -0.000000 -0.000000 0.000000 0.000000
65842.000000 -0.002374 0.002802 0.000000 -0.000000 -0.000000 -0.000000 0.000000 0.000000
65843.000000 -0.002374 0.002802 0.000000 -0.000000 -0.000000 -0.000000 0.000000 0.000000
65844.000000 -0.002374 0.002802 0.000000 -0.000000 -0.000000 -0.000000 0.000000 0.000000
65845.000000 -0.002374 0.002802 0.000000 -0.000000 -0.000000 -0.000000 0.000000 0.000000
65846.000000 -0.002374 0.002802 0.000000 -0.000000 -0.000000 -0.000000 0.000000 0.000000
65847.000000 -0.002374 0.002802 0.000000 -0.000000 -0.000000 -0.000000 0.000000 0.000000
65848.000000 -0.002374 0.002802 0.000000 -0.000000 -0.000000 -0.000000 0.000000 0.000000
65849.000000 -0.002374 0.002802 0.000000 -0.000000 -0.000000 -0.000000 0.000000 0.000000
65850.000000 -0.002374 0.002802 0.000000 -0.000000 -0.000000 -0.000000 0.000000 0.000000
65851.000000 -0.002374 0.002802 0.000000 -0.000000 -0.000000 -0.000000 0.000000 0.000000
65852.000000 -0.002374 0.002802 0.000000 -0.000000 -0.000000 -0.000000 0.000000 0.000000
65853.000000 -0.002374 0.002802 0.000000 -0.000000 -0.000000 -0.000000 0.000000 0.000000
65854.000000 -0.002374 0.002802 0.000000 -0.000000 -0.000000 -0.000000 0.000000 0.000000
65855.000000 -0.002374 0.002802 0.000000 -0.000000 -0.000000 -0.000000 0.000000 0.000000
65856.000000 -0.002374 0.002802 0.000000 -0.000000 -0.000000 -0.000000 0.000000 0.000000
65857.000000 -0.002374 0.002802 0.000000 -0.000000 -0.000000 -0.000000 0.000000 0.000000
65858.000000 -0.002374 0.002802 0.000000 -0.000000 -0.000000 -0.000000 0.000000 0.000000
65859.000000 -0.002374 0.002802 0.000000 -0.000000 -0.000000 -0.000000 0.000000 0.000000
65860.000000 -0.002374 0.002802 0.000000 -0.000000 -0.000000 -0.000000 0.000000 0.000000
65861.000000 -0.002374 0.002802 0.000000 -0.000000 -0.000000 -0.000000 0.000000 0.000000
65862.000000 -0.002374 0.002802 0.000000 -0.000000 -0.000000 -0.000000 0.000000 0.000000
65863.000000 -0.002374 0.002802 0.000000 -0.000000 -0.000000 -0.000000 0.000000 0.000000
65864.000000 -0.002374 0.002802 0.000000 -0.000000 -0.000000 -0.000000 0.000000 0.000000
65865.000000 -0.002374 0.002802 0.000000 -0.000000 -0.000000 -0.000000 0.000000 0.000000
65866.000000 -0.002374 0.002802 0.000000 -0.000000 -0.000000 -0.000000 0.000000 0.000000
65867.000000 -0.002374 0.002802 0.000000 -0.000000 -0.000000 -0.000000 0.000000 0.000000
65868.000000 -0.002374 0.002802 0.000000 -0.000000 -0.000000 -0.000000 0.000000 0.000000
65869.000000 -0.002374 0.002802 0.000000 -0.000000 -0.000000 -0.000000 0.000000 0.000000
65870.000000 -0.002374 0.002802 0.000000 -0.000000 -0.000000 -0.000000 0.000000 0.000000
65871.000000 -0.002374 0.002802 0.000000 -0.000000 -0.000000 -0.000000 0.000000 0.000000
65872.000000 -0.002374 0.002802 0.000000 -0.000000 -0.000000 -0.000000 0.000000 0.000000
65873.000000 -0.002374 0.002802 0.000000 -0.000000 -0.000000 -0.000000 0.000000 0.000000
65874.000000 -0.002374 0.002802 0.000000 -0.000000 -0.000000 -0.000000 0.000000 0.000000
65875.000000 -0.002374 0.002802 0.000000 -0.000000 -0.000000 -0.000000 0.000000 0.000000
65876.000000 -0.002374 0.002802 0.000000 -0.000000 -0.000000 -0.000000 0.000000 0.000000
65877.000000 -0.002374 0.002802 0.000000 -0.000000 -0.000000 -0.000000 0.000000 0.000000
65878.000000 -0.002374 0.002802 0.000000 -0.000000 -0.000000 -0.000000 0.000000 0.000000
65879.000000 -0.002374 0.002802 0.000000 -0.000000 -0.000000 -0.000000 0.000000 0.000000
65880.000000 -0.002374 0.002802 0.000000 -0.000000 -0.000000 -0.000000 0.000000 0.000000
65881.000000 -0.002374 0.002802 0.000000 -0.000000 -0.000000 -0.000000 0.000000 0.000000
65882.000000 -0.002374 0.002802 0.000000 -0.000000 -0.000000 -0.000000 0.000000 0.000000
65883.000000 -0.002374 0.002802 0.000000 -0.000000 -0.000000 -0.000000 0.000000 0.000000
65884.000000 -0.002374 0.002802 0.000000 -0.000000 -0.000000 -0.000000 0.000000 0.000000
65885.000000 -0.002374 0.002802 0.000000 -0.000000 -0.000000 -0.000000 0.000000 0.000000
65886.000000 -0.002374 0.002802 0.000000 -0.000000 -0.000000 -0.000000 0.000000 0.000000
65887.000000 -0.002374 0.002802 0.000000 -0.000000 -0.000000 -0.000000 0.000000 0.000000
65888.000000 -0.002374 0.002802 0.000000 -0.000000 -0.000000 -0.000000 0.000000 0.000000
65889.000000 -0.002374 0.002802 0.000000 -0.000000 -0.000000 -0.000000 0.000000 0.000000
65890.000000 -0.002374 0.002802 0.000000 -0.000000 -0.000000 -0.000000 0.000000 0.000000
65891.000000 -0.002374 0.002802 0.000000 -0.000000 -0.000000 -0.000000 0.000000 0.000000
65892.000000 -0.002374 0.002802 0.000000 -0.000000 -0.000000 -0.000000 0.000000 0.000000
65893.000000 -0.002374 0.002802 0.000000 -0.000000 -0.000000 -0.000000 0.000000 0.000000
65894.000000 -0.002374 0.002802 0.000000 -0.000000 -0.000000 -0.000000 0.000000 0.000000
65895.000000 -0.002374 0.002802 0.000000 -0.000000 -0.000000 -0.000000 0.000000 0.000000
65896.000000 -0.002374 0.002802 0.000000 -0.000000 -0.000000 -0.000000 0.000000 0.000000
65897.000000 -0.002374 0.002802 0.000000 -0.000000 -0.000000 -0.000000 0.000000 0.000000
65898.000000 -0.002374 0.002802 0.000000 -0.000000 -0.000000 -0.000000 0.000000 0.000000
65899.000000 -0.002374 0.002802 0.000000 -0.000000 -0.000000 -0.000000 0.000000 0.000000
65900.000000 -0.002374 0.002802 0.000000 -0.000000 -0.000000 -0.000000 0.000000 0.000000
65901.000000 -0.002374 0.002802 0.000000 -0.000000 -0.000000 -0.000000 0.000000 0.000000
65902.000000 -0.002374 0.002802 0.000000 -0.000000 -0.000000 -0.000000 0.000000 0.000000
65903.000000 -0.002374 0.002802 0.000000 -0.000000 -0.000000 -0.000000 0.000000 0.000000
65904.000000 -0.002374 0.002802 0.000000 -0.000000 -0.000000 -0.000000 0.000000 0.000000
65905.000000 -0.002374 0.002802 0.000000 -0.000000 -0.000000 -0.000000 0.000000 0.000000
65906.000000 -0.002374 0.002802 0.000000 -0.000000 -0.000000 -0.000000 0.000000 0.000000
65907.000000 -0.002374 0.002802 0.000000 -0.000000 -0.000000 -0.000000 0.000000 0.000000
65908.000000 -0.002374 0.002802 0.000000 -0.000000 -0.000000 -0.000000 0.000000 0.000000
65909.000000 -0.002374 0.002802 0.000000 -0.000000 -0.000000 -0.000000 0.000000 0.000000
65910.000000 -0.002374 0.002802 0.000000 -0.000000 -0.000000 -0.000000 0.000000 0.000000
65911.000000 -0.002374 0.002802 0.000000 -0.000000 -0.000000 -0.000000 0.000000 0.000000
65912.000000 -0.002374 0.002802 0.000000 -0.000000 -0.000000 -0.000000 0.000000 0.000000
65913.000000 -0.002374 0.002802 0.000000 -0.000000 -0.000000 -0.000000 0.000000 0.000000
65914.000000 -0.002374 0.002802 0.000000 -0.000000 -0.000000 -0.000000 0.000000 0.000000
65915.000000 -0.002374 0.002802 0.000000 -0.000000 -0.000000 -0.000000 0.000000 0.000000
65916.000000 -0.002374 0.002802 0.000000 -0.000000 -0.000000 -0.000000 0.000000 0.000000
65917.000000 -0.002374 0.002802 0.000000 -0.000000 -0.000000 -0.000000 0.000000 0.000000
65918.000000 -0.002374 0.002802 0.000000 -0.000000 -0.000000 -0.000000 0.000000 0.000000
65919.000000 -0.002374 0.002802 0.000000 -0.000000 -0.000000 -0.000000 0.000000 0.000000
65920.000000 -0.002374 0.002802 0.000000 -0.000000 -0.000000 -0.000000 0.000000 0.000000
65921.000000 -0.002374 0.002802 0.000000 -0.000000 -0.000000 -0.000000 0.000000 0.000000
65922.000000 -0.002374 0.002802 0.000000 -0.000000 -0.000000 -0.000000 0.000000 0.000000
65923.000000 -0.002374 0.002802 0.000000 -0.000000 -0.000000 -0.000000 0.000000 0.000000
65924.000000 -0.002374 0.002802 0.000000 -0.000000 -0.000000 -0.000000 0.000000 0.000000
65925.000000 -0.002374 0.002802 0.000000 -0.000000 -0.000000 -0.000000 0.000000 0.000000
65926.000000 -0.002374 0.002802 0.000000 -0.000000 -0.000000 -0.000000 0.000000 0.000000
65927.000000 -0.002374 0.002802 0.000000 -0.000000 -0.000000 -0.000000 0.000000 0.000000
65928.000000 -0.002374 0.002802 0.000000 -0.000000 -0.000000 -0.000000 0.000000 0.000000
65929.000000 -0.002374 0.002802 0.000000 -0.000000 -0.000000 -0.000000 0.000000 0.000000
65930.000000 -0.002374 0.002802 0.000000 -0.000000 -0.000000 -0.000000 0.000000 0.000000
65931.000000 -0.002374 0.002802 0.000000 -0.000000 -0.000000 -0.000000 0.000000 0.000000
65932.000000 -0.002374 0.002802 0.000000 -0.000000 -0.000000 -0.000000 0.000000 0.000000
65933.000000 -0.002374 0.002802 0.000000 -0.000000 -0.000000 -0.000000 0.000000 0.000000
65934.000000 -0.002374 0.002802 0.000000 -0.000000 -0.000000 -0.000000 0.000000 0.000000
65935.000000 -0.002374 0.002802 0.000000 -0.000000 -0.000000 -0.000000 0.000000 0.000000
65936.000000 -0.002374 0.002802 0.000000 -0.000000 -0.000000 -0.000000 0.000000 0.000000
65937.000000 -0.002374 0.002802 0.000000 -0.000000 -0.000000 -0.000000 0.000000 0.000000
65938.000000 -0.002374 0.002802 0.000000 -0.000000 -0.000000 -0.000000 0.000000 0.000000
65939.000000 -0.002374 0.002802 0.000000 -0.000000 -0.000000 -0.000000 0.000000 0.000000
65940.000000 -0.002374 0.002802 0.000000 -0.000000 -0.000000 -0.000000 0.000000 0.000000
65941.000000 -0.002374 0.002802 0.000000 -0.000000 -0.000000 -0.000000 0.000000 0.000000
65942.000000 -0.002374 0.002802 0.000000 -0.000000 -0.000000 -0.000000 0.000000 0.000000
65943.000000 -0.002374 0.002802 0.000000 -0.000000 -0.000000 -0.000000 0.000000 0.000000
65944.000000 -0.002374 0.002802 0.000000 -0.000000 -0.000000 -0.000000 0.000000 0.000000
65945.000000 -0.002374 0.002802 0.000000 -0.000000 -0.000000 -0.000000 0.000000 0.000000
65946.000000 -0.002374 0.002802 0.000000 -0.000000 -0.000000 -0.000000 0.000000 0.000000
65947.000000 -0.002374 0.002802 0.000000 -0.000000 -0.000000 -0.000000 0.000000 0.000000
65948.000000 -0.002374 0.002802 0.000000 -0.000000 -0.000000 -0.000000 0.000000 0.000000
65949.000000 -0.002374 0.002802 0.000000 -0.000000 -0.000000 -0.000000 0.000000 0.000000
65950.000000 -0.002374 0.002802 0.000000 -0.000000 -0.000000 -0.000000 0.000000 0.000000
65951.000000 -0.002374 0.002802 0.000000 -0.000000 -0.000000 -0.000000 0.000000 0.000000
65952.000000 -0.002374 0.002802 0.000000 -0.000000 -0.000000 -0.000000 0.000000 0.000000
65953.000000 -0.002374 0.002802 0.000000 -0.000000 -0.000000 -0.000000 0.000000 0.000000
65954.000000 -0.002374 0.002802 0.000000 -0.000000 -0.000000 -0.000000 0.000000 0.000000
65955.000000 -0.002374 0.002802 0.000000 -0.000000 -0.000000 -0.000000 0.000000 0.000000
65956.000000 -0.002374 0.002802 0.000000 -0.000000 -0.000000 -0.000000 0.000000 0.000000
65957.000000 -0.002374 0.002802 0.000000 -0.000000 -0.000000 -0.000000 0.000000 0.000000
65958.000000 -0.002374 0.002802 0.000000 -0.000000 -0.000000 -0.000000 0.000000 0.000000
65959.000000 -0.002374 0.002802 0.000000 -0.000000 -0.000000 -0.000000 0.000000 0.000000
65960.000000 -0.002374 0.002802 0.000000 -0.000000 -0.000000 -0.000000 0.000000 0.000000
65961.000000 -0.002374 0.002802 0.000000 -0.000000 -0.000000 -0.000000 0.000000 0.000000
65962.000000 -0.002374 0.002802 0.000000 -0.000000 -0.000000 -0.000000 0.000000 0.000000
65963.000000 -0.002374 0.002802 0.000000 -0.000000 -0.000000 -0.000000 0.000000 0.000000
65964.000000 -0.002374 0.002802 0.000000 -0.000000 -0.000000 -0.000000 0.000000 0.000000
65965.000000 -0.002374 0.002802 0.000000 -0.000000 -0.000000 -0.000000 0.000000 0.000000
65966.000000 -0.002374 0.002802 0.000000 -0.000000 -0.000000 -0.000000 0.000000 0.000000
65967.000000 -0.002374 0.002802 0.000000 -0.000000 -0.000000 -0.000000 0.000000 0.000000
65968.000000 -0.002374 0.002802 0.000000 -0.000000 -0.000000 -0.000000 0.000000 0.000000
65969.000000 -0.002374 0.002802 0.000000 -0.000000 -0.000000 -0.000000 0.000000 0.000000
65970.000000 -0.002374 0.002802 0.000000 -0.000000 -0.000000 -0.000000 0.000000 0.000000
65971.000000 -0.002374 0.002802 0.000000 -0.000000 -0.000000 -0.000000 0.000000 0.000000
65972.000000 -0.002374 0.002802 0.000000 -0.000000 -0.000000 -0.000000 0.000000 0.000000
65973.000000 -0.002374 0.002802 0.000000 -0.000000 -0.000000 -0.000000 0.000000 0.000000
65974.000000 -0.002374 0.002802 0.000000 -0.000000 -0.000000 -0.000000 0.000000 0.000000
65975.000000 -0.002374 0.002802 0.000000 -0.000000 -0.000000 -0.000000 0.000000 0.000000
65976.000000 -0.002374 0.002802 0.000000 -0.000000 -0.000000 -0.000000 0.000000 0.000000
65977.000000 -0.002374 0.002802 0.000000 -0.000000 -0.000000 -0.000000 0.000000 0.000000
65978.000000 -0.002374 0.002802 0.000000 -0.000000 -0.000000 -0.000000 0.000000 0.000000
65979.000000 -0.002374 0.002802 0.000000 -0.000000 -0.000000 -0.000000 0.000000 0.000000
65980.000000 -0.002374 0.002802 0.000000 -0.000000 -0.000000 -0.000000 0.000000 0.000000
65981.000000 -0.002374 0.002802 0.000000 -0.000000 -0.000000 -0.000000 0.000000 0.000000
65982.000000 -0.002374 0.002802 0.000000 -0.000000 -0.000000 -0.000000 0.000000 0.000000
65983.000000 -0.002374 0.002802 0.000000 -0.000000 -0.000000 -0.000000 0.000000 0.000000
65984.000000 -0.002374 0.002802 0.000000 -0.000000 -0.000000 -0.000000 0.000000 0.000000
65985.000000 -0.002374 0.002802 0.000000 -0.000000 -0.000000 -0.000000 0.000000 0.000000
65986.000000 -0.002374 0.002802 0.000000 -0.000000 -0.000000 -0.000000 0.000000 0.000000
65987.000000 -0.002374 0.002802 0.000000 -0.000000 -0.000000 -0.000000 0.000000 0.000000
65988.000000 -0.002374 0.002802 0.000000 -0.000000 -0.000000 -0.000000 0.000000 0.000000
65989.000000 -0.002374 0.002802 0.000000 -0.000000 -0.000000 -0.000000 0.000000 0.000000
65990.000000 -0.002374 0.002802 0.000000 -0.000000 -0.000000 -0.000000 0.000000 0.000000
65991.000000 -0.002374 0.002802 0.000000 -0.000000 -0.000000 -0.000000 0.000000 0.000000
65992.000000 -0.002374 0.002802 0.000000 -0.000000 -0.000000 -0.000000 0.000000 0.000000
65993.000000 -0.002374 0.002802 0.000000 -0.000000 -0.000000 -0.000000 0.000000 0.000000
65994.000000 -0.002374 0.002802 0.000000 -0.000000 -0.000000 -0.000000 0.000000 0.000000
65995.000000 -0.002374 0.002802 0.000000 -0.000000 -0.000000 -0.000000 0.000000 0.000000
65996.000000 -0.002374 0.002802 0.000000 -0.000000 -0.000000 -0.000000 0.000000 0.000000
65997.000000 -0.002374 0.002802 0.000000 -0.000000 -0.000000 -0.000000 0.000000 0.000000
65998.000000 -0.002374 0.002802 0.000000 -0.000000 -0.000000 -0.000000 0.000000 0.000000
65999.000000 -0.002374 0.002802 0.000000 -0.000000 -0.000000 -0.000000 0.000000 0.000000
66000.000000 -0.002374 0.002802 0.000000 -0.000000 -0.000000 -0.000000 0.000000 0.000000
66001.000000 -0.002374 0.002802 0.000000 -0.000000 -0.000000 -0.000000 0.000000 0.000000
66002.000000 -0.002374 0.002802 0.000000 -0.000000 -0.000000 -0.000000 0.000000 0.000000
66003.000000 -0.002374 0.002802 0.000000 -0.000000 -0.000000 -0.000000 0.000000 0.000000
66004.000000 -0.002374 0.002802 0.000000 -0.000000 -0.000000 -0.000000 0.000000 0.000000
66005.000000 -0.002374 0.002802 0.000000 -0.000000 -0.000000 -0.000000 0.000000 0.000000
66006.000000 -0.002374 0.002802 0.000000 -0.000000 -0.000000 -0.000000 0.000000 0.000000
66007.000000 -0.002374 0.002802 0.000000 -0.000000 -0.000000 -0.000000 0.000000 0.000000
66008.000000 -0.002374 0.002802 0.000000 -0.000000 -0.000000 -0.000000 0.000000 0.000000
66009.000000 -0.002374 0.002802 0.000000 -0.000000 -0.000000 -0.000000 0.000000 0.000000
66010.000000 -0.002374 0.002802 0.000000 -0.000000 -0.000000 -0.000000 0.000000 0.000000
66011.000000 -0.002374 0.002802 0.000000 -0.000000 -0.000000 -0.000000 0.000000 0.000000
66012.000000 -0.002374 0.002802 0.000000 -0.000000 -0.000000 -0.000000 0.000000 0.000000
66013.000000 -0.002374 0.002802 0.000000 -0.000000 -0.000000 -0.000000 0.000000 0.000000
66014.000000 -0.002374 0.002802 0.000000 -0.000000 -0.000000 -0.000000 0.000000 0.000000
66015.000000 -0.002374 0.002802 0.000000 -0.000000 -0.000000 -0.000000 0.000000 0.000000
66016.000000 -0.002374 0.002802 0.000000 -0.000000 -0.000000 -0.000000 0.000000 0.000000
66017.000000 -0.002374 0.002802 0.000000 -0.000000 -0.000000 -0.000000 0.000000 0.000000
66018.000000 -0.002374 0.002802 0.000000 -0.000000 -0.000000 -0.000000 0.000000 0.000000
66019.000000 -0.002374 0.002802 0.000000 -0.000000 -0.000000 -0.000000 0.000000 0.000000
66020.000000 -0.002374 0.002802 0.000000 -0.000000 -0.000000 -0.000000 0.000000 0.000000
66021.000000 -0.002374 0.002802 0.000000 -0.000000 -0.000000 -0.000000 0.000000 0.000000
66022.000000 -0.002374 0.002802 0.000000 -0.000000 -0.000000 -0.000000 0.000000 0.000000
66023.000000 -0.002374 0.002802 0.000000 -0.000000 -0.000000 -0.000000 0.000000 0.000000
66024.000000 -0.002374 0.002802 0.000000 -0.000000 -0.000000 -0.000000 0.000000 0.000000
66025.000000 -0.002374 0.002802 0.000000 -0.000000 -0.000000 -0.000000 0.000000 0.000000
66026.000000 -0.002374 0.002802 0.000000 -0.000000 -0.000000 -0.000000 0.000000 0.000000
66027.000000 -0.002374 0.002802 0.000000 -0.000000 -0.000000 -0.000000 0.000000 0.000000
66028.000000 -0.002374 0.002802 0.000000 -0.000000 -0.000000 -0.000000 0.000000 0.000000
66029.000000 -0.002374 0.002802 0.000000 -0.000000 -0.000000 -0.000000 0.000000 0.000000
66030.000000 -0.002374 0.002802 0.000000 -0.000000 -0.000000 -0.000000 0.000000 0.000000
66031.000000 -0.002374 0.002802 0.000000 -0.000000 -0.000000 -0.000000 0.000000 0.000000
66032.000000 -0.002374 0.002802 0.000000 -0.000000 -0.000000 -0.000000 0.000000 0.000000
66033.000000 -0.002374 0.002802 0.000000 -0.000000 -0.000000 -0.000000 0.000000 0.000000
66034.000000 -0.002374 0.002802 0.000000 -0.000000 -0.000000 -0.000000 0.000000 0.000000
66035.000000 -0.002374 0.002802 0.000000 -0.000000 -0.000000 -0.000000 0.000000 0.000000
66036.000000 -0.002374 0.002802 0.000000 -0.000000 -0.000000 -0.000000 0.000000 0.000000
66037.000000 -0.002374 0.002802 0.000000 -0.000000 -0.000000 -0.000000 0.000000 0.000000
66038.000000 -0.002374 0.002802 0.000000 -0.000000 -0.000000 -0.000000 0.000000 0.000000
66039.000000 -0.002374 0.002802 0.000000 -0.000000 -0.000000 -0.000000 0.000000 0.000000
66040.000000 -0.002374 0.002802 0.000000 -0.000000 -0.000000 -0.000000 0.000000 0.000000
66041.000000 -0.002374 0.002802 0.000000 -0.000000 -0.000000 -0.000000 0.000000 0.000000
66042.000000 -0.002374 0.002802 0.000000 -0.000000 -0.000000 -0.000000 0.000000 0.000000
66043.000000 -0.002374 0.002802 0.000000 -0.000000 -0.000000 -0.000000 0.000000 0.000000
66044.000000 -0.002374 0.002802 0.000000 -0.000000 -0.000000 -0.000000 0.000000 0.000000
66045.000000 -0.002374 0.002802 0.000000 -0.000000 -0.000000 -0.000000 0.000000 0.000000
66046.000000 -0.002374 0.002802 0.000000 -0.000000 -0.000000 -0.000000 0.000000 0.000000
66047.000000 -0.002374 0.002802 0.000000 -0.000000 -0.000000 -0.000000 0.000000 0.000000
66048.000000 -0.002374 0.002802 0.000000 -0.000000 -0.000000 -0.000000 0.000000 0.000000
66049.000000 -0.002374 0.002802 0.000000 -0.000000 -0.000000 -0.000000 0.000000 0.000000
66050.000000 -0.002374 0.002802 0.000000 -0.000000 -0.000000 -0.000000 0.000000 0.000000
66051.000000 -0.002374 0.002802 0.000000 -0.000000 -0.000000 -0.000000 0.000000 0.000000
66052.000000 -0.002374 0.002802 0.000000 -0.000000 -0.000000 -0.000000 0.000000 0.000000
66053.000000 -0.002374 0.002802 0.000000 -0.000000 -0.000000 -0.000000 0.000000 0.000000
66054.000000 -0.002374 0.002802 0.000000 -0.000000 -0.000000 -0.000000 0.000000 0.000000
66055.000000 -0.002374 0.002802 0.000000 -0.000000 -0.000000 -0.000000 0.000000 0.000000
66056.000000 -0.002374 0.002802 0.000000 -0.000000 -0.000000 -0.000000 0.000000 0.000000
66057.000000 -0.002374 0.002802 0.000000 -0.000000 -0.000000 -0.000000 0.000000 0.000000
66058.000000 -0.002374 0.002802 0.000000 -0.000000 -0.000000 -0.000000 0.000000 0.000000
66059.000000 -0.002374 0.002802 0.000000 -0.000000 -0.000000 -0.000000 0.000000 0.000000
66060.000000 -0.002374 0.002802 0.000000 -0.000000 -0.000000 -0.000000 0.000000 0.000000
66061.000000 -0.002374 0.002802 0.000000 -0.000000 -0.000000 -0.000000 0.000000 0.000000
66062.000000 -0.002374 0.002802 0.000000 -0.000000 -0.000000 -0.000000 0.000000 0.000000
66063.000000 -0.002374 0.002802 0.000000 -0.000000 -0.000000 -0.000000 0.000000 0.000000
66064.000000 -0.002374 0.002802 0.000000 -0.000000 -0.000000 -0.000000 0.000000 0.000000
66065.000000 -0.002374 0.002802 0.000000 -0.000000 -0.000000 -0.000000 0.000000 0.000000
66066.000000 -0.002374 0.002802 0.000000 -0.000000 -0.000000 -0.000000 0.000000 0.000000
66067.000000 -0.002374 0.002802 0.000000 -0.000000 -0.000000 -0.000000 0.000000 0.000000
66068.000000 -0.002374 0.002802 0.000000 -0.000000 -0.000000 -0.000000 0.000000 0.000000
66069.000000 -0.002374 0.002802 0.000000 -0.000000 -0.000000 -0.000000 0.000000 0.000000
66070.000000 -0.002374 0.002802 0.000000 -0.000000 -0.000000 -0.000000 0.000000 0.000000
66071.000000 -0.002374 0.002802 0.000000 -0.000000 -0.000000 -0.000000 0.000000 0.000000
66072.000000 -0.002374 0.002802 0.000000 -0.000000 -0.000000 -0.000000 0.000000 0.000000
66073.000000 -0.002374 0.002802 0.000000 -0.000000 -0.000000 -0.000000 0.000000 0.000000
66074.000000 -0.002374 0.002802 0.000000 -0.000000 -0.000000 -0.000000 0.000000 0.000000
66075.000000 -0.002374 0.002802 0.000000 -0.000000 -0.000000 -0.000000 0.000000 0.000000
66076.000000 -0.002374 0.002802 0.000000 -0.000000 -0.000000 -0.000000 0.000000 0.000000
66077.000000 -0.002374 0.002802 0.000000 -0.000000 -0.000000 -0.000000 0.000000 0.000000
66078.000000 -0.002374 0.002802 0.000000 -0.000000 -0.000000 -0.000000 0.000000 0.000000
66079.000000 -0.002374 0.002802 0.000000 -0.000000 -0.000000 -0.000000 0.000000 0.000000
66080.000000 -0.002374 0.002802 0.000000 -0.000000 -0.000000 -0.000000 0.000000 0.000000
66081.000000 -0.002374 0.002802 0.000000 -0.000000 -0.000000 -0.000000 0.000000 0.000000
66082.000000 -0.002374 0.002802 0.000000 -0.000000 -0.000000 -0.000000 0.000000 0.000000
66083.000000 -0.002374 0.002802 0.000000 -0.000000 -0.000000 -0.000000 0.000000 0.000000
66084.000000 -0.002374 0.002802 0.000000 -0.000000 -0.000000 -0.000000 0.000000 0.000000
66085.000000 -0.002374 0.002802 0.000000 -0.000000 -0.000000 -0.000000 0.000000 0.000000
66086.000000 -0.002374 0.002802 0.000000 -0.000000 -0.000000 -0.000000 0.000000 0.000000
66087.000000 -0.002374 0.002802 0.000000 -0.000000 -0.000000 -0.000000 0.000000 0.000000
66088.000000 -0.002374 0.002802 0.000000 -0.000000 -0.000000 -0.000000 0.000000 0.000000
66089.000000 -0.002374 0.002802 0.000000 -0.000000 -0.000000 -0.000000 0.000000 0.000000
66090.000000 -0.002374 0.002802 0.000000 -0.000000 -0.000000 -0.000000 0.000000 0.000000
66091.000000 -0.002374 0.002802 0.000000 -0.000000 -0.000000 -0.000000 0.000000 0.000000
66092.000000 -0.002374 0.002802 0.000000 -0.000000 -0.000000 -0.000000 0.000000 0.000000
66093.000000 -0.002374 0.002802 0.000000 -0.000000 -0.000000 -0.000000 0.000000 0.000000
66094.000000 -0.002374 0.002802 0.000000 -0.000000 -0.000000 -0.000000 0.000000 0.000000
66095.000000 -0.002374 0.002802 0.000000 -0.000000 -0.000000 -0.000000 0.000000 0.000000
66096.000000 -0.002374 0.002802 0.000000 -0.000000 -0.000000 -0.000000 0.000000 0.000000
66097.000000 -0.002374 0.002802 0.000000 -0.000000 -0.000000 -0.000000 0.000000 0.000000
66098.000000 -0.002374 0.002802 0.000000 -0.000000 -0.000000 -0.000000 0.000000 0.000000
66099.000000 -0.002374 0.002802 0.000000 -0.000000 -0.000000 -0.000000 0.000000 0.000000
66100.000000 -0.002374 0.002802 0.000000 -0.000000 -0.000000 -0.000000 0.000000 0.000000
66101.000000 -0.002374 0.002802 0.000000 -0.000000 -0.000000 -0.000000 0.000000 0.000000
66102.000000 -0.002374 0.002802 0.000000 -0.000000 -0.000000 -0.000000 0.000000 0.000000
66103.000000 -0.002374 0.002802 0.000000 -0.000000 -0.000000 -0.000000 0.000000 0.000000
66104.000000 -0.002374 0.002802 0.000000 -0.000000 -0.000000 -0.000000 0.000000 0.000000
66105.000000 -0.002374 0.002802 0.000000 -0.000000 -0.000000 -0.000000 0.000000 0.000000
66106.000000 -0.002374 0.002802 0.000000 -0.000000 -0.000000 -0.000000 0.000000 0.000000
66107.000000 -0.002374 0.002802 0.000000 -0.000000 -0.000000 -0.000000 0.000000 0.000000
66108.000000 -0.002374 0.002802 0.000000 -0.000000 -0.000000 -0.000000 0.000000 0.000000
66109.000000 -0.002374 0.002802 0.000000 -0.000000 -0.000000 -0.000000 0.000000 0.000000
66110.000000 -0.002374 0.002802 0.000000 -0.000000 -0.000000 -0.000000 0.000000 0.000000
66111.000000 -0.002374 0.002802 0.000000 -0.000000 -0.000000 -0.000000 0.000000 0.000000
66112.000000 -0.002374 0.002802 0.000000 -0.000000 -0.000000 -0.000000 0.000000 0.000000
66113.000000 -0.002374 0.002802 0.000000 -0.000000 -0.000000 -0.000000 0.000000 0.000000
66114.000000 -0.002374 0.002802 0.000000 -0.000000 -0.000000 -0.000000 0.000000 0.000000
66115.000000 -0.002374 0.002802 0.000000 -0.000000 -0.000000 -0.000000 0.000000 0.000000
66116.000000 -0.002374 0.002802 0.000000 -0.000000 -0.000000 -0.000000 0.000000 0.000000
66117.000000 -0.002374 0.002802 0.000000 -0.000000 -0.000000 -0.000000 0.000000 0.000000
66118.000000 -0.002374 0.002802 0.000000 -0.000000 -0.000000 -0.000000 0.000000 0.000000
66119.000000 -0.002374 0.002802 0.000000 -0.000000 -0.000000 -0.000000 0.000000 0.000000
66120.000000 -0.002374 0.002802 0.000000 -0.000000 -0.000000 -0.000000 0.000000 0.000000
66121.000000 -0.002374 0.002802 0.000000 -0.000000 -0.000000 -0.000000 0.000000 0.000000
66122.000000 -0.002374 0.002802 0.000000 -0.000000 -0.000000 -0.000000 0.000000 0.000000
66123.000000 -0.002374 0.002802 0.000000 -0.000000 -0.000000 -0.000000 0.000000 0.000000
66124.000000 -0.002374 0.002802 0.000000 -0.000000 -0.000000 -0.000000 0.000000 0.000000
66125.000000 -0.002374 0.002802 0.000000 -0.000000 -0.000000 -0.000000 0.000000 0.000000
66126.000000 -0.002374 0.002802 0.000000 -0.000000 -0.000000 -0.000000 0.000000 0.000000
66127.000000 -0.002374 0.002802 0.000000 -0.000000 -0.000000 -0.000000 0.000000 0.000000
66128.000000 -0.002374 0.002802 0.000000 -0.000000 -0.000000 -0.000000 0.000000 0.000000
66129.000000 -0.002374 0.002802 0.000000 -0.000000 -0.000000 -0.000000 0.000000 0.000000
66130.000000 -0.002374 0.002802 0.000000 -0.000000 -0.000000 -0.000000 0.000000 0.000000
66131.000000 -0.002374 0.002802 0.000000 -0.000000 -0.000000 -0.000000 0.000000 0.000000
66132.000000 -0.002374 0.002802 0.000000 -0.000000 -0.000000 -0.000000 0.000000 0.000000
66133.000000 -0.002374 0.002802 0.000000 -0.000000 -0.000000 -0.000000 0.000000 0.000000
66134.000000 -0.002374 0.002802 0.000000 -0.000000 -0.000000 -0.000000 0.000000 0.000000
66135.000000 -0.002374 0.002802 0.000000 -0.000000 -0.000000 -0.000000 0.000000 0.000000
66136.000000 -0.002374 0.002802 0.000000 -0.000000 -0.000000 -0.000000 0.000000 0.000000
66137.000000 -0.002374 0.002802 0.000000 -0.000000 -0.000000 -0.000000 0.000000 0.000000
66138.000000 -0.002374 0.002802 0.000000 -0.000000 -0.000000 -0.000000 0.000000 0.000000
66139.000000 -0.002374 0.002802 0.000000 -0.000000 -0.000000 -0.000000 0.000000 0.000000
66140.000000 -0.002374 0.002802 0.000000 -0.000000 -0.000000 -0.000000 0.000000 0.000000
66141.000000 -0.002374 0.002802 0.000000 -0.000000 -0.000000 -0.000000 0.000000 0.000000
66142.000000 -0.002374 0.002802 0.000000 -0.000000 -0.000000 -0.000000 0.000000 0.000000
66143.000000 -0.002374 0.002802 0.000000 -0.000000 -0.000000 -0.000000 0.000000 0.000000
66144.000000 -0.002374 0.002802 0.000000 -0.000000 -0.000000 -0.000000 0.000000 0.000000
66145.000000 -0.002374 0.002802 0.000000 -0.000000 -0.000000 -0.000000 0.000000 0.000000
66146.000000 -0.002374 0.002802 0.000000 -0.000000 -0.000000 -0.000000 0.000000 0.000000
66147.000000 -0.002374 0.002802 0.000000 -0.000000 -0.000000 -0.000000 0.000000 0.000000
66148.000000 -0.002374 0.002802 0.000000 -0.000000 -0.000000 -0.000000 0.000000 0.000000
66149.000000 -0.002374 0.002802 0.000000 -0.000000 -0.000000 -0.000000 0.000000 0.000000
66150.000000 -0.002374 0.002802 0.000000 -0.000000 -0.000000 -0.000000 0.000000 0.000000
66151.000000 -0.002374 0.002802 0.000000 -0.000000 -0.000000 -0.000000 0.000000 0.000000
66152.000000 -0.002374 0.002802 0.000000 -0.000000 -0.000000 -0.000000 0.000000 0.000000
66153.000000 -0.002374 0.002802 0.000000 -0.000000 -0.000000 -0.000000 0.000000 0.000000
66154.000000 -0.002374 0.002802 0.000000 -0.000000 -0.000000 -0.000000 0.000000 0.000000
66155.000000 -0.002374 0.002802 0.000000 -0.000000 -0.000000 -0.000000 0.000000 0.000000
66156.000000 -0.002374 0.002802 0.000000 -0.000000 -0.000000 -0.000000 0.000000 0.000000
66157.000000 -0.002374 0.002802 0.000000 -0.000000 -0.000000 -0.000000 0.000000 0.000000
