# imt log
s logheadsize 000234
s logcolumns 7
s logname /home/testac/lgames/fitts/20180718_Wed/run1.131238.dat
s logversion 2.0
s logdate "Wed Jul 18 13:12:38 EDT 2018"
s logidate 1531933958

# begin user data

# end user data

#####
786.000000 0.001165 -0.000248 -0.016824 -0.003020 0.000000 0.000000
787.000000 0.001060 -0.000248 -0.018920 -0.001557 0.000000 0.000000
788.000000 0.000954 -0.000248 -0.019988 -0.000810 0.000000 0.000000
789.000000 0.000875 -0.000322 -0.019238 -0.004020 7.000000 0.033000
790.000000 0.000809 -0.000358 -0.016914 -0.007450 7.000000 0.033000
791.000000 0.000770 -0.000322 -0.013792 -0.003803 7.000000 0.033000
792.000000 0.000664 -0.000322 -0.014144 -0.000147 7.000000 0.033000
793.000000 0.000598 -0.000359 -0.015616 -0.001881 7.000000 0.033000
794.000000 0.000493 -0.000359 -0.016366 -0.002762 7.000000 0.033000
795.000000 0.000440 -0.000359 -0.016101 -0.001412 7.000000 0.033000
796.000000 0.000295 -0.000322 -0.017906 0.001075 7.000000 0.033000
797.000000 0.000216 -0.000396 -0.020123 -0.001253 7.000000 0.033000
798.000000 0.000123 -0.000359 -0.018662 -0.002436 7.000000 0.033000
799.000000 0.000097 -0.000432 -0.015334 -0.003039 7.000000 0.033000
800.000000 0.000005 -0.000396 -0.013636 -0.003345 7.000000 0.033000
801.000000 -0.000048 -0.000396 -0.014063 0.000095 7.000000 0.033000
802.000000 -0.000154 -0.000396 -0.014928 0.000052 7.000000 0.033000
803.000000 -0.000206 -0.000396 -0.015369 0.000030 7.000000 0.033000
804.000000 -0.000272 -0.000432 -0.013656 -0.001778 7.000000 0.033000
805.000000 -0.000404 -0.000359 -0.016658 0.000900 7.000000 0.033000
806.000000 -0.000484 -0.000432 -0.018840 0.000469 7.000000 0.033000
807.000000 -0.000536 -0.000432 -0.016075 -0.003349 7.000000 0.033000
808.000000 -0.000563 -0.000505 -0.012081 -0.005296 7.000000 0.033000
809.000000 -0.000602 -0.000469 -0.009393 -0.004492 7.000000 0.033000
810.000000 -0.000695 -0.000432 -0.011248 0.001315 7.000000 0.033000
811.000000 -0.000708 -0.000469 -0.010908 0.000677 7.000000 0.033000
812.000000 -0.000761 -0.000468 -0.008796 -0.001448 7.000000 0.033000
813.000000 -0.000813 -0.000468 -0.009658 -0.000729 7.000000 0.033000
814.000000 -0.000906 -0.000432 -0.012033 0.001438 7.000000 0.033000
815.000000 -0.000972 -0.000468 -0.013895 0.000747 7.000000 0.033000
816.000000 -0.001025 -0.000468 -0.012908 -0.001405 7.000000 0.033000
817.000000 -0.000998 -0.000541 -0.007881 -0.004308 7.000000 0.033000
818.000000 -0.001025 -0.000468 -0.004015 -0.002195 7.000000 0.033000
819.000000 -0.001077 -0.000468 -0.005918 0.002484 7.000000 0.033000
820.000000 -0.001091 -0.000505 -0.006256 -0.000525 7.000000 0.033000
821.000000 -0.001130 -0.000468 -0.005775 -0.000262 7.000000 0.033000
822.000000 -0.001143 -0.000504 -0.005531 -0.000128 7.000000 0.033000
823.000000 -0.001183 -0.000468 -0.005406 -0.000059 7.000000 0.033000
824.000000 -0.001236 -0.000468 -0.007278 0.001777 7.000000 0.033000
825.000000 -0.001209 -0.000541 -0.005014 -0.002686 7.000000 0.033000
826.000000 -0.001209 -0.000541 -0.001272 -0.004966 7.000000 0.033000
827.000000 -0.001196 -0.000504 0.000005 -0.000734 7.000000 0.033000
828.000000 -0.001249 -0.000504 -0.001933 0.001428 7.000000 0.033000
829.000000 -0.001249 -0.000504 -0.003573 0.000733 7.000000 0.033000
830.000000 -0.001249 -0.000504 -0.001821 0.000374 7.000000 0.033000
831.000000 -0.001249 -0.000504 -0.000928 0.000190 7.000000 0.033000
832.000000 -0.001249 -0.000504 -0.000473 0.000097 7.000000 0.033000
833.000000 -0.001262 -0.000541 -0.000894 -0.001746 7.000000 0.033000
834.000000 -0.001262 -0.000541 -0.001108 -0.002686 7.000000 0.033000
835.000000 -0.001262 -0.000541 -0.000565 -0.001368 7.000000 0.033000
836.000000 -0.001262 -0.000541 -0.000288 -0.000697 7.000000 0.033000
837.000000 -0.001262 -0.000541 -0.000147 -0.000355 7.000000 0.033000
838.000000 -0.001262 -0.000541 -0.000075 -0.000181 7.000000 0.033000
839.000000 -0.001262 -0.000541 -0.000038 -0.000092 7.000000 0.033000
840.000000 -0.001262 -0.000541 -0.000019 -0.000047 7.000000 0.033000
841.000000 -0.001262 -0.000541 -0.000010 -0.000024 7.000000 0.033000
842.000000 -0.001262 -0.000541 -0.000005 -0.000012 7.000000 0.033000
843.000000 -0.001262 -0.000541 -0.000003 -0.000006 7.000000 0.033000
844.000000 -0.001262 -0.000541 -0.000001 -0.000003 7.000000 0.033000
845.000000 -0.001262 -0.000541 -0.000001 -0.000002 7.000000 0.033000
846.000000 -0.001262 -0.000541 -0.000000 -0.000001 7.000000 0.033000
847.000000 -0.001262 -0.000541 -0.000000 -0.000000 7.000000 0.033000
848.000000 -0.001262 -0.000541 -0.000000 -0.000000 7.000000 0.033000
849.000000 -0.001262 -0.000541 -0.000000 -0.000000 7.000000 0.033000
850.000000 -0.001262 -0.000541 -0.000000 -0.000000 7.000000 0.033000
851.000000 -0.001262 -0.000541 -0.000000 -0.000000 7.000000 0.033000
852.000000 -0.001262 -0.000541 -0.000000 -0.000000 7.000000 0.033000
853.000000 -0.001262 -0.000541 -0.000000 -0.000000 7.000000 0.033000
854.000000 -0.001262 -0.000541 -0.000000 -0.000000 7.000000 0.033000
855.000000 -0.001262 -0.000541 -0.000000 -0.000000 7.000000 0.033000
856.000000 -0.001249 -0.000504 0.000653 0.001796 7.000000 0.033000
857.000000 -0.001249 -0.000504 0.000985 0.002711 7.000000 0.033000
858.000000 -0.001249 -0.000504 0.000502 0.001381 7.000000 0.033000
859.000000 -0.001249 -0.000504 0.000256 0.000704 7.000000 0.033000
860.000000 -0.001222 -0.000431 0.001435 0.003950 7.000000 0.033000
861.000000 -0.001222 -0.000431 0.002036 0.005605 7.000000 0.033000
862.000000 -0.001236 -0.000468 0.000385 0.001060 7.000000 0.033000
863.000000 -0.001236 -0.000468 -0.000456 -0.001256 7.000000 0.033000
864.000000 -0.001236 -0.000468 -0.000233 -0.000640 7.000000 0.033000
865.000000 -0.001183 -0.000468 0.002470 -0.000332 7.000000 0.033000
866.000000 -0.001183 -0.000468 0.003846 -0.000175 7.000000 0.033000
867.000000 -0.001143 -0.000504 0.003896 -0.001890 7.000000 0.033000
868.000000 -0.001143 -0.000504 0.003921 -0.002764 7.000000 0.033000
869.000000 -0.001117 -0.000431 0.003302 0.002184 7.000000 0.033000
870.000000 -0.001117 -0.000431 0.002986 0.004705 7.000000 0.033000
871.000000 -0.001130 -0.000468 0.000870 0.000601 7.000000 0.033000
872.000000 -0.001130 -0.000468 -0.000209 -0.001490 7.000000 0.033000
873.000000 -0.001130 -0.000468 -0.000107 -0.000759 7.000000 0.033000
874.000000 -0.001130 -0.000468 -0.000054 -0.000387 7.000000 0.033000
875.000000 -0.001091 -0.000505 0.001908 -0.001998 7.000000 0.033000
876.000000 -0.001077 -0.000468 0.003560 -0.001023 7.000000 0.033000
877.000000 -0.001077 -0.000468 0.002466 0.001275 7.000000 0.033000
878.000000 -0.001064 -0.000431 0.001908 0.002446 7.000000 0.033000
879.000000 -0.001064 -0.000431 0.001624 0.003042 7.000000 0.033000
880.000000 -0.001077 -0.000468 0.000176 -0.000246 7.000000 0.033000
881.000000 -0.001077 -0.000468 -0.000563 -0.001921 7.000000 0.033000
882.000000 -0.001077 -0.000468 -0.000287 -0.000979 7.000000 0.033000
883.000000 -0.001077 -0.000468 -0.000146 -0.000499 7.000000 0.033000
884.000000 -0.001077 -0.000468 -0.000074 -0.000254 7.000000 0.033000
885.000000 -0.001077 -0.000468 -0.000038 -0.000129 7.000000 0.033000
886.000000 -0.001077 -0.000468 -0.000019 -0.000066 7.000000 0.033000
887.000000 -0.001077 -0.000468 -0.000010 -0.000034 7.000000 0.033000
888.000000 -0.001077 -0.000468 -0.000005 -0.000017 7.000000 0.033000
889.000000 -0.001077 -0.000468 -0.000003 -0.000009 7.000000 0.033000
890.000000 -0.001077 -0.000468 -0.000001 -0.000004 7.000000 0.033000
891.000000 -0.001077 -0.000468 -0.000001 -0.000002 7.000000 0.033000
892.000000 -0.001077 -0.000468 -0.000000 -0.000001 7.000000 0.033000
893.000000 -0.001077 -0.000468 -0.000000 -0.000001 7.000000 0.033000
894.000000 -0.001077 -0.000468 -0.000000 -0.000000 7.000000 0.033000
895.000000 -0.001077 -0.000468 -0.000000 -0.000000 7.000000 0.033000
896.000000 -0.001077 -0.000468 -0.000000 -0.000000 7.000000 0.033000
897.000000 -0.001077 -0.000468 -0.000000 -0.000000 7.000000 0.033000
898.000000 -0.001077 -0.000468 -0.000000 -0.000000 7.000000 0.033000
899.000000 -0.001077 -0.000468 -0.000000 -0.000000 7.000000 0.033000
900.000000 -0.001077 -0.000468 -0.000000 -0.000000 7.000000 0.033000
901.000000 -0.001077 -0.000468 -0.000000 -0.000000 7.000000 0.033000
902.000000 -0.001077 -0.000468 -0.000000 -0.000000 7.000000 0.033000
903.000000 -0.001077 -0.000468 -0.000000 -0.000000 7.000000 0.033000
904.000000 -0.001077 -0.000468 -0.000000 -0.000000 7.000000 0.033000
905.000000 -0.001077 -0.000468 -0.000000 -0.000000 7.000000 0.033000
906.000000 -0.001077 -0.000468 -0.000000 -0.000000 7.000000 0.033000
907.000000 -0.001077 -0.000468 -0.000000 -0.000000 7.000000 0.033000
908.000000 -0.001077 -0.000468 -0.000000 -0.000000 7.000000 0.033000
909.000000 -0.001077 -0.000468 -0.000000 -0.000000 7.000000 0.033000
910.000000 -0.001077 -0.000468 -0.000000 -0.000000 7.000000 0.033000
911.000000 -0.001077 -0.000468 -0.000000 -0.000000 7.000000 0.033000
912.000000 -0.001077 -0.000468 -0.000000 -0.000000 7.000000 0.033000
913.000000 -0.001077 -0.000468 -0.000000 -0.000000 7.000000 0.033000
914.000000 -0.001077 -0.000468 -0.000000 -0.000000 7.000000 0.033000
915.000000 -0.001077 -0.000468 -0.000000 -0.000000 7.000000 0.033000
916.000000 -0.001077 -0.000468 -0.000000 -0.000000 7.000000 0.033000
917.000000 -0.001077 -0.000468 -0.000000 -0.000000 7.000000 0.033000
918.000000 -0.001077 -0.000468 -0.000000 -0.000000 7.000000 0.033000
919.000000 -0.001077 -0.000468 -0.000000 -0.000000 7.000000 0.033000
920.000000 -0.001077 -0.000468 -0.000000 -0.000000 7.000000 0.033000
921.000000 -0.001077 -0.000468 -0.000000 -0.000000 7.000000 0.033000
922.000000 -0.001077 -0.000468 -0.000000 -0.000000 7.000000 0.033000
923.000000 -0.001077 -0.000468 -0.000000 -0.000000 7.000000 0.033000
924.000000 -0.001077 -0.000468 -0.000000 -0.000000 7.000000 0.033000
925.000000 -0.001077 -0.000468 -0.000000 -0.000000 7.000000 0.033000
926.000000 -0.001077 -0.000468 -0.000000 -0.000000 7.000000 0.033000
927.000000 -0.001077 -0.000468 -0.000000 -0.000000 7.000000 0.033000
928.000000 -0.001077 -0.000468 -0.000000 -0.000000 7.000000 0.033000
929.000000 -0.001077 -0.000468 -0.000000 -0.000000 7.000000 0.033000
930.000000 -0.001077 -0.000468 -0.000000 -0.000000 7.000000 0.033000
931.000000 -0.001077 -0.000468 -0.000000 -0.000000 7.000000 0.033000
932.000000 -0.001077 -0.000468 -0.000000 -0.000000 7.000000 0.033000
933.000000 -0.001077 -0.000468 -0.000000 -0.000000 7.000000 0.033000
934.000000 -0.001077 -0.000468 -0.000000 -0.000000 7.000000 0.033000
935.000000 -0.001064 -0.000431 0.000652 0.001796 7.000000 0.033000
936.000000 -0.001064 -0.000431 0.000984 0.002711 7.000000 0.033000
937.000000 -0.001064 -0.000431 0.000501 0.001381 7.000000 0.033000
938.000000 -0.001064 -0.000431 0.000255 0.000704 7.000000 0.033000
939.000000 -0.001064 -0.000431 0.000130 0.000359 7.000000 0.033000
940.000000 -0.001064 -0.000431 0.000066 0.000183 7.000000 0.033000
941.000000 -0.001064 -0.000431 0.000034 0.000093 7.000000 0.033000
942.000000 -0.001064 -0.000431 0.000017 0.000047 7.000000 0.033000
943.000000 -0.001064 -0.000431 0.000009 0.000024 7.000000 0.033000
944.000000 -0.001064 -0.000431 0.000004 0.000012 7.000000 0.033000
945.000000 -0.001064 -0.000431 0.000002 0.000006 7.000000 0.033000
946.000000 -0.001064 -0.000431 0.000001 0.000003 7.000000 0.033000
947.000000 -0.001064 -0.000431 0.000001 0.000002 7.000000 0.033000
948.000000 -0.001064 -0.000431 0.000000 0.000001 7.000000 0.033000
949.000000 -0.001037 -0.000358 0.001303 0.003593 7.000000 0.033000
950.000000 -0.001037 -0.000358 0.001967 0.005423 7.000000 0.033000
951.000000 -0.001051 -0.000395 0.000351 0.000967 7.000000 0.033000
952.000000 -0.001051 -0.000395 -0.000473 -0.001304 7.000000 0.033000
953.000000 -0.001051 -0.000395 -0.000241 -0.000664 7.000000 0.033000
954.000000 -0.001051 -0.000395 -0.000123 -0.000338 7.000000 0.033000
955.000000 -0.001051 -0.000395 -0.000063 -0.000172 7.000000 0.033000
956.000000 -0.001051 -0.000395 -0.000032 -0.000088 7.000000 0.033000
957.000000 -0.001051 -0.000395 -0.000016 -0.000045 7.000000 0.033000
958.000000 -0.001051 -0.000395 -0.000008 -0.000023 7.000000 0.033000
959.000000 -0.001024 -0.000321 0.001298 0.003581 7.000000 0.033000
960.000000 -0.001037 -0.000358 0.001313 0.003621 7.000000 0.033000
961.000000 -0.001037 -0.000358 0.000018 0.000049 7.000000 0.033000
962.000000 -0.001037 -0.000358 0.000009 0.000025 7.000000 0.033000
963.000000 -0.001077 -0.000321 -0.001931 0.001814 7.000000 0.033000
964.000000 -0.001077 -0.000321 -0.002920 0.002726 7.000000 0.033000
965.000000 -0.001077 -0.000321 -0.001488 0.001389 7.000000 0.033000
966.000000 -0.001103 -0.000248 -0.002042 0.004305 7.000000 0.033000
967.000000 -0.001050 -0.000248 0.000261 0.005786 7.000000 0.033000
968.000000 -0.001090 -0.000211 0.000784 0.004745 7.000000 0.033000
969.000000 -0.001103 -0.000248 -0.002187 0.002422 7.000000 0.033000
970.000000 -0.001103 -0.000248 -0.001766 -0.000562 7.000000 0.033000
971.000000 -0.001103 -0.000248 -0.000900 -0.000286 7.000000 0.033000
972.000000 -0.001090 -0.000211 0.000193 0.001650 7.000000 0.033000
973.000000 -0.001129 -0.000175 -0.001186 0.004439 7.000000 0.033000
974.000000 -0.001129 -0.000175 -0.002540 0.004063 7.000000 0.033000
975.000000 -0.001169 -0.000138 -0.003229 0.003872 7.000000 0.033000
976.000000 -0.001103 -0.000101 -0.000344 0.005566 7.000000 0.033000
977.000000 -0.001142 -0.000065 0.001126 0.006429 7.000000 0.033000
978.000000 -0.001155 -0.000101 -0.002012 0.003281 7.000000 0.033000
979.000000 -0.001155 -0.000101 -0.001676 -0.000125 7.000000 0.033000
980.000000 -0.001142 -0.000065 -0.000203 0.001733 7.000000 0.033000
981.000000 -0.001142 -0.000065 0.000547 0.002679 7.000000 0.033000
982.000000 -0.001182 -0.000028 -0.001656 0.003167 7.000000 0.033000
983.000000 -0.001168 0.000009 -0.002129 0.005212 7.000000 0.033000
984.000000 -0.001208 0.000046 -0.002369 0.006255 7.000000 0.033000
985.000000 -0.001234 0.000119 -0.004426 0.008588 7.000000 0.033000
986.000000 -0.001181 0.000119 -0.000955 0.007969 7.000000 0.033000
987.000000 -0.001195 0.000082 0.001449 0.002258 7.000000 0.033000
988.000000 -0.001195 0.000082 0.000088 -0.000646 7.000000 0.033000
989.000000 -0.001221 0.000156 -0.001240 0.003270 7.000000 0.033000
990.000000 -0.001221 0.000156 -0.001916 0.005265 7.000000 0.033000
991.000000 -0.001208 0.000192 -0.000326 0.004479 7.000000 0.033000
992.000000 -0.001247 0.000229 -0.001451 0.005882 7.000000 0.033000
993.000000 -0.001273 0.000302 -0.003958 0.008399 7.000000 0.033000
994.000000 -0.001260 0.000339 -0.002652 0.009676 7.000000 0.033000
995.000000 -0.001247 0.000376 -0.000052 0.008524 7.000000 0.033000
996.000000 -0.001260 0.000339 -0.000026 0.004343 7.000000 0.033000
997.000000 -0.001286 0.000412 -0.001948 0.004016 7.000000 0.033000
998.000000 -0.001286 0.000412 -0.002277 0.005646 7.000000 0.033000
999.000000 -0.001312 0.000486 -0.002445 0.006477 7.000000 0.033000
1000.000000 -0.001312 0.000486 -0.002531 0.006900 7.000000 0.033000
1001.000000 -0.001339 0.000559 -0.002574 0.007116 7.000000 0.033000
1002.000000 -0.001378 0.000596 -0.004530 0.009030 7.000000 0.033000
1003.000000 -0.001352 0.000669 -0.002944 0.009999 7.000000 0.033000
1004.000000 -0.001352 0.000669 -0.000202 0.008689 7.000000 0.033000
1005.000000 -0.001352 0.000669 -0.000103 0.004427 7.000000 0.033000
1006.000000 -0.001378 0.000743 -0.001338 0.005857 7.000000 0.033000
1007.000000 -0.001378 0.000743 -0.001966 0.006585 7.000000 0.033000
1008.000000 -0.001404 0.000816 -0.002287 0.006956 7.000000 0.033000
1009.000000 -0.001391 0.000853 -0.001802 0.008943 7.000000 0.033000
1010.000000 -0.001470 0.000926 -0.004136 0.009963 7.000000 0.033000
1011.000000 -0.001483 0.001036 -0.006610 0.014085 7.000000 0.033000
1012.000000 -0.001469 0.001073 -0.003358 0.014374 15.000000 0.033000
1013.000000 -0.001456 0.001110 -0.000416 0.010919 15.000000 0.033000
1014.000000 -0.001469 0.001073 -0.000211 0.005563 15.000000 0.033000
1015.000000 -0.001496 0.001147 -0.002041 0.004639 15.000000 0.033000
1016.000000 -0.001522 0.001220 -0.003610 0.009569 15.000000 0.033000
1017.000000 -0.001509 0.001257 -0.002477 0.010276 15.000000 0.033000
1018.000000 -0.001548 0.001293 -0.002547 0.008839 15.000000 0.033000
1019.000000 -0.001614 0.001404 -0.006447 0.011718 15.000000 0.033000
1020.000000 -0.001587 0.001477 -0.005209 0.014975 15.000000 0.033000
1021.000000 -0.001613 0.001551 -0.002646 0.014830 15.000000 0.033000
1022.000000 -0.001600 0.001587 -0.001988 0.012958 15.000000 0.033000
1023.000000 -0.001600 0.001587 -0.000366 0.008400 15.000000 0.033000
1024.000000 -0.001626 0.001661 -0.001472 0.007884 15.000000 0.033000
1025.000000 -0.001653 0.001734 -0.003321 0.011225 15.000000 0.033000
1026.000000 -0.001679 0.001808 -0.004263 0.012928 15.000000 0.033000
1027.000000 -0.001705 0.001881 -0.004743 0.013797 15.000000 0.033000
1028.000000 -0.001731 0.001955 -0.004987 0.014240 15.000000 0.033000
1029.000000 -0.001744 0.002065 -0.004467 0.016265 15.000000 0.033000
1030.000000 -0.001770 0.002138 -0.004202 0.017297 15.000000 0.033000
1031.000000 -0.001757 0.002175 -0.002782 0.014217 15.000000 0.033000
1032.000000 -0.001784 0.002249 -0.002059 0.012648 15.000000 0.033000
1033.000000 -0.001810 0.002322 -0.003621 0.013657 15.000000 0.033000
1034.000000 -0.001836 0.002396 -0.004416 0.014171 15.000000 0.033000
1035.000000 -0.001862 0.002469 -0.004822 0.014434 15.000000 0.033000
1036.000000 -0.001888 0.002543 -0.005028 0.014568 15.000000 0.033000
1037.000000 -0.001902 0.002653 -0.004491 0.016436 15.000000 0.033000
1038.000000 -0.001954 0.002800 -0.005503 0.020997 15.000000 0.033000
1039.000000 -0.001980 0.002874 -0.006662 0.021522 15.000000 0.033000
1040.000000 -0.001967 0.002910 -0.004038 0.016373 15.000000 0.033000
1041.000000 -0.001993 0.002984 -0.002701 0.013750 15.000000 0.033000
1042.000000 -0.002020 0.003058 -0.003948 0.014223 15.000000 0.033000
1043.000000 -0.002046 0.003131 -0.004584 0.014464 15.000000 0.033000
1044.000000 -0.002059 0.003241 -0.004266 0.016387 15.000000 0.033000
1045.000000 -0.002124 0.003352 -0.006032 0.019178 15.000000 0.033000
1046.000000 -0.002177 0.003499 -0.008860 0.022412 15.000000 0.033000
1047.000000 -0.002190 0.003609 -0.007732 0.024050 15.000000 0.033000
1048.000000 -0.002243 0.003757 -0.007158 0.024887 15.000000 0.033000
1049.000000 -0.002229 0.003793 -0.005580 0.021702 15.000000 0.033000
1050.000000 -0.002256 0.003867 -0.003489 0.016469 15.000000 0.033000
1051.000000 -0.002308 0.004014 -0.005637 0.019226 15.000000 0.033000
1052.000000 -0.002321 0.004125 -0.006093 0.022432 15.000000 0.033000
1053.000000 -0.002374 0.004272 -0.006325 0.024068 15.000000 0.033000
1054.000000 -0.002387 0.004382 -0.006445 0.024902 15.000000 0.033000
1055.000000 -0.002479 0.004567 -0.008430 0.027142 15.000000 0.033000
1056.000000 -0.002492 0.004677 -0.009443 0.028284 15.000000 0.033000
1057.000000 -0.002492 0.004824 -0.005473 0.027043 15.000000 0.033000
1058.000000 -0.002545 0.004972 -0.005375 0.028226 15.000000 0.033000
1059.000000 -0.002610 0.005082 -0.008524 0.027040 15.000000 0.033000
1060.000000 -0.002663 0.005230 -0.010128 0.026439 15.000000 0.033000
1061.000000 -0.002715 0.005377 -0.010308 0.027935 15.000000 0.033000
1062.000000 -0.002768 0.005525 -0.010400 0.028700 15.000000 0.033000
1063.000000 -0.002807 0.005709 -0.009812 0.030894 15.000000 0.033000
1064.000000 -0.002899 0.005893 -0.011433 0.033831 15.000000 0.033000
1065.000000 -0.002925 0.006114 -0.011629 0.037132 15.000000 0.033000
1066.000000 -0.002978 0.006262 -0.009805 0.037000 15.000000 0.033000
1067.000000 -0.003017 0.006446 -0.009513 0.035134 15.000000 0.033000
1068.000000 -0.003057 0.006631 -0.008732 0.035987 15.000000 0.033000
1069.000000 -0.003136 0.006852 -0.010255 0.038244 15.000000 0.033000
1070.000000 -0.003175 0.007037 -0.011033 0.039396 15.000000 0.033000
1071.000000 -0.003254 0.007258 -0.011429 0.039988 15.000000 0.033000
1072.000000 -0.003333 0.007480 -0.013550 0.042112 15.000000 0.033000
1073.000000 -0.003399 0.007738 -0.014002 0.045004 15.000000 0.033000
1074.000000 -0.003465 0.007997 -0.013604 0.048286 15.000000 0.033000
1075.000000 -0.003492 0.008218 -0.011489 0.048142 15.000000 0.033000
1076.000000 -0.003610 0.008477 -0.012955 0.048091 15.000000 0.033000
1077.000000 -0.003663 0.008772 -0.014996 0.051698 15.000000 0.033000
1078.000000 -0.003768 0.009068 -0.015407 0.055348 15.000000 0.033000
1079.000000 -0.003834 0.009327 -0.016247 0.055408 15.000000 0.033000
1080.000000 -0.003926 0.009660 -0.016052 0.057253 15.000000 0.033000
1081.000000 -0.004019 0.009992 -0.017244 0.061832 15.000000 0.033000
1082.000000 -0.004163 0.010326 -0.020386 0.064195 15.000000 0.033000
1083.000000 -0.004243 0.010696 -0.021371 0.067216 15.000000 0.033000
1084.000000 -0.004283 0.011028 -0.016812 0.068722 15.000000 0.033000
1085.000000 -0.004428 0.011362 -0.017641 0.067714 15.000000 0.033000
1086.000000 -0.004546 0.011770 -0.021890 0.070870 15.000000 0.033000
1087.000000 -0.004639 0.012103 -0.021526 0.072465 15.000000 0.033000
1088.000000 -0.004758 0.012511 -0.021345 0.073292 15.000000 0.033000
1089.000000 -0.004864 0.012956 -0.021933 0.079175 15.000000 0.033000
1090.000000 -0.004983 0.013364 -0.022237 0.082186 15.000000 0.033000
1091.000000 -0.005090 0.013809 -0.022401 0.083736 15.000000 0.033000
1092.000000 -0.005235 0.014291 -0.023779 0.088188 15.000000 0.033000
1093.000000 -0.005303 0.014699 -0.022591 0.088632 15.000000 0.033000
1094.000000 -0.005422 0.015108 -0.020695 0.085228 15.000000 0.033000
1095.000000 -0.005529 0.015553 -0.021642 0.085343 15.000000 0.033000
1096.000000 -0.005675 0.016037 -0.023420 0.089069 15.000000 0.033000
1097.000000 -0.005820 0.016520 -0.026232 0.092825 15.000000 0.033000
1098.000000 -0.005915 0.017003 -0.025171 0.094728 15.000000 0.033000
1099.000000 -0.006049 0.017524 -0.024034 0.097531 15.000000 0.033000
1100.000000 -0.006182 0.018045 -0.025363 0.100821 15.000000 0.033000
1101.000000 -0.006316 0.018566 -0.026050 0.102518 15.000000 0.033000
1102.000000 -0.006360 0.019049 -0.022032 0.101523 15.000000 0.033000
1103.000000 -0.006506 0.019534 -0.020586 0.099222 15.000000 0.033000
1104.000000 -0.006628 0.020093 -0.023657 0.101761 15.000000 0.033000
1105.000000 -0.006724 0.020577 -0.022742 0.103040 15.000000 0.033000
1106.000000 -0.006834 0.021173 -0.021704 0.105533 15.000000 0.033000
1107.000000 -0.006956 0.021733 -0.022487 0.110488 15.000000 0.033000
1108.000000 -0.007079 0.022292 -0.023495 0.111220 15.000000 0.033000
1109.000000 -0.007201 0.022852 -0.024024 0.111616 15.000000 0.033000
1110.000000 -0.007312 0.023449 -0.023727 0.113659 15.000000 0.033000
1111.000000 -0.007358 0.023934 -0.019825 0.111008 15.000000 0.033000
1112.000000 -0.007481 0.024495 -0.018439 0.107862 15.000000 0.033000
1113.000000 -0.007554 0.025055 -0.019061 0.109951 15.000000 0.033000
1114.000000 -0.007666 0.025653 -0.018817 0.112860 15.000000 0.033000
1115.000000 -0.007739 0.026213 -0.018720 0.114362 15.000000 0.033000
1116.000000 -0.007840 0.026849 -0.018121 0.116976 15.000000 0.033000
1117.000000 -0.007952 0.027448 -0.019719 0.120189 15.000000 0.033000
1118.000000 -0.008027 0.028009 -0.019257 0.118165 15.000000 0.033000
1119.000000 -0.008078 0.028645 -0.016036 0.118944 15.000000 0.033000
1120.000000 -0.008103 0.029206 -0.011983 0.119320 15.000000 0.033000
1121.000000 -0.008228 0.029768 -0.013519 0.115924 15.000000 0.033000
1122.000000 -0.008280 0.030404 -0.015655 0.117906 15.000000 0.033000
1123.000000 -0.008345 0.031004 -0.013764 0.120723 15.000000 0.033000
1124.000000 -0.008371 0.031566 -0.011531 0.118487 15.000000 0.033000
1125.000000 -0.008425 0.032203 -0.009873 0.119199 15.000000 0.033000
1126.000000 -0.008478 0.032840 -0.010384 0.123278 15.000000 0.033000
1127.000000 -0.008533 0.033478 -0.010687 0.125382 15.000000 0.033000
1128.000000 -0.008550 0.034077 -0.009016 0.124607 15.000000 0.033000
1129.000000 -0.008567 0.034677 -0.006339 0.122363 15.000000 0.033000
1130.000000 -0.008584 0.035277 -0.005021 0.121241 15.000000 0.033000
1131.000000 -0.008602 0.035878 -0.004394 0.120690 15.000000 0.033000
1132.000000 -0.008610 0.036516 -0.003583 0.122263 15.000000 0.033000
1133.000000 -0.008656 0.037192 -0.004542 0.126795 15.000000 0.033000
1134.000000 -0.008675 0.037793 -0.005619 0.127292 15.000000 0.033000
1135.000000 -0.008722 0.038470 -0.006220 0.127573 15.000000 0.033000
1136.000000 -0.008682 0.039108 -0.003651 0.129530 15.000000 0.033000
1137.000000 -0.008692 0.039747 -0.000530 0.128676 15.000000 0.033000
1138.000000 -0.008665 0.040348 0.000466 0.126426 15.000000 0.033000
1139.000000 -0.008649 0.040912 0.002261 0.121586 15.000000 0.033000
1140.000000 -0.008650 0.041589 0.001776 0.122858 15.000000 0.033000
1141.000000 -0.008614 0.042229 0.002518 0.127201 15.000000 0.033000
1142.000000 -0.008578 0.042868 0.004689 0.127560 15.000000 0.033000
1143.000000 -0.008543 0.043508 0.005728 0.127766 15.000000 0.033000
1144.000000 -0.008557 0.044148 0.003824 0.127933 15.000000 0.033000
1145.000000 -0.008513 0.044826 0.003292 0.129884 15.000000 0.033000
1146.000000 -0.008480 0.045466 0.005332 0.130860 15.000000 0.033000
1147.000000 -0.008409 0.046069 0.007647 0.127656 15.000000 0.033000
1148.000000 -0.008388 0.046672 0.008263 0.124201 15.000000 0.033000
1149.000000 -0.008309 0.047312 0.009003 0.124306 15.000000 0.033000
1150.000000 -0.008268 0.047991 0.010315 0.128070 15.000000 0.033000
1151.000000 -0.008201 0.048594 0.010411 0.128164 15.000000 0.033000
1152.000000 -0.008124 0.049235 0.012236 0.126353 15.000000 0.033000
1153.000000 -0.008095 0.049877 0.011246 0.127335 15.000000 0.033000
1154.000000 -0.008020 0.050518 0.010661 0.127858 15.000000 0.033000
1155.000000 -0.007945 0.051160 0.012633 0.128109 15.000000 0.033000
1156.000000 -0.007834 0.051764 0.015411 0.126374 15.000000 0.033000
1157.000000 -0.007771 0.052368 0.016274 0.123661 15.000000 0.033000
1158.000000 -0.007698 0.053010 0.014778 0.124186 15.000000 0.033000
1159.000000 -0.007589 0.053614 0.016273 0.124438 15.000000 0.033000
1160.000000 -0.007509 0.054295 0.017422 0.126442 15.000000 0.033000
1161.000000 -0.007401 0.054899 0.017928 0.127483 15.000000 0.033000
1162.000000 -0.007370 0.055581 0.015781 0.128072 15.000000 0.033000
1163.000000 -0.007254 0.056224 0.015065 0.130247 15.000000 0.033000
1164.000000 -0.007149 0.056829 0.018328 0.127602 15.000000 0.033000
1165.000000 -0.006998 0.057434 0.021749 0.124390 15.000000 0.033000
1166.000000 -0.006904 0.058001 0.022966 0.120916 15.000000 0.033000
1167.000000 -0.006792 0.058645 0.021638 0.121057 15.000000 0.033000
1168.000000 -0.006643 0.059250 0.023638 0.122974 15.000000 0.033000
1169.000000 -0.006542 0.059857 0.024124 0.122114 15.000000 0.033000
1170.000000 -0.006395 0.060462 0.024277 0.121699 15.000000 0.033000
1171.000000 -0.006324 0.061145 0.022862 0.125254 15.000000 0.033000
1172.000000 -0.006179 0.061752 0.022048 0.127088 15.000000 0.033000
1173.000000 -0.006072 0.062397 0.023394 0.126156 15.000000 0.033000
1174.000000 -0.005900 0.062927 0.025412 0.121952 15.000000 0.033000
1175.000000 -0.005758 0.063534 0.028200 0.117945 15.000000 0.033000
1176.000000 -0.005625 0.064103 0.027691 0.117808 15.000000 0.033000
1177.000000 -0.005484 0.064710 0.027338 0.117761 15.000000 0.033000
1178.000000 -0.005345 0.065318 0.027497 0.119619 15.000000 0.033000
1179.000000 -0.005206 0.065926 0.027485 0.120587 15.000000 0.033000
1180.000000 -0.005068 0.066534 0.027387 0.121100 15.000000 0.033000
1181.000000 -0.004931 0.067142 0.027245 0.121383 15.000000 0.033000
1182.000000 -0.004803 0.067712 0.026677 0.119679 15.000000 0.033000
1183.000000 -0.004660 0.068359 0.026695 0.120700 15.000000 0.033000
1184.000000 -0.004542 0.068891 0.026231 0.119368 15.000000 0.033000
1185.000000 -0.004401 0.069539 0.025884 0.118713 15.000000 0.033000
1186.000000 -0.004277 0.070110 0.026040 0.120263 15.000000 0.033000
1187.000000 -0.004137 0.070757 0.026010 0.121076 15.000000 0.033000
1188.000000 -0.004015 0.071329 0.025919 0.121506 15.000000 0.033000
1189.000000 -0.003885 0.071938 0.025379 0.119876 15.000000 0.033000
1190.000000 -0.003765 0.072510 0.025028 0.119062 15.000000 0.033000
1191.000000 -0.003629 0.073159 0.025134 0.120539 15.000000 0.033000
1192.000000 -0.003518 0.073693 0.024736 0.119434 15.000000 0.033000
1193.000000 -0.003392 0.074303 0.024049 0.117020 15.000000 0.033000
1194.000000 -0.003237 0.074837 0.025860 0.115790 15.000000 0.033000
1195.000000 -0.003067 0.075448 0.028907 0.115170 15.000000 0.033000
1196.000000 -0.002914 0.075982 0.030384 0.114870 15.000000 0.033000
1197.000000 -0.002754 0.076555 0.030665 0.112864 15.000000 0.033000
1198.000000 -0.002565 0.077052 0.032585 0.109971 15.000000 0.033000
1199.000000 -0.002406 0.077625 0.033469 0.108516 15.000000 0.033000
1200.000000 -0.002294 0.078198 0.030136 0.111562 15.000000 0.033000
1201.000000 -0.002145 0.078734 0.027992 0.111254 15.000000 0.033000
1202.000000 -0.001997 0.079269 0.028673 0.109227 15.000000 0.033000
1203.000000 -0.001850 0.079805 0.028941 0.108209 15.000000 0.033000
1204.000000 -0.001696 0.080379 0.029340 0.109586 15.000000 0.033000
1205.000000 -0.001550 0.080915 0.029464 0.110303 15.000000 0.033000
1206.000000 -0.001405 0.081451 0.029095 0.108805 15.000000 0.033000
1207.000000 -0.001223 0.081949 0.030683 0.106173 15.000000 0.033000
1208.000000 -0.001073 0.082523 0.031743 0.106729 15.000000 0.033000
1209.000000 -0.001013 0.083099 0.026310 0.110797 15.000000 0.033000
1210.000000 -0.000879 0.083597 0.022791 0.109123 15.000000 0.033000
1211.000000 -0.000738 0.084134 0.024965 0.106395 15.000000 0.033000
1212.000000 -0.000598 0.084671 0.026328 0.106902 15.000000 0.033000
1213.000000 -0.000497 0.085246 0.025084 0.109058 15.000000 0.033000
1214.000000 -0.000358 0.085784 0.024369 0.110171 15.000000 0.033000
1215.000000 -0.000227 0.086283 0.025465 0.106984 15.000000 0.033000
1216.000000 -0.000053 0.086782 0.027798 0.103491 15.000000 0.033000
1217.000000 0.000039 0.087320 0.027062 0.103606 15.000000 0.033000
1218.000000 0.000136 0.087896 0.022892 0.107446 15.000000 0.033000
1219.000000 0.000220 0.088396 0.020396 0.107528 15.000000 0.033000
1220.000000 0.000347 0.088895 0.020594 0.103813 15.000000 0.033000
1221.000000 0.000442 0.089472 0.021236 0.105704 15.000000 0.033000
1222.000000 0.000568 0.089972 0.021494 0.106679 15.000000 0.033000
1223.000000 0.000655 0.090510 0.021247 0.105301 15.000000 0.033000
1224.000000 0.000779 0.091011 0.021051 0.104610 15.000000 0.033000
1225.000000 0.000865 0.091549 0.020881 0.104269 15.000000 0.033000
1226.000000 0.000994 0.092088 0.021010 0.105996 15.000000 0.033000
1227.000000 0.001034 0.092627 0.018866 0.106880 15.000000 0.033000
1228.000000 0.001112 0.093128 0.015268 0.105447 15.000000 0.033000
1229.000000 0.001233 0.093628 0.017369 0.102850 15.000000 0.033000
1230.000000 0.001315 0.094168 0.018658 0.103426 15.000000 0.033000
1231.000000 0.001396 0.094707 0.017386 0.105613 15.000000 0.033000
1232.000000 0.001471 0.095208 0.016395 0.104847 15.000000 0.033000
1233.000000 0.001551 0.095747 0.015817 0.104467 15.000000 0.033000
1234.000000 0.001625 0.096249 0.015465 0.104282 15.000000 0.033000
1235.000000 0.001704 0.096788 0.015212 0.104198 15.000000 0.033000
1236.000000 0.001776 0.097290 0.015025 0.104164 15.000000 0.033000
1237.000000 0.001848 0.097791 0.014596 0.102264 15.000000 0.033000
1238.000000 0.001919 0.098293 0.014318 0.101304 15.000000 0.033000
1239.000000 0.001995 0.098833 0.014370 0.102717 15.000000 0.033000
1240.000000 0.002065 0.099334 0.014337 0.103446 15.000000 0.033000
1241.000000 0.002134 0.099836 0.013996 0.101932 15.000000 0.033000
1242.000000 0.002208 0.100377 0.014010 0.103064 15.000000 0.033000
1243.000000 0.002276 0.100879 0.013957 0.103649 15.000000 0.033000
1244.000000 0.002343 0.101381 0.013614 0.102061 15.000000 0.033000
1245.000000 0.002415 0.101921 0.013619 0.103156 15.000000 0.033000
1246.000000 0.002470 0.102346 0.013086 0.099930 15.000000 0.033000
1247.000000 0.002541 0.102887 0.012737 0.098296 15.000000 0.033000
1248.000000 0.002606 0.103390 0.012993 0.101260 15.000000 0.033000
1249.000000 0.002670 0.103892 0.012817 0.100884 15.000000 0.033000
1250.000000 0.002733 0.104395 0.012666 0.100700 15.000000 0.033000
1251.000000 0.002796 0.104897 0.012528 0.100613 15.000000 0.033000
1252.000000 0.002863 0.105439 0.012620 0.102474 15.000000 0.033000
1253.000000 0.002920 0.105903 0.012385 0.101532 15.000000 0.033000
1254.000000 0.002948 0.106483 0.010334 0.102944 15.000000 0.033000
1255.000000 0.003004 0.106947 0.009242 0.103669 15.000000 0.033000
1256.000000 0.003021 0.107449 0.008181 0.100250 15.000000 0.033000
1257.000000 0.003047 0.108030 0.006159 0.104196 15.000000 0.033000
1258.000000 0.003063 0.108532 0.005082 0.106212 15.000000 0.033000
1259.000000 0.003088 0.109113 0.004457 0.107249 15.000000 0.033000
1260.000000 0.003065 0.109654 0.002236 0.109667 15.000000 0.033000
1261.000000 0.003084 0.110196 0.000826 0.109008 15.000000 0.033000
1262.000000 0.003102 0.110738 0.002116 0.108694 15.000000 0.033000
1263.000000 0.003157 0.111241 0.004565 0.106656 15.000000 0.033000
1264.000000 0.003170 0.111744 0.005555 0.103724 15.000000 0.033000
1265.000000 0.003187 0.112287 0.004142 0.104122 15.000000 0.033000
1266.000000 0.003198 0.112790 0.003374 0.104330 15.000000 0.033000
1267.000000 0.003213 0.113332 0.002919 0.104443 15.000000 0.033000
1268.000000 0.003228 0.113874 0.002824 0.106408 15.000000 0.033000
1269.000000 0.003204 0.114455 0.000861 0.109302 15.000000 0.033000
1270.000000 0.003217 0.114997 -0.000201 0.110783 15.000000 0.033000
1271.000000 0.003226 0.115501 0.000870 0.107756 15.000000 0.033000
1272.000000 0.003276 0.116005 0.003205 0.104333 15.000000 0.033000
1273.000000 0.003242 0.116509 0.002318 0.102579 15.000000 0.033000
1274.000000 0.003253 0.117051 -0.000052 0.103578 15.000000 0.033000
1275.000000 0.003264 0.117594 0.000899 0.106011 15.000000 0.033000
1276.000000 0.003270 0.118098 0.001151 0.105353 15.000000 0.033000
1277.000000 0.003279 0.118641 0.001216 0.105024 15.000000 0.033000
1278.000000 0.003246 0.119183 -0.000652 0.106750 15.000000 0.033000
1279.000000 0.003254 0.119726 -0.001667 0.107635 15.000000 0.033000
1280.000000 0.003261 0.120269 -0.000223 0.108107 15.000000 0.033000
1281.000000 0.003303 0.120735 0.002144 0.104560 15.000000 0.033000
1282.000000 0.003302 0.121201 0.002977 0.098950 15.000000 0.033000
1283.000000 0.003304 0.121705 0.001497 0.097985 15.000000 0.033000
1284.000000 0.003309 0.122248 0.001006 0.101306 15.000000 0.033000
1285.000000 0.003314 0.122791 0.000853 0.104908 15.000000 0.033000
1286.000000 0.003311 0.123257 0.000419 0.102938 15.000000 0.033000
1287.000000 0.003277 0.123839 -0.001716 0.103830 15.000000 0.033000
1288.000000 0.003276 0.124344 -0.002700 0.106194 15.000000 0.033000
1289.000000 0.003275 0.124848 -0.001556 0.103608 15.000000 0.033000
1290.000000 0.003314 0.125353 0.000963 0.102310 15.000000 0.033000
1291.000000 0.003309 0.125819 0.002060 0.099748 15.000000 0.033000
1292.000000 0.003307 0.126324 0.000571 0.098431 15.000000 0.033000
1293.000000 0.003303 0.126829 -0.000096 0.099669 15.000000 0.033000
1294.000000 0.003300 0.127334 -0.000489 0.100304 15.000000 0.033000
1295.000000 0.003298 0.127877 -0.000615 0.102539 15.000000 0.033000
1296.000000 0.003256 0.128421 -0.002578 0.105573 15.000000 0.033000
1297.000000 0.003251 0.128926 -0.003764 0.105216 15.000000 0.033000
1298.000000 0.003282 0.129392 -0.000724 0.101256 15.000000 0.033000
1299.000000 0.003273 0.129858 0.000655 0.097335 15.000000 0.033000
1300.000000 0.003264 0.130325 -0.000660 0.095325 15.000000 0.033000
1301.000000 0.003257 0.130830 -0.001258 0.096211 15.000000 0.033000
1302.000000 0.003249 0.131335 -0.001493 0.098573 15.000000 0.033000
1303.000000 0.003240 0.131840 -0.001665 0.099780 15.000000 0.033000
1304.000000 0.003229 0.132307 -0.001914 0.098491 15.000000 0.033000
1305.000000 0.003180 0.132812 -0.004047 0.097823 15.000000 0.033000
1306.000000 0.003210 0.133317 -0.003122 0.099408 15.000000 0.033000
1307.000000 0.003235 0.133745 0.001002 0.096433 15.000000 0.033000
1308.000000 0.003221 0.134212 0.000991 0.092998 15.000000 0.033000
1309.000000 0.003210 0.134717 -0.000806 0.095051 15.000000 0.033000
1310.000000 0.003196 0.135184 -0.001763 0.096099 15.000000 0.033000
1311.000000 0.003181 0.135650 -0.002398 0.094728 15.000000 0.033000
1312.000000 0.003206 0.136117 -0.000828 0.094047 15.000000 0.033000
1313.000000 0.003190 0.136584 -0.000070 0.093703 15.000000 0.033000
1314.000000 0.003137 0.137089 -0.003517 0.095409 15.000000 0.033000
1315.000000 0.003122 0.137595 -0.005231 0.098190 15.000000 0.033000
1316.000000 0.003179 0.137945 -0.000694 0.092018 15.000000 0.033000
1317.000000 0.003161 0.138412 0.001481 0.086967 15.000000 0.033000
1318.000000 0.003144 0.138879 -0.001055 0.090092 15.000000 0.033000
1319.000000 0.003163 0.139307 -0.000547 0.089792 15.000000 0.033000
1320.000000 0.003144 0.139774 -0.000332 0.089642 15.000000 0.033000
1321.000000 0.003125 0.140240 -0.002112 0.091462 15.000000 0.033000
1322.000000 0.003142 0.140630 -0.001289 0.088587 15.000000 0.033000
1323.000000 0.003086 0.141174 -0.002690 0.090929 15.000000 0.033000
1324.000000 0.003065 0.141641 -0.005213 0.095928 15.000000 0.033000
1325.000000 0.003118 0.141992 -0.001153 0.088972 15.000000 0.033000
1326.000000 0.003095 0.142420 0.000808 0.083521 15.000000 0.033000
1327.000000 0.003111 0.142848 -0.000011 0.084550 15.000000 0.033000
1328.000000 0.003088 0.143276 -0.000462 0.085075 15.000000 0.033000
1329.000000 0.003104 0.143743 -0.000681 0.087254 15.000000 0.033000
1330.000000 0.003118 0.144172 0.001075 0.088380 15.000000 0.033000
1331.000000 0.003094 0.144600 -0.000038 0.087031 15.000000 0.033000
1332.000000 0.003070 0.145067 -0.002494 0.088241 15.000000 0.033000
1333.000000 0.003045 0.145534 -0.003729 0.090769 15.000000 0.033000
1334.000000 0.003095 0.145884 -0.000764 0.086356 15.000000 0.033000
1335.000000 0.003106 0.146274 0.002499 0.080304 15.000000 0.033000
1336.000000 0.003079 0.146702 0.000438 0.081012 15.000000 0.033000
1337.000000 0.003091 0.147131 -0.000605 0.083284 15.000000 0.033000
1338.000000 0.003101 0.147520 0.000672 0.082547 15.000000 0.033000
1339.000000 0.003111 0.147948 0.001276 0.082173 15.000000 0.033000
1340.000000 0.003083 0.148377 -0.000294 0.083878 15.000000 0.033000
1341.000000 0.003054 0.148805 -0.003019 0.084734 15.000000 0.033000
1342.000000 0.003064 0.149233 -0.002566 0.085186 15.000000 0.033000
1343.000000 0.003109 0.149584 0.001316 0.081624 15.000000 0.033000
1344.000000 0.003079 0.149973 0.001345 0.077886 15.000000 0.033000
1345.000000 0.003087 0.150402 -0.000492 0.079788 15.000000 0.033000
1346.000000 0.003094 0.150792 0.000416 0.080772 15.000000 0.033000
1347.000000 0.003101 0.151181 0.000807 0.079364 15.000000 0.033000
1348.000000 0.003069 0.151609 -0.000873 0.080543 15.000000 0.033000
1349.000000 0.003038 0.152038 -0.003608 0.083041 15.000000 0.033000
1350.000000 0.003043 0.152427 -0.003195 0.082417 15.000000 0.033000
1351.000000 0.003048 0.152817 -0.001178 0.080204 15.000000 0.033000
1352.000000 0.003091 0.153168 0.001656 0.077181 15.000000 0.033000
1353.000000 0.003095 0.153518 0.003050 0.073730 15.000000 0.033000
1354.000000 0.003099 0.153908 0.001879 0.073868 15.000000 0.033000
1355.000000 0.003103 0.154298 0.001265 0.075850 15.000000 0.033000
1356.000000 0.003106 0.154687 0.000916 0.076860 15.000000 0.033000
1357.000000 0.003109 0.155077 0.000700 0.077374 15.000000 0.033000
1358.000000 0.003111 0.155466 0.000554 0.077637 15.000000 0.033000
1359.000000 0.003114 0.155856 0.000442 0.077771 15.000000 0.033000
1360.000000 0.003115 0.156207 0.000348 0.075928 15.000000 0.033000
1361.000000 0.003117 0.156635 0.000262 0.076900 15.000000 0.033000
1362.000000 0.003118 0.156947 0.000194 0.075485 15.000000 0.033000
1363.000000 0.003119 0.157337 0.000115 0.072853 15.000000 0.033000
1364.000000 0.003119 0.157726 0.000045 0.075334 15.000000 0.033000
1365.000000 0.003119 0.158077 -0.000020 0.074687 15.000000 0.033000
1366.000000 0.003119 0.158428 -0.000082 0.072446 15.000000 0.033000
1367.000000 0.003118 0.158817 -0.000154 0.073216 15.000000 0.033000
1368.000000 0.003117 0.159246 -0.000244 0.077429 15.000000 0.033000
1369.000000 0.003116 0.159597 -0.000312 0.077665 15.000000 0.033000
1370.000000 0.003114 0.159947 -0.000361 0.073963 15.000000 0.033000
1371.000000 0.003112 0.160298 -0.000414 0.072077 15.000000 0.033000
1372.000000 0.003110 0.160649 -0.000470 0.071116 15.000000 0.033000
1373.000000 0.003108 0.160999 -0.000527 0.070626 15.000000 0.033000
1374.000000 0.003105 0.161389 -0.000609 0.072287 15.000000 0.033000
1375.000000 0.003101 0.161778 -0.000704 0.075043 15.000000 0.033000
1376.000000 0.003098 0.162129 -0.000764 0.074536 15.000000 0.033000
1377.000000 0.003094 0.162480 -0.000804 0.072367 15.000000 0.033000
1378.000000 0.003090 0.162869 -0.000883 0.073172 15.000000 0.033000
1379.000000 0.003085 0.163220 -0.000952 0.073582 15.000000 0.033000
1380.000000 0.003081 0.163532 -0.000959 0.069969 15.000000 0.033000
1381.000000 0.003075 0.163921 -0.001027 0.070039 15.000000 0.033000
1382.000000 0.003070 0.164311 -0.001154 0.073895 15.000000 0.033000
1383.000000 0.003064 0.164661 -0.001219 0.073948 15.000000 0.033000
1384.000000 0.003058 0.165012 -0.001250 0.072064 15.000000 0.033000
1385.000000 0.003051 0.165402 -0.001336 0.073014 15.000000 0.033000
1386.000000 0.003082 0.165714 0.000435 0.071602 15.000000 0.033000
1387.000000 0.003075 0.166064 0.001344 0.068971 15.000000 0.033000
1388.000000 0.003030 0.166492 -0.001956 0.073332 15.000000 0.033000
1389.000000 0.003060 0.166804 -0.001822 0.073658 15.000000 0.033000
1390.000000 0.003052 0.167155 0.000102 0.070017 15.000000 0.033000
1391.000000 0.003081 0.167467 0.001053 0.068161 15.000000 0.033000
1392.000000 0.003110 0.167818 0.003299 0.067230 15.000000 0.033000
1393.000000 0.003101 0.168168 0.002571 0.068650 15.000000 0.033000
1394.000000 0.003167 0.168442 0.004063 0.065568 15.000000 0.033000
1395.000000 0.003157 0.168831 0.004735 0.065906 15.000000 0.033000
1396.000000 0.003183 0.169182 0.003145 0.069883 15.000000 0.033000
1397.000000 0.003136 0.169571 0.000515 0.071893 15.000000 0.033000
1398.000000 0.003163 0.169883 -0.000799 0.071007 15.000000 0.033000
1399.000000 0.003190 0.170195 0.002192 0.066765 15.000000 0.033000
1400.000000 0.003179 0.170545 0.001843 0.066497 15.000000 0.033000
1401.000000 0.003204 0.170896 0.001566 0.068270 15.000000 0.033000
1402.000000 0.003191 0.171285 0.001326 0.071081 15.000000 0.033000
1403.000000 0.003255 0.171559 0.003084 0.068709 15.000000 0.033000
1404.000000 0.003242 0.171909 0.004016 0.065590 15.000000 0.033000
1405.000000 0.003266 0.172260 0.002541 0.067803 15.000000 0.033000
1406.000000 0.003253 0.172610 0.001761 0.068930 15.000000 0.033000
1407.000000 0.003242 0.172922 -0.000361 0.067578 15.000000 0.033000
1408.000000 0.003264 0.173273 0.000293 0.066904 15.000000 0.033000
1409.000000 0.003251 0.173623 0.000524 0.068468 15.000000 0.033000
1410.000000 0.003272 0.173974 0.000602 0.069264 15.000000 0.033000
1411.000000 0.003296 0.174285 0.002460 0.067774 15.000000 0.033000
1412.000000 0.003319 0.174597 0.003457 0.065106 15.000000 0.033000
1413.000000 0.003340 0.174948 0.003846 0.065654 15.000000 0.033000
1414.000000 0.003324 0.175298 0.002170 0.067825 15.000000 0.033000
1415.000000 0.003309 0.175648 -0.000476 0.068914 15.000000 0.033000
1416.000000 0.003330 0.175960 -0.000006 0.067575 15.000000 0.033000
1417.000000 0.003314 0.176310 0.000204 0.066891 15.000000 0.033000
1418.000000 0.003337 0.176583 0.000379 0.064633 15.000000 0.033000
1419.000000 0.003356 0.176934 0.002186 0.063497 15.000000 0.033000
1420.000000 0.003339 0.177284 0.001139 0.066717 15.000000 0.033000
1421.000000 0.003397 0.177557 0.002516 0.064557 15.000000 0.033000
1422.000000 0.003379 0.177907 0.003189 0.063454 15.000000 0.033000
1423.000000 0.003359 0.178296 -0.000299 0.068583 15.000000 0.033000
1424.000000 0.003382 0.178530 -0.000041 0.065487 15.000000 0.033000
1425.000000 0.003364 0.178880 0.000158 0.062000 15.000000 0.033000
1426.000000 0.003382 0.179192 0.000028 0.064038 15.000000 0.033000
1427.000000 0.003401 0.179503 0.001778 0.063183 15.000000 0.033000
1428.000000 0.003381 0.179854 0.000792 0.064638 15.000000 0.033000
1429.000000 0.003399 0.180165 0.000261 0.065377 15.000000 0.033000
1430.000000 0.003454 0.180438 0.003657 0.061970 15.000000 0.033000
1431.000000 0.003434 0.180788 0.003509 0.062124 15.000000 0.033000
1432.000000 0.003413 0.181138 -0.000292 0.065983 15.000000 0.033000
1433.000000 0.003434 0.181372 -0.000167 0.062242 15.000000 0.033000
1434.000000 0.003413 0.181722 -0.000134 0.060334 15.000000 0.033000
1435.000000 0.003429 0.182033 -0.000380 0.063175 15.000000 0.033000
1436.000000 0.003410 0.182344 -0.000409 0.062714 15.000000 0.033000
1437.000000 0.003425 0.182656 -0.000455 0.062477 15.000000 0.033000
1438.000000 0.003403 0.183006 -0.000630 0.064262 15.000000 0.033000
1439.000000 0.003458 0.183240 0.001232 0.061373 15.000000 0.033000
1440.000000 0.003435 0.183590 0.002149 0.059898 15.000000 0.033000
1441.000000 0.003414 0.183901 -0.001103 0.062927 15.000000 0.033000
1442.000000 0.003393 0.184212 -0.002655 0.062561 15.000000 0.033000
1443.000000 0.003410 0.184484 -0.001619 0.060484 15.000000 0.033000
1444.000000 0.003389 0.184795 -0.001115 0.059423 15.000000 0.033000
1445.000000 0.003405 0.185067 -0.000881 0.058882 15.000000 0.033000
1446.000000 0.003380 0.185417 -0.000926 0.060510 15.000000 0.033000
1447.000000 0.003395 0.185690 -0.000971 0.061338 15.000000 0.033000
1448.000000 0.003411 0.185962 0.000969 0.057962 15.000000 0.033000
1449.000000 0.003426 0.186234 0.001935 0.056242 15.000000 0.033000
1450.000000 0.003365 0.186584 -0.001297 0.059141 15.000000 0.033000
1451.000000 0.003383 0.186817 -0.002817 0.058713 15.000000 0.033000
1452.000000 0.003359 0.187128 -0.001767 0.056603 15.000000 0.033000
1453.000000 0.003373 0.187400 -0.001398 0.057432 15.000000 0.033000
1454.000000 0.003350 0.187711 -0.001234 0.057852 15.000000 0.033000
1455.000000 0.003366 0.187945 -0.001020 0.056160 15.000000 0.033000
1456.000000 0.003342 0.188255 -0.000935 0.055296 15.000000 0.033000
1457.000000 0.003355 0.188528 -0.001064 0.056759 15.000000 0.033000
1458.000000 0.003368 0.188800 0.000697 0.055614 15.000000 0.033000
1459.000000 0.003309 0.189110 -0.001972 0.056902 15.000000 0.033000
1460.000000 0.003328 0.189305 -0.003034 0.053748 15.000000 0.033000
1461.000000 0.003305 0.189576 -0.001743 0.050251 15.000000 0.033000
1462.000000 0.003280 0.189887 -0.003272 0.054165 15.000000 0.033000
1463.000000 0.003295 0.190120 -0.002217 0.054269 15.000000 0.033000
1464.000000 0.003272 0.190392 -0.001539 0.052416 15.000000 0.033000
1465.000000 0.003287 0.190625 -0.001211 0.051471 15.000000 0.033000
1466.000000 0.003302 0.190859 0.000790 0.049100 15.000000 0.033000
1467.000000 0.003278 0.191130 -0.000060 0.049778 15.000000 0.033000
1468.000000 0.003255 0.191402 -0.002362 0.052011 15.000000 0.033000
1469.000000 0.003238 0.191596 -0.003210 0.049341 15.000000 0.033000
1470.000000 0.003218 0.191829 -0.003490 0.046075 15.000000 0.033000
1471.000000 0.003231 0.192062 -0.002133 0.046329 15.000000 0.033000
1472.000000 0.003207 0.192334 -0.001628 0.048360 15.000000 0.033000
1473.000000 0.003186 0.192567 -0.003066 0.049378 15.000000 0.033000
1474.000000 0.003241 0.192723 0.000063 0.044217 15.000000 0.033000
1475.000000 0.003220 0.192956 0.001645 0.041587 15.000000 0.033000
1476.000000 0.003199 0.193188 -0.001266 0.044021 15.000000 0.033000
1477.000000 0.003177 0.193421 -0.002761 0.045260 15.000000 0.033000
1478.000000 0.003159 0.193615 -0.003356 0.043988 15.000000 0.033000
1479.000000 0.003141 0.193809 -0.003491 0.041436 15.000000 0.033000
1480.000000 0.003123 0.194003 -0.003569 0.040135 15.000000 0.033000
1481.000000 0.003101 0.194236 -0.003800 0.041373 15.000000 0.033000
1482.000000 0.003079 0.194469 -0.004110 0.043906 15.000000 0.033000
1483.000000 0.003099 0.194624 -0.002245 0.041405 15.000000 0.033000
1484.000000 0.003076 0.194857 -0.001308 0.040130 15.000000 0.033000
1485.000000 0.003062 0.195012 -0.002504 0.039465 15.000000 0.033000
1486.000000 0.003043 0.195206 -0.002940 0.037223 15.000000 0.033000
1487.000000 0.003028 0.195361 -0.003166 0.036081 15.000000 0.033000
1488.000000 0.003013 0.195516 -0.003102 0.033597 15.000000 0.033000
1489.000000 0.002994 0.195710 -0.003264 0.034232 15.000000 0.033000
1490.000000 0.002975 0.195904 -0.003542 0.036456 15.000000 0.033000
1491.000000 0.002960 0.196059 -0.003502 0.035687 15.000000 0.033000
1492.000000 0.002944 0.196214 -0.003300 0.033393 15.000000 0.033000
1493.000000 0.002929 0.196369 -0.003202 0.032224 15.000000 0.033000
1494.000000 0.002913 0.196524 -0.003158 0.031628 15.000000 0.033000
1495.000000 0.002898 0.196679 -0.003141 0.031323 15.000000 0.033000
1496.000000 0.002886 0.196796 -0.002944 0.029267 15.000000 0.033000
1497.000000 0.002870 0.196951 -0.002850 0.028218 15.000000 0.033000
1498.000000 0.002855 0.197106 -0.002999 0.029585 15.000000 0.033000
1499.000000 0.002843 0.197222 -0.002885 0.028380 15.000000 0.033000
1500.000000 0.002827 0.197377 -0.002834 0.027765 15.000000 0.033000
1501.000000 0.002815 0.197493 -0.002810 0.027452 15.000000 0.033000
1502.000000 0.002803 0.197610 -0.002606 0.025391 15.000000 0.033000
1503.000000 0.002791 0.197726 -0.002506 0.024340 15.000000 0.033000
1504.000000 0.002779 0.197842 -0.002457 0.023805 15.000000 0.033000
1505.000000 0.002771 0.197920 -0.002237 0.021631 15.000000 0.033000
1506.000000 0.002759 0.198036 -0.002129 0.020524 15.000000 0.033000
1507.000000 0.002747 0.198152 -0.002273 0.021860 15.000000 0.033000
1508.000000 0.002739 0.198230 -0.002151 0.020640 15.000000 0.033000
1509.000000 0.002727 0.198346 -0.002092 0.020018 15.000000 0.033000
1510.000000 0.002719 0.198423 -0.002062 0.019701 15.000000 0.033000
1511.000000 0.002707 0.198540 -0.002051 0.019539 15.000000 0.033000
