# imt log
s logheadsize 000234
s logcolumns 7
s logname /home/testac/lgames/fitts/20180718_Wed/run1.093717.dat
s logversion 2.0
s logdate "Wed Jul 18 09:37:17 EDT 2018"
s logidate 1531921037

# begin user data

# end user data

#####
479.000000 -0.000921 -0.201275 0.000000 0.000000 0.000000 0.000000
480.000000 -0.000921 -0.201275 0.000000 0.000000 0.000000 0.000000
481.000000 -0.000921 -0.201275 0.000000 0.000000 0.000000 0.000000
482.000000 -0.000921 -0.201275 0.000000 0.000000 7.000000 0.033000
483.000000 -0.000921 -0.201275 0.000000 0.000000 7.000000 0.033000
484.000000 -0.000921 -0.201275 0.000000 0.000000 7.000000 0.033000
485.000000 -0.000921 -0.201275 0.000000 0.000000 7.000000 0.033000
486.000000 -0.000921 -0.201275 0.000000 0.000000 7.000000 0.033000
487.000000 -0.000921 -0.201275 0.000000 0.000000 7.000000 0.033000
488.000000 -0.000921 -0.201275 0.000000 0.000000 7.000000 0.033000
489.000000 -0.000921 -0.201275 0.000000 0.000000 7.000000 0.033000
490.000000 -0.000921 -0.201275 0.000000 0.000000 7.000000 0.033000
491.000000 -0.000921 -0.201275 0.000000 0.000000 7.000000 0.033000
492.000000 -0.000921 -0.201275 0.000000 0.000000 7.000000 0.033000
493.000000 -0.000921 -0.201275 0.000000 0.000000 7.000000 0.033000
494.000000 -0.000921 -0.201275 0.000000 0.000000 7.000000 0.033000
495.000000 -0.000921 -0.201275 0.000000 0.000000 7.000000 0.033000
496.000000 -0.000921 -0.201275 0.000000 0.000000 7.000000 0.033000
497.000000 -0.000921 -0.201275 0.000000 0.000000 7.000000 0.033000
498.000000 -0.000921 -0.201275 0.000000 0.000000 7.000000 0.033000
499.000000 -0.000921 -0.201275 0.000000 0.000000 7.000000 0.033000
500.000000 -0.000921 -0.201275 0.000000 0.000000 7.000000 0.033000
501.000000 -0.000921 -0.201275 0.000000 0.000000 7.000000 0.033000
502.000000 -0.000921 -0.201275 0.000000 0.000000 7.000000 0.033000
503.000000 -0.000921 -0.201275 0.000000 0.000000 7.000000 0.033000
504.000000 -0.000921 -0.201275 0.000000 0.000000 7.000000 0.033000
505.000000 -0.000921 -0.201275 0.000000 0.000000 7.000000 0.033000
506.000000 -0.000921 -0.201275 0.000000 0.000000 7.000000 0.033000
507.000000 -0.000921 -0.201275 0.000000 0.000000 7.000000 0.033000
508.000000 -0.000921 -0.201275 0.000000 0.000000 7.000000 0.033000
509.000000 -0.000921 -0.201275 0.000000 0.000000 7.000000 0.033000
510.000000 -0.000921 -0.201275 0.000000 0.000000 7.000000 0.033000
511.000000 -0.000921 -0.201275 0.000000 0.000000 7.000000 0.033000
512.000000 -0.000921 -0.201275 0.000000 0.000000 7.000000 0.033000
513.000000 -0.000921 -0.201275 0.000000 0.000000 7.000000 0.033000
514.000000 -0.000921 -0.201275 0.000000 0.000000 7.000000 0.033000
515.000000 -0.000921 -0.201275 0.000000 0.000000 7.000000 0.033000
516.000000 -0.000921 -0.201275 0.000000 0.000000 7.000000 0.033000
517.000000 -0.000921 -0.201275 0.000000 0.000000 7.000000 0.033000
518.000000 -0.000921 -0.201275 0.000000 0.000000 7.000000 0.033000
519.000000 -0.000921 -0.201275 0.000000 0.000000 7.000000 0.033000
520.000000 -0.000921 -0.201275 0.000000 0.000000 7.000000 0.033000
521.000000 -0.000921 -0.201275 0.000000 0.000000 7.000000 0.033000
522.000000 -0.000921 -0.201275 0.000000 0.000000 7.000000 0.033000
523.000000 -0.000921 -0.201275 0.000000 0.000000 7.000000 0.033000
524.000000 -0.000921 -0.201275 0.000000 0.000000 7.000000 0.033000
525.000000 -0.000921 -0.201275 0.000000 0.000000 7.000000 0.033000
526.000000 -0.000921 -0.201275 0.000000 0.000000 7.000000 0.033000
527.000000 -0.000921 -0.201275 0.000000 0.000000 7.000000 0.033000
528.000000 -0.000921 -0.201275 0.000000 0.000000 7.000000 0.033000
529.000000 -0.000921 -0.201275 0.000000 0.000000 7.000000 0.033000
530.000000 -0.000921 -0.201275 0.000000 0.000000 7.000000 0.033000
531.000000 -0.000921 -0.201275 0.000000 0.000000 7.000000 0.033000
532.000000 -0.000921 -0.201275 0.000000 0.000000 7.000000 0.033000
533.000000 -0.000921 -0.201275 0.000000 0.000000 7.000000 0.033000
534.000000 -0.000921 -0.201275 0.000000 0.000000 7.000000 0.033000
535.000000 -0.000921 -0.201275 0.000000 0.000000 7.000000 0.033000
536.000000 -0.000921 -0.201275 0.000000 0.000000 7.000000 0.033000
537.000000 -0.000921 -0.201275 0.000000 0.000000 7.000000 0.033000
538.000000 -0.000921 -0.201275 0.000000 0.000000 7.000000 0.033000
539.000000 -0.000921 -0.201275 0.000000 0.000000 7.000000 0.033000
540.000000 -0.000921 -0.201275 0.000000 0.000000 7.000000 0.033000
541.000000 -0.000921 -0.201275 0.000000 0.000000 7.000000 0.033000
542.000000 -0.000921 -0.201275 0.000000 0.000000 7.000000 0.033000
543.000000 -0.000921 -0.201275 0.000000 0.000000 7.000000 0.033000
544.000000 -0.000921 -0.201275 0.000000 0.000000 7.000000 0.033000
545.000000 -0.000921 -0.201275 0.000000 0.000000 7.000000 0.033000
546.000000 -0.000921 -0.201275 0.000000 0.000000 7.000000 0.033000
547.000000 -0.000921 -0.201275 0.000000 0.000000 7.000000 0.033000
548.000000 -0.000921 -0.201275 0.000000 0.000000 7.000000 0.033000
549.000000 -0.000921 -0.201275 0.000000 0.000000 7.000000 0.033000
550.000000 -0.000921 -0.201275 0.000000 0.000000 7.000000 0.033000
551.000000 -0.000921 -0.201275 0.000000 0.000000 7.000000 0.033000
552.000000 -0.000921 -0.201275 0.000000 0.000000 7.000000 0.033000
553.000000 -0.000921 -0.201275 0.000000 0.000000 7.000000 0.033000
554.000000 -0.000921 -0.201275 0.000000 0.000000 7.000000 0.033000
555.000000 -0.000921 -0.201275 0.000000 0.000000 7.000000 0.033000
556.000000 -0.000921 -0.201275 0.000000 0.000000 7.000000 0.033000
557.000000 -0.000921 -0.201275 0.000000 0.000000 7.000000 0.033000
558.000000 -0.000921 -0.201275 0.000000 0.000000 7.000000 0.033000
559.000000 -0.000921 -0.201275 0.000000 0.000000 7.000000 0.033000
560.000000 -0.000921 -0.201275 0.000000 0.000000 7.000000 0.033000
561.000000 -0.000921 -0.201275 0.000000 0.000000 7.000000 0.033000
562.000000 -0.000921 -0.201275 0.000000 0.000000 7.000000 0.033000
563.000000 -0.000921 -0.201275 0.000000 0.000000 7.000000 0.033000
564.000000 -0.000921 -0.201275 0.000000 0.000000 7.000000 0.033000
565.000000 -0.000921 -0.201275 0.000000 0.000000 7.000000 0.033000
566.000000 -0.000921 -0.201275 0.000000 0.000000 7.000000 0.033000
567.000000 -0.000921 -0.201275 0.000000 0.000000 7.000000 0.033000
568.000000 -0.000921 -0.201275 0.000000 0.000000 7.000000 0.033000
569.000000 -0.000921 -0.201275 0.000000 0.000000 7.000000 0.033000
570.000000 -0.000921 -0.201275 0.000000 0.000000 7.000000 0.033000
571.000000 -0.000921 -0.201275 0.000000 0.000000 7.000000 0.033000
572.000000 -0.000921 -0.201275 0.000000 0.000000 7.000000 0.033000
573.000000 -0.000921 -0.201275 0.000000 0.000000 7.000000 0.033000
574.000000 -0.000921 -0.201275 0.000000 0.000000 7.000000 0.033000
575.000000 -0.000921 -0.201275 0.000000 0.000000 7.000000 0.033000
576.000000 -0.000921 -0.201275 0.000000 0.000000 7.000000 0.033000
577.000000 -0.000921 -0.201275 0.000000 0.000000 7.000000 0.033000
578.000000 -0.000921 -0.201275 0.000000 0.000000 7.000000 0.033000
579.000000 -0.000921 -0.201275 0.000000 0.000000 7.000000 0.033000
580.000000 -0.000921 -0.201275 0.000000 0.000000 7.000000 0.033000
581.000000 -0.000921 -0.201275 0.000000 0.000000 7.000000 0.033000
582.000000 -0.000921 -0.201275 0.000000 0.000000 7.000000 0.033000
583.000000 -0.000921 -0.201275 0.000000 0.000000 7.000000 0.033000
584.000000 -0.000921 -0.201275 0.000000 0.000000 7.000000 0.033000
585.000000 -0.000921 -0.201275 0.000000 0.000000 7.000000 0.033000
586.000000 -0.000921 -0.201275 0.000000 0.000000 7.000000 0.033000
587.000000 -0.000921 -0.201275 0.000000 0.000000 7.000000 0.033000
588.000000 -0.000921 -0.201275 0.000000 0.000000 7.000000 0.033000
589.000000 -0.000921 -0.201275 0.000000 0.000000 7.000000 0.033000
590.000000 -0.000921 -0.201275 0.000000 0.000000 7.000000 0.033000
591.000000 -0.000921 -0.201275 0.000000 0.000000 7.000000 0.033000
592.000000 -0.000921 -0.201275 0.000000 0.000000 7.000000 0.033000
593.000000 -0.000921 -0.201275 0.000000 0.000000 7.000000 0.033000
594.000000 -0.000921 -0.201275 0.000000 0.000000 7.000000 0.033000
595.000000 -0.000921 -0.201275 0.000000 0.000000 7.000000 0.033000
596.000000 -0.000921 -0.201275 0.000000 0.000000 7.000000 0.033000
597.000000 -0.000921 -0.201275 0.000000 0.000000 7.000000 0.033000
598.000000 -0.000921 -0.201275 0.000000 0.000000 7.000000 0.033000
599.000000 -0.000921 -0.201275 0.000000 0.000000 7.000000 0.033000
600.000000 -0.000921 -0.201275 0.000000 0.000000 7.000000 0.033000
601.000000 -0.000921 -0.201275 0.000000 0.000000 7.000000 0.033000
602.000000 -0.000921 -0.201275 0.000000 0.000000 7.000000 0.033000
603.000000 -0.000921 -0.201275 0.000000 0.000000 7.000000 0.033000
604.000000 -0.000921 -0.201275 0.000000 0.000000 7.000000 0.033000
605.000000 -0.000921 -0.201275 0.000000 0.000000 7.000000 0.033000
606.000000 -0.000921 -0.201275 0.000000 0.000000 7.000000 0.033000
607.000000 -0.000921 -0.201275 0.000000 0.000000 7.000000 0.033000
608.000000 -0.000921 -0.201275 0.000000 0.000000 7.000000 0.033000
609.000000 -0.000921 -0.201275 0.000000 0.000000 7.000000 0.033000
610.000000 -0.000921 -0.201275 0.000000 0.000000 7.000000 0.033000
611.000000 -0.000921 -0.201275 0.000000 0.000000 7.000000 0.033000
612.000000 -0.000921 -0.201275 0.000000 0.000000 7.000000 0.033000
613.000000 -0.000921 -0.201275 0.000000 0.000000 7.000000 0.033000
614.000000 -0.000921 -0.201275 0.000000 0.000000 7.000000 0.033000
615.000000 -0.000921 -0.201275 0.000000 0.000000 7.000000 0.033000
616.000000 -0.000921 -0.201275 0.000000 0.000000 7.000000 0.033000
617.000000 -0.000921 -0.201275 0.000000 0.000000 7.000000 0.033000
618.000000 -0.000921 -0.201275 0.000000 0.000000 7.000000 0.033000
619.000000 -0.000921 -0.201275 0.000000 0.000000 7.000000 0.033000
620.000000 -0.000921 -0.201275 0.000000 0.000000 7.000000 0.033000
621.000000 -0.000921 -0.201275 0.000000 0.000000 7.000000 0.033000
622.000000 -0.000921 -0.201275 0.000000 0.000000 7.000000 0.033000
623.000000 -0.000921 -0.201275 0.000000 0.000000 7.000000 0.033000
624.000000 -0.000921 -0.201275 0.000000 0.000000 7.000000 0.033000
625.000000 -0.000921 -0.201275 0.000000 0.000000 7.000000 0.033000
626.000000 -0.000921 -0.201275 0.000000 0.000000 7.000000 0.033000
627.000000 -0.000921 -0.201275 0.000000 0.000000 7.000000 0.033000
628.000000 -0.000921 -0.201275 0.000000 0.000000 7.000000 0.033000
629.000000 -0.000921 -0.201275 0.000000 0.000000 7.000000 0.033000
630.000000 -0.000921 -0.201275 0.000000 0.000000 7.000000 0.033000
631.000000 -0.000921 -0.201275 0.000000 0.000000 7.000000 0.033000
632.000000 -0.000921 -0.201275 0.000000 0.000000 7.000000 0.033000
633.000000 -0.000921 -0.201275 0.000000 0.000000 7.000000 0.033000
634.000000 -0.000921 -0.201275 0.000000 0.000000 7.000000 0.033000
635.000000 -0.000921 -0.201275 0.000000 0.000000 7.000000 0.033000
636.000000 -0.000921 -0.201275 0.000000 0.000000 7.000000 0.033000
637.000000 -0.000921 -0.201275 0.000000 0.000000 7.000000 0.033000
638.000000 -0.000921 -0.201275 0.000000 0.000000 7.000000 0.033000
639.000000 -0.000921 -0.201275 0.000000 0.000000 7.000000 0.033000
640.000000 -0.000921 -0.201275 0.000000 0.000000 7.000000 0.033000
641.000000 -0.000921 -0.201275 0.000000 0.000000 7.000000 0.033000
642.000000 -0.000921 -0.201275 0.000000 0.000000 7.000000 0.033000
643.000000 -0.000921 -0.201275 0.000000 0.000000 7.000000 0.033000
644.000000 -0.000921 -0.201275 0.000000 0.000000 7.000000 0.033000
645.000000 -0.000921 -0.201275 0.000000 0.000000 7.000000 0.033000
646.000000 -0.000921 -0.201275 0.000000 0.000000 7.000000 0.033000
647.000000 -0.000921 -0.201275 0.000000 0.000000 7.000000 0.033000
648.000000 -0.000921 -0.201275 0.000000 0.000000 7.000000 0.033000
649.000000 -0.000921 -0.201275 0.000000 0.000000 7.000000 0.033000
650.000000 -0.000921 -0.201275 0.000000 0.000000 7.000000 0.033000
651.000000 -0.000921 -0.201275 0.000000 0.000000 7.000000 0.033000
652.000000 -0.000921 -0.201275 0.000000 0.000000 7.000000 0.033000
653.000000 -0.000921 -0.201275 0.000000 0.000000 7.000000 0.033000
654.000000 -0.000921 -0.201275 0.000000 0.000000 7.000000 0.033000
655.000000 -0.000921 -0.201275 0.000000 0.000000 7.000000 0.033000
656.000000 -0.000921 -0.201275 0.000000 0.000000 7.000000 0.033000
657.000000 -0.000921 -0.201275 0.000000 0.000000 7.000000 0.033000
658.000000 -0.000921 -0.201275 0.000000 0.000000 7.000000 0.033000
659.000000 -0.000921 -0.201275 0.000000 0.000000 7.000000 0.033000
660.000000 -0.000921 -0.201275 0.000000 0.000000 7.000000 0.033000
661.000000 -0.000921 -0.201275 0.000000 0.000000 7.000000 0.033000
662.000000 -0.000921 -0.201275 0.000000 0.000000 7.000000 0.033000
663.000000 -0.000921 -0.201275 0.000000 0.000000 7.000000 0.033000
664.000000 -0.000921 -0.201275 0.000000 0.000000 7.000000 0.033000
665.000000 -0.000921 -0.201275 0.000000 0.000000 7.000000 0.033000
666.000000 -0.000921 -0.201275 0.000000 0.000000 7.000000 0.033000
667.000000 -0.000921 -0.201275 0.000000 0.000000 7.000000 0.033000
668.000000 -0.000921 -0.201275 0.000000 0.000000 7.000000 0.033000
669.000000 -0.000921 -0.201275 0.000000 0.000000 7.000000 0.033000
670.000000 -0.000921 -0.201275 0.000000 0.000000 7.000000 0.033000
671.000000 -0.000921 -0.201275 0.000000 0.000000 7.000000 0.033000
672.000000 -0.000921 -0.201275 0.000000 0.000000 7.000000 0.033000
673.000000 -0.000921 -0.201275 0.000000 0.000000 7.000000 0.033000
674.000000 -0.000921 -0.201275 0.000000 0.000000 7.000000 0.033000
675.000000 -0.000921 -0.201275 0.000000 0.000000 7.000000 0.033000
676.000000 -0.000921 -0.201275 0.000000 0.000000 7.000000 0.033000
677.000000 -0.000921 -0.201275 0.000000 0.000000 7.000000 0.033000
678.000000 -0.000921 -0.201275 0.000000 0.000000 7.000000 0.033000
679.000000 -0.000921 -0.201275 0.000000 0.000000 7.000000 0.033000
680.000000 -0.000921 -0.201275 0.000000 0.000000 7.000000 0.033000
681.000000 -0.000921 -0.201275 0.000000 0.000000 7.000000 0.033000
682.000000 -0.000921 -0.201275 0.000000 0.000000 7.000000 0.033000
683.000000 -0.000921 -0.201275 0.000000 0.000000 7.000000 0.033000
684.000000 -0.000921 -0.201275 0.000000 0.000000 7.000000 0.033000
685.000000 -0.000921 -0.201275 0.000000 0.000000 7.000000 0.033000
686.000000 -0.000921 -0.201275 0.000000 0.000000 7.000000 0.033000
687.000000 -0.000921 -0.201275 0.000000 0.000000 7.000000 0.033000
688.000000 -0.000921 -0.201275 0.000000 0.000000 7.000000 0.033000
689.000000 -0.000921 -0.201275 0.000000 0.000000 7.000000 0.033000
690.000000 -0.000921 -0.201275 0.000000 0.000000 7.000000 0.033000
691.000000 -0.000921 -0.201275 0.000000 0.000000 7.000000 0.033000
692.000000 -0.000921 -0.201275 0.000000 0.000000 7.000000 0.033000
693.000000 -0.000921 -0.201275 0.000000 0.000000 7.000000 0.033000
694.000000 -0.000921 -0.201275 0.000000 0.000000 7.000000 0.033000
695.000000 -0.000921 -0.201275 0.000000 0.000000 7.000000 0.033000
696.000000 -0.000921 -0.201275 0.000000 0.000000 7.000000 0.033000
697.000000 -0.000921 -0.201275 0.000000 0.000000 7.000000 0.033000
698.000000 -0.000921 -0.201275 0.000000 0.000000 7.000000 0.033000
699.000000 -0.000921 -0.201275 0.000000 0.000000 7.000000 0.033000
700.000000 -0.000921 -0.201275 0.000000 0.000000 7.000000 0.033000
701.000000 -0.000921 -0.201275 0.000000 0.000000 7.000000 0.033000
702.000000 -0.000921 -0.201275 0.000000 0.000000 7.000000 0.033000
703.000000 -0.000921 -0.201275 0.000000 0.000000 7.000000 0.033000
704.000000 -0.000921 -0.201275 0.000000 0.000000 7.000000 0.033000
705.000000 -0.000921 -0.201275 0.000000 0.000000 7.000000 0.033000
706.000000 -0.000921 -0.201275 0.000000 0.000000 7.000000 0.033000
707.000000 -0.000921 -0.201275 0.000000 0.000000 7.000000 0.033000
708.000000 -0.000921 -0.201275 0.000000 0.000000 7.000000 0.033000
709.000000 -0.000921 -0.201275 0.000000 0.000000 7.000000 0.033000
710.000000 -0.000921 -0.201275 0.000000 0.000000 7.000000 0.033000
711.000000 -0.000921 -0.201275 0.000000 0.000000 7.000000 0.033000
712.000000 -0.000921 -0.201275 0.000000 0.000000 7.000000 0.033000
713.000000 -0.000921 -0.201275 0.000000 0.000000 7.000000 0.033000
714.000000 -0.000921 -0.201275 0.000000 0.000000 7.000000 0.033000
715.000000 -0.000921 -0.201275 0.000000 0.000000 7.000000 0.033000
716.000000 -0.000921 -0.201275 0.000000 0.000000 7.000000 0.033000
717.000000 -0.000921 -0.201275 0.000000 0.000000 7.000000 0.033000
718.000000 -0.000921 -0.201275 0.000000 0.000000 7.000000 0.033000
719.000000 -0.000921 -0.201275 0.000000 0.000000 7.000000 0.033000
720.000000 -0.000921 -0.201275 0.000000 0.000000 7.000000 0.033000
721.000000 -0.000921 -0.201275 0.000000 0.000000 7.000000 0.033000
722.000000 -0.000921 -0.201275 0.000000 0.000000 7.000000 0.033000
723.000000 -0.000921 -0.201275 0.000000 0.000000 7.000000 0.033000
724.000000 -0.000921 -0.201275 0.000000 0.000000 7.000000 0.033000
725.000000 -0.000921 -0.201275 0.000000 0.000000 7.000000 0.033000
726.000000 -0.000921 -0.201275 0.000000 0.000000 7.000000 0.033000
727.000000 -0.000921 -0.201275 0.000000 0.000000 7.000000 0.033000
728.000000 -0.000921 -0.201275 0.000000 0.000000 7.000000 0.033000
729.000000 -0.000921 -0.201275 0.000000 0.000000 7.000000 0.033000
730.000000 -0.000921 -0.201275 0.000000 0.000000 7.000000 0.033000
731.000000 -0.000921 -0.201275 0.000000 0.000000 7.000000 0.033000
732.000000 -0.000921 -0.201275 0.000000 0.000000 7.000000 0.033000
733.000000 -0.000921 -0.201275 0.000000 0.000000 7.000000 0.033000
734.000000 -0.000921 -0.201275 0.000000 0.000000 7.000000 0.033000
735.000000 -0.000921 -0.201275 0.000000 0.000000 7.000000 0.033000
736.000000 -0.000921 -0.201275 0.000000 0.000000 7.000000 0.033000
737.000000 -0.000921 -0.201275 0.000000 0.000000 7.000000 0.033000
738.000000 -0.000921 -0.201275 0.000000 0.000000 7.000000 0.033000
739.000000 -0.000921 -0.201275 0.000000 0.000000 7.000000 0.033000
740.000000 -0.000921 -0.201275 0.000000 0.000000 7.000000 0.033000
741.000000 -0.000921 -0.201275 0.000000 0.000000 7.000000 0.033000
742.000000 -0.000921 -0.201275 0.000000 0.000000 7.000000 0.033000
743.000000 -0.000921 -0.201275 0.000000 0.000000 7.000000 0.033000
744.000000 -0.000921 -0.201275 0.000000 0.000000 7.000000 0.033000
745.000000 -0.000921 -0.201275 0.000000 0.000000 7.000000 0.033000
746.000000 -0.000921 -0.201275 0.000000 0.000000 7.000000 0.033000
747.000000 -0.000921 -0.201275 0.000000 0.000000 7.000000 0.033000
748.000000 -0.000921 -0.201275 0.000000 0.000000 7.000000 0.033000
749.000000 -0.000921 -0.201275 0.000000 0.000000 7.000000 0.033000
750.000000 -0.000921 -0.201275 0.000000 0.000000 7.000000 0.033000
751.000000 -0.000921 -0.201275 0.000000 0.000000 7.000000 0.033000
752.000000 -0.000921 -0.201275 0.000000 0.000000 7.000000 0.033000
753.000000 -0.000921 -0.201275 0.000000 0.000000 7.000000 0.033000
754.000000 -0.000921 -0.201275 0.000000 0.000000 7.000000 0.033000
755.000000 -0.000921 -0.201275 0.000000 0.000000 7.000000 0.033000
756.000000 -0.000921 -0.201275 0.000000 0.000000 7.000000 0.033000
757.000000 -0.000921 -0.201275 0.000000 0.000000 7.000000 0.033000
758.000000 -0.000921 -0.201275 0.000000 0.000000 7.000000 0.033000
759.000000 -0.000921 -0.201275 0.000000 0.000000 7.000000 0.033000
760.000000 -0.000921 -0.201275 0.000000 0.000000 7.000000 0.033000
761.000000 -0.000921 -0.201275 0.000000 0.000000 7.000000 0.033000
762.000000 -0.000921 -0.201275 0.000000 0.000000 7.000000 0.033000
763.000000 -0.000921 -0.201275 0.000000 0.000000 7.000000 0.033000
764.000000 -0.000921 -0.201275 0.000000 0.000000 7.000000 0.033000
765.000000 -0.000921 -0.201275 0.000000 0.000000 7.000000 0.033000
766.000000 -0.000921 -0.201275 0.000000 0.000000 7.000000 0.033000
767.000000 -0.000921 -0.201275 0.000000 0.000000 7.000000 0.033000
768.000000 -0.000921 -0.201275 0.000000 0.000000 7.000000 0.033000
769.000000 -0.000921 -0.201275 0.000000 0.000000 7.000000 0.033000
770.000000 -0.000921 -0.201275 0.000000 0.000000 7.000000 0.033000
771.000000 -0.000921 -0.201275 0.000000 0.000000 7.000000 0.033000
772.000000 -0.000921 -0.201275 0.000000 0.000000 7.000000 0.033000
773.000000 -0.000921 -0.201275 0.000000 0.000000 7.000000 0.033000
774.000000 -0.000921 -0.201275 0.000000 0.000000 7.000000 0.033000
775.000000 -0.000921 -0.201275 0.000000 0.000000 7.000000 0.033000
776.000000 -0.000921 -0.201275 0.000000 0.000000 7.000000 0.033000
777.000000 -0.000921 -0.201275 0.000000 0.000000 7.000000 0.033000
778.000000 -0.000921 -0.201275 0.000000 0.000000 7.000000 0.033000
779.000000 -0.000921 -0.201275 0.000000 0.000000 7.000000 0.033000
780.000000 -0.000921 -0.201275 0.000000 0.000000 7.000000 0.033000
781.000000 -0.000921 -0.201275 0.000000 0.000000 7.000000 0.033000
782.000000 -0.000921 -0.201275 0.000000 0.000000 7.000000 0.033000
783.000000 -0.000921 -0.201275 0.000000 0.000000 7.000000 0.033000
784.000000 -0.000921 -0.201275 0.000000 0.000000 7.000000 0.033000
785.000000 -0.000921 -0.201275 0.000000 0.000000 7.000000 0.033000
786.000000 -0.000921 -0.201275 0.000000 0.000000 7.000000 0.033000
787.000000 -0.000921 -0.201275 0.000000 0.000000 7.000000 0.033000
788.000000 -0.000921 -0.201275 0.000000 0.000000 7.000000 0.033000
789.000000 -0.000921 -0.201275 0.000000 0.000000 7.000000 0.033000
790.000000 -0.000921 -0.201275 0.000000 0.000000 7.000000 0.033000
791.000000 -0.000921 -0.201275 0.000000 0.000000 7.000000 0.033000
792.000000 -0.000921 -0.201275 0.000000 0.000000 7.000000 0.033000
793.000000 -0.000921 -0.201275 0.000000 0.000000 7.000000 0.033000
794.000000 -0.000921 -0.201275 0.000000 0.000000 7.000000 0.033000
795.000000 -0.000921 -0.201275 0.000000 0.000000 7.000000 0.033000
796.000000 -0.000921 -0.201275 0.000000 0.000000 7.000000 0.033000
797.000000 -0.000921 -0.201275 0.000000 0.000000 7.000000 0.033000
798.000000 -0.000921 -0.201275 0.000000 0.000000 7.000000 0.033000
799.000000 -0.000921 -0.201275 0.000000 0.000000 7.000000 0.033000
800.000000 -0.000921 -0.201275 0.000000 0.000000 7.000000 0.033000
801.000000 -0.000921 -0.201275 0.000000 0.000000 7.000000 0.033000
802.000000 -0.000921 -0.201275 0.000000 0.000000 7.000000 0.033000
803.000000 -0.000921 -0.201275 0.000000 0.000000 7.000000 0.033000
804.000000 -0.000921 -0.201275 0.000000 0.000000 7.000000 0.033000
805.000000 -0.000921 -0.201275 0.000000 0.000000 7.000000 0.033000
806.000000 -0.000921 -0.201275 0.000000 0.000000 7.000000 0.033000
807.000000 -0.000921 -0.201275 0.000000 0.000000 7.000000 0.033000
808.000000 -0.000921 -0.201275 0.000000 0.000000 7.000000 0.033000
809.000000 -0.000921 -0.201275 0.000000 0.000000 7.000000 0.033000
810.000000 -0.000921 -0.201275 0.000000 0.000000 7.000000 0.033000
811.000000 -0.000921 -0.201275 0.000000 0.000000 7.000000 0.033000
812.000000 -0.000921 -0.201275 0.000000 0.000000 7.000000 0.033000
813.000000 -0.000921 -0.201275 0.000000 0.000000 7.000000 0.033000
814.000000 -0.000921 -0.201275 0.000000 0.000000 7.000000 0.033000
815.000000 -0.000921 -0.201275 0.000000 0.000000 7.000000 0.033000
816.000000 -0.000921 -0.201275 0.000000 0.000000 7.000000 0.033000
817.000000 -0.000921 -0.201275 0.000000 0.000000 7.000000 0.033000
818.000000 -0.000921 -0.201275 0.000000 0.000000 7.000000 0.033000
819.000000 -0.000921 -0.201275 0.000000 0.000000 7.000000 0.033000
820.000000 -0.000921 -0.201275 0.000000 0.000000 7.000000 0.033000
821.000000 -0.000921 -0.201275 0.000000 0.000000 7.000000 0.033000
822.000000 -0.000921 -0.201275 0.000000 0.000000 7.000000 0.033000
823.000000 -0.000921 -0.201275 0.000000 0.000000 7.000000 0.033000
824.000000 -0.000921 -0.201275 0.000000 0.000000 7.000000 0.033000
825.000000 -0.000921 -0.201275 0.000000 0.000000 7.000000 0.033000
826.000000 -0.000921 -0.201275 0.000000 0.000000 7.000000 0.033000
827.000000 -0.000921 -0.201275 0.000000 0.000000 7.000000 0.033000
828.000000 -0.000921 -0.201275 0.000000 0.000000 7.000000 0.033000
829.000000 -0.000921 -0.201275 0.000000 0.000000 7.000000 0.033000
830.000000 -0.000921 -0.201275 0.000000 0.000000 7.000000 0.033000
831.000000 -0.000921 -0.201275 0.000000 0.000000 7.000000 0.033000
832.000000 -0.000921 -0.201275 0.000000 0.000000 7.000000 0.033000
833.000000 -0.000921 -0.201275 0.000000 0.000000 7.000000 0.033000
834.000000 -0.000921 -0.201275 0.000000 0.000000 7.000000 0.033000
835.000000 -0.000921 -0.201275 0.000000 0.000000 7.000000 0.033000
836.000000 -0.000921 -0.201275 0.000000 0.000000 7.000000 0.033000
837.000000 -0.000921 -0.201275 0.000000 0.000000 7.000000 0.033000
838.000000 -0.000921 -0.201275 0.000000 0.000000 7.000000 0.033000
839.000000 -0.000921 -0.201275 0.000000 0.000000 7.000000 0.033000
840.000000 -0.000921 -0.201275 0.000000 0.000000 7.000000 0.033000
841.000000 -0.000921 -0.201275 0.000000 0.000000 7.000000 0.033000
842.000000 -0.000921 -0.201275 0.000000 0.000000 7.000000 0.033000
843.000000 -0.000921 -0.201275 0.000000 0.000000 7.000000 0.033000
844.000000 -0.000921 -0.201275 0.000000 0.000000 7.000000 0.033000
845.000000 -0.000921 -0.201275 0.000000 0.000000 7.000000 0.033000
846.000000 -0.000921 -0.201275 0.000000 0.000000 7.000000 0.033000
847.000000 -0.000921 -0.201275 0.000000 0.000000 7.000000 0.033000
848.000000 -0.000921 -0.201275 0.000000 0.000000 7.000000 0.033000
849.000000 -0.000921 -0.201275 0.000000 0.000000 7.000000 0.033000
850.000000 -0.000921 -0.201275 0.000000 0.000000 7.000000 0.033000
851.000000 -0.000921 -0.201275 0.000000 0.000000 7.000000 0.033000
852.000000 -0.000921 -0.201275 0.000000 0.000000 7.000000 0.033000
853.000000 -0.000921 -0.201275 0.000000 0.000000 7.000000 0.033000
854.000000 -0.000921 -0.201275 0.000000 0.000000 7.000000 0.033000
855.000000 -0.000921 -0.201275 0.000000 0.000000 7.000000 0.033000
856.000000 -0.000921 -0.201275 0.000000 0.000000 7.000000 0.033000
857.000000 -0.000921 -0.201275 0.000000 0.000000 7.000000 0.033000
858.000000 -0.000921 -0.201275 0.000000 0.000000 7.000000 0.033000
859.000000 -0.000921 -0.201275 0.000000 0.000000 7.000000 0.033000
860.000000 -0.000921 -0.201275 0.000000 0.000000 7.000000 0.033000
861.000000 -0.000921 -0.201275 0.000000 0.000000 7.000000 0.033000
862.000000 -0.000921 -0.201275 0.000000 0.000000 7.000000 0.033000
863.000000 -0.000921 -0.201275 0.000000 0.000000 7.000000 0.033000
864.000000 -0.000921 -0.201275 0.000000 0.000000 7.000000 0.033000
865.000000 -0.000921 -0.201275 0.000000 0.000000 7.000000 0.033000
866.000000 -0.000921 -0.201275 0.000000 0.000000 7.000000 0.033000
867.000000 -0.000921 -0.201275 0.000000 0.000000 7.000000 0.033000
868.000000 -0.000921 -0.201275 0.000000 0.000000 7.000000 0.033000
869.000000 -0.000921 -0.201275 0.000000 0.000000 7.000000 0.033000
870.000000 -0.000921 -0.201275 0.000000 0.000000 7.000000 0.033000
871.000000 -0.000921 -0.201275 0.000000 0.000000 7.000000 0.033000
872.000000 -0.000921 -0.201275 0.000000 0.000000 7.000000 0.033000
873.000000 -0.000921 -0.201275 0.000000 0.000000 7.000000 0.033000
874.000000 -0.000921 -0.201275 0.000000 0.000000 7.000000 0.033000
875.000000 -0.000921 -0.201275 0.000000 0.000000 7.000000 0.033000
876.000000 -0.000921 -0.201275 0.000000 0.000000 7.000000 0.033000
877.000000 -0.000921 -0.201275 0.000000 0.000000 7.000000 0.033000
878.000000 -0.000921 -0.201275 0.000000 0.000000 7.000000 0.033000
879.000000 -0.000921 -0.201275 0.000000 0.000000 7.000000 0.033000
880.000000 -0.000921 -0.201275 0.000000 0.000000 7.000000 0.033000
881.000000 -0.000921 -0.201275 0.000000 0.000000 7.000000 0.033000
882.000000 -0.000921 -0.201275 0.000000 0.000000 7.000000 0.033000
883.000000 -0.000921 -0.201275 0.000000 0.000000 7.000000 0.033000
884.000000 -0.000921 -0.201275 0.000000 0.000000 7.000000 0.033000
885.000000 -0.000921 -0.201275 0.000000 0.000000 7.000000 0.033000
886.000000 -0.000921 -0.201275 0.000000 0.000000 7.000000 0.033000
887.000000 -0.000921 -0.201275 0.000000 0.000000 7.000000 0.033000
888.000000 -0.000921 -0.201275 0.000000 0.000000 7.000000 0.033000
889.000000 -0.000921 -0.201275 0.000000 0.000000 7.000000 0.033000
890.000000 -0.000921 -0.201275 0.000000 0.000000 7.000000 0.033000
891.000000 -0.000921 -0.201275 0.000000 0.000000 7.000000 0.033000
892.000000 -0.000921 -0.201275 0.000000 0.000000 7.000000 0.033000
893.000000 -0.000921 -0.201275 0.000000 0.000000 7.000000 0.033000
894.000000 -0.000921 -0.201275 0.000000 0.000000 7.000000 0.033000
895.000000 -0.000921 -0.201275 0.000000 0.000000 7.000000 0.033000
896.000000 -0.000921 -0.201275 0.000000 0.000000 7.000000 0.033000
897.000000 -0.000921 -0.201275 0.000000 0.000000 7.000000 0.033000
898.000000 -0.000921 -0.201275 0.000000 0.000000 7.000000 0.033000
899.000000 -0.000921 -0.201275 0.000000 0.000000 7.000000 0.033000
900.000000 -0.000921 -0.201275 0.000000 0.000000 7.000000 0.033000
901.000000 -0.000921 -0.201275 0.000000 0.000000 7.000000 0.033000
902.000000 -0.000921 -0.201275 0.000000 0.000000 7.000000 0.033000
903.000000 -0.000921 -0.201275 0.000000 0.000000 7.000000 0.033000
904.000000 -0.000921 -0.201275 0.000000 0.000000 7.000000 0.033000
905.000000 -0.000921 -0.201275 0.000000 0.000000 7.000000 0.033000
906.000000 -0.000921 -0.201275 0.000000 0.000000 7.000000 0.033000
907.000000 -0.000921 -0.201275 0.000000 0.000000 7.000000 0.033000
908.000000 -0.000921 -0.201275 0.000000 0.000000 7.000000 0.033000
909.000000 -0.000921 -0.201275 0.000000 0.000000 7.000000 0.033000
910.000000 -0.000921 -0.201275 0.000000 0.000000 7.000000 0.033000
911.000000 -0.000921 -0.201275 0.000000 0.000000 7.000000 0.033000
912.000000 -0.000921 -0.201275 0.000000 0.000000 7.000000 0.033000
913.000000 -0.000921 -0.201275 0.000000 0.000000 7.000000 0.033000
914.000000 -0.000921 -0.201275 0.000000 0.000000 7.000000 0.033000
915.000000 -0.000921 -0.201275 0.000000 0.000000 7.000000 0.033000
916.000000 -0.000921 -0.201275 0.000000 0.000000 7.000000 0.033000
917.000000 -0.000921 -0.201275 0.000000 0.000000 7.000000 0.033000
918.000000 -0.000921 -0.201275 0.000000 0.000000 7.000000 0.033000
919.000000 -0.000921 -0.201275 0.000000 0.000000 7.000000 0.033000
920.000000 -0.000921 -0.201275 0.000000 0.000000 7.000000 0.033000
921.000000 -0.000921 -0.201275 0.000000 0.000000 7.000000 0.033000
922.000000 -0.000921 -0.201275 0.000000 0.000000 7.000000 0.033000
923.000000 -0.000921 -0.201275 0.000000 0.000000 7.000000 0.033000
924.000000 -0.000921 -0.201275 0.000000 0.000000 7.000000 0.033000
925.000000 -0.000921 -0.201275 0.000000 0.000000 7.000000 0.033000
926.000000 -0.000921 -0.201275 0.000000 0.000000 7.000000 0.033000
927.000000 -0.000921 -0.201275 0.000000 0.000000 7.000000 0.033000
928.000000 -0.000921 -0.201275 0.000000 0.000000 7.000000 0.033000
929.000000 -0.000921 -0.201275 0.000000 0.000000 7.000000 0.033000
930.000000 -0.000921 -0.201275 0.000000 0.000000 7.000000 0.033000
931.000000 -0.000921 -0.201275 0.000000 0.000000 7.000000 0.033000
932.000000 -0.000921 -0.201275 0.000000 0.000000 7.000000 0.033000
933.000000 -0.000921 -0.201275 0.000000 0.000000 7.000000 0.033000
934.000000 -0.000921 -0.201275 0.000000 0.000000 7.000000 0.033000
935.000000 -0.000921 -0.201275 0.000000 0.000000 7.000000 0.033000
936.000000 -0.000921 -0.201275 0.000000 0.000000 7.000000 0.033000
937.000000 -0.000921 -0.201275 0.000000 0.000000 7.000000 0.033000
938.000000 -0.000921 -0.201275 0.000000 0.000000 7.000000 0.033000
939.000000 -0.000921 -0.201275 0.000000 0.000000 7.000000 0.033000
940.000000 -0.000921 -0.201275 0.000000 0.000000 7.000000 0.033000
941.000000 -0.000921 -0.201275 0.000000 0.000000 7.000000 0.033000
942.000000 -0.000921 -0.201275 0.000000 0.000000 7.000000 0.033000
943.000000 -0.000921 -0.201275 0.000000 0.000000 7.000000 0.033000
944.000000 -0.000921 -0.201275 0.000000 0.000000 7.000000 0.033000
945.000000 -0.000921 -0.201275 0.000000 0.000000 7.000000 0.033000
946.000000 -0.000921 -0.201275 0.000000 0.000000 7.000000 0.033000
947.000000 -0.000921 -0.201275 0.000000 0.000000 7.000000 0.033000
948.000000 -0.000921 -0.201275 0.000000 0.000000 7.000000 0.033000
949.000000 -0.000921 -0.201275 0.000000 0.000000 7.000000 0.033000
950.000000 -0.000921 -0.201275 0.000000 0.000000 7.000000 0.033000
951.000000 -0.000921 -0.201275 0.000000 0.000000 7.000000 0.033000
952.000000 -0.000921 -0.201275 0.000000 0.000000 7.000000 0.033000
953.000000 -0.000921 -0.201275 0.000000 0.000000 7.000000 0.033000
954.000000 -0.000921 -0.201275 0.000000 0.000000 7.000000 0.033000
955.000000 -0.000921 -0.201275 0.000000 0.000000 7.000000 0.033000
956.000000 -0.000921 -0.201275 0.000000 0.000000 7.000000 0.033000
957.000000 -0.000921 -0.201275 0.000000 0.000000 7.000000 0.033000
958.000000 -0.000921 -0.201275 0.000000 0.000000 7.000000 0.033000
959.000000 -0.000921 -0.201275 0.000000 0.000000 7.000000 0.033000
960.000000 -0.000921 -0.201275 0.000000 0.000000 7.000000 0.033000
961.000000 -0.000921 -0.201275 0.000000 0.000000 7.000000 0.033000
962.000000 -0.000921 -0.201275 0.000000 0.000000 7.000000 0.033000
963.000000 -0.000921 -0.201275 0.000000 0.000000 7.000000 0.033000
964.000000 -0.000921 -0.201275 0.000000 0.000000 7.000000 0.033000
965.000000 -0.000921 -0.201275 0.000000 0.000000 7.000000 0.033000
966.000000 -0.000921 -0.201275 0.000000 0.000000 7.000000 0.033000
967.000000 -0.000921 -0.201275 0.000000 0.000000 7.000000 0.033000
968.000000 -0.000921 -0.201275 0.000000 0.000000 7.000000 0.033000
969.000000 -0.000921 -0.201275 0.000000 0.000000 7.000000 0.033000
970.000000 -0.000921 -0.201275 0.000000 0.000000 7.000000 0.033000
971.000000 -0.000921 -0.201275 0.000000 0.000000 7.000000 0.033000
972.000000 -0.000921 -0.201275 0.000000 0.000000 7.000000 0.033000
973.000000 -0.000921 -0.201275 0.000000 0.000000 7.000000 0.033000
974.000000 -0.000921 -0.201275 0.000000 0.000000 7.000000 0.033000
975.000000 -0.000921 -0.201275 0.000000 0.000000 7.000000 0.033000
976.000000 -0.000921 -0.201275 0.000000 0.000000 7.000000 0.033000
977.000000 -0.000921 -0.201275 0.000000 0.000000 7.000000 0.033000
978.000000 -0.000921 -0.201275 0.000000 0.000000 7.000000 0.033000
979.000000 -0.000921 -0.201275 0.000000 0.000000 7.000000 0.033000
980.000000 -0.000921 -0.201275 0.000000 0.000000 7.000000 0.033000
981.000000 -0.000921 -0.201275 0.000000 0.000000 7.000000 0.033000
982.000000 -0.000921 -0.201275 0.000000 0.000000 7.000000 0.033000
983.000000 -0.000921 -0.201275 0.000000 0.000000 7.000000 0.033000
984.000000 -0.000921 -0.201275 0.000000 0.000000 7.000000 0.033000
985.000000 -0.000921 -0.201275 0.000000 0.000000 7.000000 0.033000
986.000000 -0.000921 -0.201275 0.000000 0.000000 7.000000 0.033000
987.000000 -0.000921 -0.201275 0.000000 0.000000 7.000000 0.033000
988.000000 -0.000921 -0.201275 0.000000 0.000000 7.000000 0.033000
989.000000 -0.000921 -0.201275 0.000000 0.000000 7.000000 0.033000
990.000000 -0.000921 -0.201275 0.000000 0.000000 7.000000 0.033000
991.000000 -0.000921 -0.201275 0.000000 0.000000 7.000000 0.033000
992.000000 -0.000921 -0.201275 0.000000 0.000000 7.000000 0.033000
993.000000 -0.000921 -0.201275 0.000000 0.000000 7.000000 0.033000
994.000000 -0.000921 -0.201275 0.000000 0.000000 7.000000 0.033000
995.000000 -0.000921 -0.201275 0.000000 0.000000 7.000000 0.033000
996.000000 -0.000921 -0.201275 0.000000 0.000000 7.000000 0.033000
997.000000 -0.000921 -0.201275 0.000000 0.000000 7.000000 0.033000
998.000000 -0.000921 -0.201275 0.000000 0.000000 7.000000 0.033000
999.000000 -0.000921 -0.201275 0.000000 0.000000 7.000000 0.033000
1000.000000 -0.000921 -0.201275 0.000000 0.000000 7.000000 0.033000
1001.000000 -0.000921 -0.201275 0.000000 0.000000 7.000000 0.033000
1002.000000 -0.000921 -0.201275 0.000000 0.000000 7.000000 0.033000
1003.000000 -0.000921 -0.201275 0.000000 0.000000 7.000000 0.033000
1004.000000 -0.000921 -0.201275 0.000000 0.000000 7.000000 0.033000
1005.000000 -0.000921 -0.201275 0.000000 0.000000 7.000000 0.033000
1006.000000 -0.000921 -0.201275 0.000000 0.000000 7.000000 0.033000
1007.000000 -0.000921 -0.201275 0.000000 0.000000 7.000000 0.033000
1008.000000 -0.000921 -0.201275 0.000000 0.000000 7.000000 0.033000
1009.000000 -0.000921 -0.201275 0.000000 0.000000 7.000000 0.033000
1010.000000 -0.000921 -0.201275 0.000000 0.000000 7.000000 0.033000
1011.000000 -0.000921 -0.201275 0.000000 0.000000 7.000000 0.033000
1012.000000 -0.000921 -0.201275 0.000000 0.000000 7.000000 0.033000
1013.000000 -0.000921 -0.201275 0.000000 0.000000 7.000000 0.033000
1014.000000 -0.000921 -0.201275 0.000000 0.000000 7.000000 0.033000
1015.000000 -0.000921 -0.201275 0.000000 0.000000 7.000000 0.033000
1016.000000 -0.000921 -0.201275 0.000000 0.000000 7.000000 0.033000
1017.000000 -0.000921 -0.201275 0.000000 0.000000 7.000000 0.033000
1018.000000 -0.000921 -0.201275 0.000000 0.000000 7.000000 0.033000
1019.000000 -0.000921 -0.201275 0.000000 0.000000 7.000000 0.033000
1020.000000 -0.000921 -0.201275 0.000000 0.000000 7.000000 0.033000
1021.000000 -0.000921 -0.201275 0.000000 0.000000 7.000000 0.033000
1022.000000 -0.000921 -0.201275 0.000000 0.000000 7.000000 0.033000
1023.000000 -0.000921 -0.201275 0.000000 0.000000 7.000000 0.033000
1024.000000 -0.000921 -0.201275 0.000000 0.000000 7.000000 0.033000
1025.000000 -0.000921 -0.201275 0.000000 0.000000 7.000000 0.033000
1026.000000 -0.000921 -0.201275 0.000000 0.000000 7.000000 0.033000
1027.000000 -0.000921 -0.201275 0.000000 0.000000 7.000000 0.033000
1028.000000 -0.000921 -0.201275 0.000000 0.000000 7.000000 0.033000
1029.000000 -0.000921 -0.201275 0.000000 0.000000 7.000000 0.033000
1030.000000 -0.000921 -0.201275 0.000000 0.000000 7.000000 0.033000
1031.000000 -0.000921 -0.201275 0.000000 0.000000 7.000000 0.033000
1032.000000 -0.000921 -0.201275 0.000000 0.000000 7.000000 0.033000
1033.000000 -0.000921 -0.201275 0.000000 0.000000 7.000000 0.033000
1034.000000 -0.000921 -0.201275 0.000000 0.000000 7.000000 0.033000
1035.000000 -0.000921 -0.201275 0.000000 0.000000 7.000000 0.033000
1036.000000 -0.000921 -0.201275 0.000000 0.000000 7.000000 0.033000
1037.000000 -0.000921 -0.201275 0.000000 0.000000 7.000000 0.033000
1038.000000 -0.000921 -0.201275 0.000000 0.000000 7.000000 0.033000
1039.000000 -0.000921 -0.201275 0.000000 0.000000 7.000000 0.033000
1040.000000 -0.000921 -0.201275 0.000000 0.000000 7.000000 0.033000
1041.000000 -0.000921 -0.201275 0.000000 0.000000 7.000000 0.033000
1042.000000 -0.000921 -0.201275 0.000000 0.000000 7.000000 0.033000
1043.000000 -0.000921 -0.201275 0.000000 0.000000 7.000000 0.033000
1044.000000 -0.000921 -0.201275 0.000000 0.000000 7.000000 0.033000
1045.000000 -0.000921 -0.201275 0.000000 0.000000 7.000000 0.033000
1046.000000 -0.000921 -0.201275 0.000000 0.000000 7.000000 0.033000
1047.000000 -0.000921 -0.201275 0.000000 0.000000 7.000000 0.033000
1048.000000 -0.000921 -0.201275 0.000000 0.000000 7.000000 0.033000
1049.000000 -0.000921 -0.201275 0.000000 0.000000 7.000000 0.033000
1050.000000 -0.000921 -0.201275 0.000000 0.000000 7.000000 0.033000
1051.000000 -0.000921 -0.201275 0.000000 0.000000 7.000000 0.033000
1052.000000 -0.000921 -0.201275 0.000000 0.000000 7.000000 0.033000
1053.000000 -0.000921 -0.201275 0.000000 0.000000 7.000000 0.033000
1054.000000 -0.000921 -0.201275 0.000000 0.000000 7.000000 0.033000
1055.000000 -0.000921 -0.201275 0.000000 0.000000 7.000000 0.033000
1056.000000 -0.000921 -0.201275 0.000000 0.000000 7.000000 0.033000
1057.000000 -0.000921 -0.201275 0.000000 0.000000 7.000000 0.033000
1058.000000 -0.000921 -0.201275 0.000000 0.000000 7.000000 0.033000
1059.000000 -0.000921 -0.201275 0.000000 0.000000 7.000000 0.033000
1060.000000 -0.000921 -0.201275 0.000000 0.000000 7.000000 0.033000
1061.000000 -0.000921 -0.201275 0.000000 0.000000 7.000000 0.033000
1062.000000 -0.000921 -0.201275 0.000000 0.000000 7.000000 0.033000
1063.000000 -0.000921 -0.201275 0.000000 0.000000 7.000000 0.033000
1064.000000 -0.000921 -0.201275 0.000000 0.000000 7.000000 0.033000
1065.000000 -0.000921 -0.201275 0.000000 0.000000 7.000000 0.033000
1066.000000 -0.000921 -0.201275 0.000000 0.000000 7.000000 0.033000
1067.000000 -0.000921 -0.201275 0.000000 0.000000 7.000000 0.033000
1068.000000 -0.000921 -0.201275 0.000000 0.000000 7.000000 0.033000
1069.000000 -0.000921 -0.201275 0.000000 0.000000 7.000000 0.033000
1070.000000 -0.000921 -0.201275 0.000000 0.000000 7.000000 0.033000
1071.000000 -0.000921 -0.201275 0.000000 0.000000 7.000000 0.033000
1072.000000 -0.000921 -0.201275 0.000000 0.000000 7.000000 0.033000
1073.000000 -0.000921 -0.201275 0.000000 0.000000 7.000000 0.033000
1074.000000 -0.000921 -0.201275 0.000000 0.000000 7.000000 0.033000
1075.000000 -0.000921 -0.201275 0.000000 0.000000 7.000000 0.033000
1076.000000 -0.000921 -0.201275 0.000000 0.000000 7.000000 0.033000
1077.000000 -0.000921 -0.201275 0.000000 0.000000 7.000000 0.033000
1078.000000 -0.000921 -0.201275 0.000000 0.000000 7.000000 0.033000
1079.000000 -0.000921 -0.201275 0.000000 0.000000 7.000000 0.033000
1080.000000 -0.000921 -0.201275 0.000000 0.000000 7.000000 0.033000
1081.000000 -0.000921 -0.201275 0.000000 0.000000 7.000000 0.033000
1082.000000 -0.000921 -0.201275 0.000000 0.000000 7.000000 0.033000
1083.000000 -0.000921 -0.201275 0.000000 0.000000 7.000000 0.033000
1084.000000 -0.000921 -0.201275 0.000000 0.000000 7.000000 0.033000
1085.000000 -0.000921 -0.201275 0.000000 0.000000 7.000000 0.033000
1086.000000 -0.000921 -0.201275 0.000000 0.000000 7.000000 0.033000
1087.000000 -0.000921 -0.201275 0.000000 0.000000 7.000000 0.033000
1088.000000 -0.000921 -0.201275 0.000000 0.000000 7.000000 0.033000
1089.000000 -0.000921 -0.201275 0.000000 0.000000 7.000000 0.033000
1090.000000 -0.000921 -0.201275 0.000000 0.000000 7.000000 0.033000
1091.000000 -0.000921 -0.201275 0.000000 0.000000 7.000000 0.033000
1092.000000 -0.000921 -0.201275 0.000000 0.000000 7.000000 0.033000
1093.000000 -0.000921 -0.201275 0.000000 0.000000 7.000000 0.033000
1094.000000 -0.000921 -0.201275 0.000000 0.000000 7.000000 0.033000
1095.000000 -0.000921 -0.201275 0.000000 0.000000 7.000000 0.033000
1096.000000 -0.000921 -0.201275 0.000000 0.000000 7.000000 0.033000
1097.000000 -0.000921 -0.201275 0.000000 0.000000 7.000000 0.033000
1098.000000 -0.000921 -0.201275 0.000000 0.000000 7.000000 0.033000
1099.000000 -0.000921 -0.201275 0.000000 0.000000 7.000000 0.033000
1100.000000 -0.000921 -0.201275 0.000000 0.000000 7.000000 0.033000
1101.000000 -0.000921 -0.201275 0.000000 0.000000 7.000000 0.033000
1102.000000 -0.000921 -0.201275 0.000000 0.000000 7.000000 0.033000
1103.000000 -0.000921 -0.201275 0.000000 0.000000 7.000000 0.033000
1104.000000 -0.000921 -0.201275 0.000000 0.000000 7.000000 0.033000
1105.000000 -0.000921 -0.201275 0.000000 0.000000 7.000000 0.033000
1106.000000 -0.000921 -0.201275 0.000000 0.000000 7.000000 0.033000
1107.000000 -0.000921 -0.201275 0.000000 0.000000 7.000000 0.033000
1108.000000 -0.000921 -0.201275 0.000000 0.000000 7.000000 0.033000
1109.000000 -0.000921 -0.201275 0.000000 0.000000 7.000000 0.033000
1110.000000 -0.000921 -0.201275 0.000000 0.000000 7.000000 0.033000
1111.000000 -0.000921 -0.201275 0.000000 0.000000 7.000000 0.033000
1112.000000 -0.000921 -0.201275 0.000000 0.000000 7.000000 0.033000
1113.000000 -0.000921 -0.201275 0.000000 0.000000 7.000000 0.033000
1114.000000 -0.000921 -0.201275 0.000000 0.000000 7.000000 0.033000
1115.000000 -0.000921 -0.201275 0.000000 0.000000 7.000000 0.033000
1116.000000 -0.000921 -0.201275 0.000000 0.000000 7.000000 0.033000
1117.000000 -0.000921 -0.201275 0.000000 0.000000 7.000000 0.033000
1118.000000 -0.000921 -0.201275 0.000000 0.000000 7.000000 0.033000
1119.000000 -0.000921 -0.201275 0.000000 0.000000 7.000000 0.033000
1120.000000 -0.000921 -0.201275 0.000000 0.000000 7.000000 0.033000
1121.000000 -0.000921 -0.201275 0.000000 0.000000 7.000000 0.033000
1122.000000 -0.000921 -0.201275 0.000000 0.000000 7.000000 0.033000
1123.000000 -0.000921 -0.201275 0.000000 0.000000 7.000000 0.033000
1124.000000 -0.000921 -0.201275 0.000000 0.000000 7.000000 0.033000
1125.000000 -0.000921 -0.201275 0.000000 0.000000 7.000000 0.033000
1126.000000 -0.000921 -0.201275 0.000000 0.000000 7.000000 0.033000
1127.000000 -0.000921 -0.201275 0.000000 0.000000 7.000000 0.033000
1128.000000 -0.000921 -0.201275 0.000000 0.000000 7.000000 0.033000
1129.000000 -0.000921 -0.201275 0.000000 0.000000 7.000000 0.033000
1130.000000 -0.000921 -0.201275 0.000000 0.000000 7.000000 0.033000
1131.000000 -0.000921 -0.201275 0.000000 0.000000 7.000000 0.033000
1132.000000 -0.000921 -0.201275 0.000000 0.000000 7.000000 0.033000
1133.000000 -0.000921 -0.201275 0.000000 0.000000 7.000000 0.033000
1134.000000 -0.000921 -0.201275 0.000000 0.000000 7.000000 0.033000
1135.000000 -0.000921 -0.201275 0.000000 0.000000 7.000000 0.033000
1136.000000 -0.000921 -0.201275 0.000000 0.000000 7.000000 0.033000
1137.000000 -0.000921 -0.201275 0.000000 0.000000 7.000000 0.033000
1138.000000 -0.000921 -0.201275 0.000000 0.000000 7.000000 0.033000
1139.000000 -0.000921 -0.201275 0.000000 0.000000 7.000000 0.033000
1140.000000 -0.000921 -0.201275 0.000000 0.000000 7.000000 0.033000
1141.000000 -0.000921 -0.201275 0.000000 0.000000 7.000000 0.033000
1142.000000 -0.000921 -0.201275 0.000000 0.000000 7.000000 0.033000
1143.000000 -0.000921 -0.201275 0.000000 0.000000 7.000000 0.033000
1144.000000 -0.000921 -0.201275 0.000000 0.000000 7.000000 0.033000
1145.000000 -0.000921 -0.201275 0.000000 0.000000 7.000000 0.033000
1146.000000 -0.000921 -0.201275 0.000000 0.000000 7.000000 0.033000
1147.000000 -0.000921 -0.201275 0.000000 0.000000 7.000000 0.033000
1148.000000 -0.000921 -0.201275 0.000000 0.000000 7.000000 0.033000
1149.000000 -0.000921 -0.201275 0.000000 0.000000 7.000000 0.033000
1150.000000 -0.000921 -0.201275 0.000000 0.000000 7.000000 0.033000
1151.000000 -0.000921 -0.201275 0.000000 0.000000 7.000000 0.033000
1152.000000 -0.000921 -0.201275 0.000000 0.000000 7.000000 0.033000
1153.000000 -0.000921 -0.201275 0.000000 0.000000 7.000000 0.033000
1154.000000 -0.000921 -0.201275 0.000000 0.000000 7.000000 0.033000
1155.000000 -0.000921 -0.201275 0.000000 0.000000 7.000000 0.033000
1156.000000 -0.000921 -0.201275 0.000000 0.000000 7.000000 0.033000
1157.000000 -0.000921 -0.201275 0.000000 0.000000 7.000000 0.033000
1158.000000 -0.000921 -0.201275 0.000000 0.000000 7.000000 0.033000
1159.000000 -0.000921 -0.201275 0.000000 0.000000 7.000000 0.033000
1160.000000 -0.000921 -0.201275 0.000000 0.000000 7.000000 0.033000
1161.000000 -0.000921 -0.201275 0.000000 0.000000 7.000000 0.033000
1162.000000 -0.000921 -0.201275 0.000000 0.000000 7.000000 0.033000
1163.000000 -0.000921 -0.201275 0.000000 0.000000 7.000000 0.033000
1164.000000 -0.000921 -0.201275 0.000000 0.000000 7.000000 0.033000
1165.000000 -0.000921 -0.201275 0.000000 0.000000 7.000000 0.033000
1166.000000 -0.000921 -0.201275 0.000000 0.000000 7.000000 0.033000
1167.000000 -0.000921 -0.201275 0.000000 0.000000 7.000000 0.033000
1168.000000 -0.000921 -0.201275 0.000000 0.000000 7.000000 0.033000
1169.000000 -0.000921 -0.201275 0.000000 0.000000 7.000000 0.033000
1170.000000 -0.000921 -0.201275 0.000000 0.000000 7.000000 0.033000
1171.000000 -0.000921 -0.201275 0.000000 0.000000 7.000000 0.033000
1172.000000 -0.000921 -0.201275 0.000000 0.000000 7.000000 0.033000
1173.000000 -0.000921 -0.201275 0.000000 0.000000 7.000000 0.033000
1174.000000 -0.000921 -0.201275 0.000000 0.000000 7.000000 0.033000
1175.000000 -0.000921 -0.201275 0.000000 0.000000 7.000000 0.033000
1176.000000 -0.000921 -0.201275 0.000000 0.000000 7.000000 0.033000
1177.000000 -0.000921 -0.201275 0.000000 0.000000 7.000000 0.033000
1178.000000 -0.000921 -0.201275 0.000000 0.000000 7.000000 0.033000
1179.000000 -0.000921 -0.201275 0.000000 0.000000 7.000000 0.033000
1180.000000 -0.000921 -0.201275 0.000000 0.000000 7.000000 0.033000
1181.000000 -0.000921 -0.201275 0.000000 0.000000 7.000000 0.033000
1182.000000 -0.000921 -0.201275 0.000000 0.000000 7.000000 0.033000
1183.000000 -0.000921 -0.201275 0.000000 0.000000 7.000000 0.033000
1184.000000 -0.000921 -0.201275 0.000000 0.000000 7.000000 0.033000
1185.000000 -0.000921 -0.201275 0.000000 0.000000 7.000000 0.033000
1186.000000 -0.000921 -0.201275 0.000000 0.000000 7.000000 0.033000
1187.000000 -0.000921 -0.201275 0.000000 0.000000 7.000000 0.033000
1188.000000 -0.000921 -0.201275 0.000000 0.000000 7.000000 0.033000
1189.000000 -0.000921 -0.201275 0.000000 0.000000 7.000000 0.033000
1190.000000 -0.000921 -0.201275 0.000000 0.000000 7.000000 0.033000
1191.000000 -0.000921 -0.201275 0.000000 0.000000 7.000000 0.033000
1192.000000 -0.000921 -0.201275 0.000000 0.000000 7.000000 0.033000
1193.000000 -0.000921 -0.201275 0.000000 0.000000 7.000000 0.033000
1194.000000 -0.000921 -0.201275 0.000000 0.000000 7.000000 0.033000
1195.000000 -0.000921 -0.201275 0.000000 0.000000 7.000000 0.033000
1196.000000 -0.000921 -0.201275 0.000000 0.000000 7.000000 0.033000
1197.000000 -0.000921 -0.201275 0.000000 0.000000 7.000000 0.033000
1198.000000 -0.000921 -0.201275 0.000000 0.000000 7.000000 0.033000
1199.000000 -0.000921 -0.201275 0.000000 0.000000 7.000000 0.033000
1200.000000 -0.000921 -0.201275 0.000000 0.000000 7.000000 0.033000
1201.000000 -0.000921 -0.201275 0.000000 0.000000 7.000000 0.033000
1202.000000 -0.000921 -0.201275 0.000000 0.000000 7.000000 0.033000
1203.000000 -0.000921 -0.201275 0.000000 0.000000 7.000000 0.033000
1204.000000 -0.000921 -0.201275 0.000000 0.000000 7.000000 0.033000
1205.000000 -0.000921 -0.201275 0.000000 0.000000 7.000000 0.033000
1206.000000 -0.000921 -0.201275 0.000000 0.000000 7.000000 0.033000
1207.000000 -0.000921 -0.201275 0.000000 0.000000 7.000000 0.033000
1208.000000 -0.000921 -0.201275 0.000000 0.000000 7.000000 0.033000
1209.000000 -0.000921 -0.201275 0.000000 0.000000 7.000000 0.033000
1210.000000 -0.000921 -0.201275 0.000000 0.000000 7.000000 0.033000
1211.000000 -0.000921 -0.201275 0.000000 0.000000 7.000000 0.033000
1212.000000 -0.000921 -0.201275 0.000000 0.000000 7.000000 0.033000
1213.000000 -0.000921 -0.201275 0.000000 0.000000 7.000000 0.033000
1214.000000 -0.000921 -0.201275 0.000000 0.000000 7.000000 0.033000
1215.000000 -0.000921 -0.201275 0.000000 0.000000 7.000000 0.033000
1216.000000 -0.000921 -0.201275 0.000000 0.000000 7.000000 0.033000
1217.000000 -0.000921 -0.201275 0.000000 0.000000 7.000000 0.033000
1218.000000 -0.000921 -0.201275 0.000000 0.000000 7.000000 0.033000
1219.000000 -0.000921 -0.201275 0.000000 0.000000 7.000000 0.033000
1220.000000 -0.000921 -0.201275 0.000000 0.000000 7.000000 0.033000
1221.000000 -0.000921 -0.201275 0.000000 0.000000 7.000000 0.033000
1222.000000 -0.000921 -0.201275 0.000000 0.000000 7.000000 0.033000
1223.000000 -0.000921 -0.201275 0.000000 0.000000 7.000000 0.033000
1224.000000 -0.000921 -0.201275 0.000000 0.000000 7.000000 0.033000
1225.000000 -0.000921 -0.201275 0.000000 0.000000 7.000000 0.033000
1226.000000 -0.000921 -0.201275 0.000000 0.000000 7.000000 0.033000
1227.000000 -0.000921 -0.201275 0.000000 0.000000 7.000000 0.033000
1228.000000 -0.000921 -0.201275 0.000000 0.000000 7.000000 0.033000
1229.000000 -0.000921 -0.201275 0.000000 0.000000 7.000000 0.033000
1230.000000 -0.000921 -0.201275 0.000000 0.000000 7.000000 0.033000
1231.000000 -0.000921 -0.201275 0.000000 0.000000 7.000000 0.033000
1232.000000 -0.000921 -0.201275 0.000000 0.000000 7.000000 0.033000
1233.000000 -0.000921 -0.201275 0.000000 0.000000 7.000000 0.033000
1234.000000 -0.000921 -0.201275 0.000000 0.000000 7.000000 0.033000
1235.000000 -0.000921 -0.201275 0.000000 0.000000 7.000000 0.033000
1236.000000 -0.000921 -0.201275 0.000000 0.000000 7.000000 0.033000
1237.000000 -0.000921 -0.201275 0.000000 0.000000 7.000000 0.033000
1238.000000 -0.000921 -0.201275 0.000000 0.000000 7.000000 0.033000
1239.000000 -0.000921 -0.201275 0.000000 0.000000 7.000000 0.033000
1240.000000 -0.000921 -0.201275 0.000000 0.000000 7.000000 0.033000
1241.000000 -0.000921 -0.201275 0.000000 0.000000 7.000000 0.033000
1242.000000 -0.000921 -0.201275 0.000000 0.000000 7.000000 0.033000
1243.000000 -0.000921 -0.201275 0.000000 0.000000 7.000000 0.033000
1244.000000 -0.000921 -0.201275 0.000000 0.000000 7.000000 0.033000
1245.000000 -0.000921 -0.201275 0.000000 0.000000 7.000000 0.033000
1246.000000 -0.000921 -0.201275 0.000000 0.000000 7.000000 0.033000
1247.000000 -0.000921 -0.201275 0.000000 0.000000 7.000000 0.033000
1248.000000 -0.000921 -0.201275 0.000000 0.000000 7.000000 0.033000
1249.000000 -0.000921 -0.201275 0.000000 0.000000 7.000000 0.033000
1250.000000 -0.000921 -0.201275 0.000000 0.000000 7.000000 0.033000
1251.000000 -0.000921 -0.201275 0.000000 0.000000 7.000000 0.033000
1252.000000 -0.000921 -0.201275 0.000000 0.000000 7.000000 0.033000
1253.000000 -0.000921 -0.201275 0.000000 0.000000 7.000000 0.033000
1254.000000 -0.000921 -0.201275 0.000000 0.000000 7.000000 0.033000
1255.000000 -0.000921 -0.201275 0.000000 0.000000 7.000000 0.033000
1256.000000 -0.000921 -0.201275 0.000000 0.000000 7.000000 0.033000
1257.000000 -0.000921 -0.201275 0.000000 0.000000 7.000000 0.033000
1258.000000 -0.000921 -0.201275 0.000000 0.000000 7.000000 0.033000
1259.000000 -0.000921 -0.201275 0.000000 0.000000 7.000000 0.033000
1260.000000 -0.000921 -0.201275 0.000000 0.000000 7.000000 0.033000
1261.000000 -0.000921 -0.201275 0.000000 0.000000 7.000000 0.033000
1262.000000 -0.000921 -0.201275 0.000000 0.000000 7.000000 0.033000
1263.000000 -0.000921 -0.201275 0.000000 0.000000 7.000000 0.033000
1264.000000 -0.000921 -0.201275 0.000000 0.000000 7.000000 0.033000
1265.000000 -0.000921 -0.201275 0.000000 0.000000 7.000000 0.033000
1266.000000 -0.000921 -0.201275 0.000000 0.000000 7.000000 0.033000
1267.000000 -0.000921 -0.201275 0.000000 0.000000 7.000000 0.033000
1268.000000 -0.000921 -0.201275 0.000000 0.000000 7.000000 0.033000
1269.000000 -0.000921 -0.201275 0.000000 0.000000 7.000000 0.033000
1270.000000 -0.000921 -0.201275 0.000000 0.000000 7.000000 0.033000
1271.000000 -0.000921 -0.201275 0.000000 0.000000 7.000000 0.033000
1272.000000 -0.000921 -0.201275 0.000000 0.000000 7.000000 0.033000
1273.000000 -0.000921 -0.201275 0.000000 0.000000 7.000000 0.033000
1274.000000 -0.000921 -0.201275 0.000000 0.000000 7.000000 0.033000
1275.000000 -0.000921 -0.201275 0.000000 0.000000 7.000000 0.033000
1276.000000 -0.000921 -0.201275 0.000000 0.000000 7.000000 0.033000
1277.000000 -0.000921 -0.201275 0.000000 0.000000 7.000000 0.033000
1278.000000 -0.000921 -0.201275 0.000000 0.000000 7.000000 0.033000
1279.000000 -0.000921 -0.201275 0.000000 0.000000 7.000000 0.033000
1280.000000 -0.000921 -0.201275 0.000000 0.000000 7.000000 0.033000
1281.000000 -0.000921 -0.201275 0.000000 0.000000 7.000000 0.033000
1282.000000 -0.000921 -0.201275 0.000000 0.000000 7.000000 0.033000
1283.000000 -0.000921 -0.201275 0.000000 0.000000 7.000000 0.033000
1284.000000 -0.000921 -0.201275 0.000000 0.000000 7.000000 0.033000
1285.000000 -0.000921 -0.201275 0.000000 0.000000 7.000000 0.033000
1286.000000 -0.000921 -0.201275 0.000000 0.000000 7.000000 0.033000
1287.000000 -0.000921 -0.201275 0.000000 0.000000 7.000000 0.033000
1288.000000 -0.000921 -0.201275 0.000000 0.000000 7.000000 0.033000
1289.000000 -0.000921 -0.201275 0.000000 0.000000 7.000000 0.033000
1290.000000 -0.000921 -0.201275 0.000000 0.000000 7.000000 0.033000
1291.000000 -0.000921 -0.201275 0.000000 0.000000 7.000000 0.033000
1292.000000 -0.000921 -0.201275 0.000000 0.000000 7.000000 0.033000
1293.000000 -0.000921 -0.201275 0.000000 0.000000 7.000000 0.033000
1294.000000 -0.000921 -0.201275 0.000000 0.000000 7.000000 0.033000
1295.000000 -0.000921 -0.201275 0.000000 0.000000 7.000000 0.033000
1296.000000 -0.000921 -0.201275 0.000000 0.000000 7.000000 0.033000
1297.000000 -0.000921 -0.201275 0.000000 0.000000 7.000000 0.033000
1298.000000 -0.000921 -0.201275 0.000000 0.000000 7.000000 0.033000
1299.000000 -0.000921 -0.201275 0.000000 0.000000 7.000000 0.033000
1300.000000 -0.000921 -0.201275 0.000000 0.000000 7.000000 0.033000
1301.000000 -0.000921 -0.201275 0.000000 0.000000 7.000000 0.033000
1302.000000 -0.000921 -0.201275 0.000000 0.000000 7.000000 0.033000
1303.000000 -0.000921 -0.201275 0.000000 0.000000 7.000000 0.033000
1304.000000 -0.000921 -0.201275 0.000000 0.000000 7.000000 0.033000
1305.000000 -0.000921 -0.201275 0.000000 0.000000 7.000000 0.033000
1306.000000 -0.000921 -0.201275 0.000000 0.000000 7.000000 0.033000
1307.000000 -0.000921 -0.201275 0.000000 0.000000 7.000000 0.033000
1308.000000 -0.000921 -0.201275 0.000000 0.000000 7.000000 0.033000
1309.000000 -0.000921 -0.201275 0.000000 0.000000 7.000000 0.033000
1310.000000 -0.000921 -0.201275 0.000000 0.000000 7.000000 0.033000
1311.000000 -0.000921 -0.201275 0.000000 0.000000 7.000000 0.033000
1312.000000 -0.000921 -0.201275 0.000000 0.000000 7.000000 0.033000
1313.000000 -0.000921 -0.201275 0.000000 0.000000 7.000000 0.033000
1314.000000 -0.000921 -0.201275 0.000000 0.000000 7.000000 0.033000
1315.000000 -0.000921 -0.201275 0.000000 0.000000 7.000000 0.033000
1316.000000 -0.000921 -0.201275 0.000000 0.000000 7.000000 0.033000
1317.000000 -0.000921 -0.201275 0.000000 0.000000 7.000000 0.033000
1318.000000 -0.000921 -0.201275 0.000000 0.000000 7.000000 0.033000
1319.000000 -0.000921 -0.201275 0.000000 0.000000 7.000000 0.033000
1320.000000 -0.000921 -0.201275 0.000000 0.000000 7.000000 0.033000
1321.000000 -0.000921 -0.201275 0.000000 0.000000 7.000000 0.033000
1322.000000 -0.000921 -0.201275 0.000000 0.000000 7.000000 0.033000
1323.000000 -0.000921 -0.201275 0.000000 0.000000 7.000000 0.033000
1324.000000 -0.000921 -0.201275 0.000000 0.000000 7.000000 0.033000
1325.000000 -0.000921 -0.201275 0.000000 0.000000 7.000000 0.033000
1326.000000 -0.000921 -0.201275 0.000000 0.000000 7.000000 0.033000
1327.000000 -0.000921 -0.201275 0.000000 0.000000 7.000000 0.033000
1328.000000 -0.000921 -0.201275 0.000000 0.000000 7.000000 0.033000
1329.000000 -0.000921 -0.201275 0.000000 0.000000 7.000000 0.033000
1330.000000 -0.000921 -0.201275 0.000000 0.000000 7.000000 0.033000
1331.000000 -0.000921 -0.201275 0.000000 0.000000 7.000000 0.033000
1332.000000 -0.000921 -0.201275 0.000000 0.000000 7.000000 0.033000
1333.000000 -0.000921 -0.201275 0.000000 0.000000 7.000000 0.033000
1334.000000 -0.000921 -0.201275 0.000000 0.000000 7.000000 0.033000
1335.000000 -0.000921 -0.201275 0.000000 0.000000 7.000000 0.033000
1336.000000 -0.000921 -0.201275 0.000000 0.000000 7.000000 0.033000
1337.000000 -0.000921 -0.201275 0.000000 0.000000 7.000000 0.033000
1338.000000 -0.000921 -0.201275 0.000000 0.000000 7.000000 0.033000
1339.000000 -0.000921 -0.201275 0.000000 0.000000 7.000000 0.033000
1340.000000 -0.000921 -0.201275 0.000000 0.000000 7.000000 0.033000
1341.000000 -0.000921 -0.201275 0.000000 0.000000 7.000000 0.033000
1342.000000 -0.000921 -0.201275 0.000000 0.000000 7.000000 0.033000
1343.000000 -0.000921 -0.201275 0.000000 0.000000 7.000000 0.033000
1344.000000 -0.000921 -0.201275 0.000000 0.000000 7.000000 0.033000
1345.000000 -0.000921 -0.201275 0.000000 0.000000 7.000000 0.033000
1346.000000 -0.000921 -0.201275 0.000000 0.000000 7.000000 0.033000
1347.000000 -0.000921 -0.201275 0.000000 0.000000 7.000000 0.033000
1348.000000 -0.000921 -0.201275 0.000000 0.000000 7.000000 0.033000
1349.000000 -0.000921 -0.201275 0.000000 0.000000 7.000000 0.033000
1350.000000 -0.000921 -0.201275 0.000000 0.000000 7.000000 0.033000
1351.000000 -0.000921 -0.201275 0.000000 0.000000 7.000000 0.033000
1352.000000 -0.000921 -0.201275 0.000000 0.000000 7.000000 0.033000
1353.000000 -0.000921 -0.201275 0.000000 0.000000 7.000000 0.033000
1354.000000 -0.000921 -0.201275 0.000000 0.000000 7.000000 0.033000
1355.000000 -0.000921 -0.201275 0.000000 0.000000 7.000000 0.033000
1356.000000 -0.000921 -0.201275 0.000000 0.000000 7.000000 0.033000
1357.000000 -0.000921 -0.201275 0.000000 0.000000 7.000000 0.033000
1358.000000 -0.000921 -0.201275 0.000000 0.000000 7.000000 0.033000
1359.000000 -0.000921 -0.201275 0.000000 0.000000 7.000000 0.033000
1360.000000 -0.000921 -0.201275 0.000000 0.000000 7.000000 0.033000
1361.000000 -0.000921 -0.201275 0.000000 0.000000 7.000000 0.033000
1362.000000 -0.000921 -0.201275 0.000000 0.000000 7.000000 0.033000
1363.000000 -0.000921 -0.201275 0.000000 0.000000 7.000000 0.033000
1364.000000 -0.000921 -0.201275 0.000000 0.000000 7.000000 0.033000
1365.000000 -0.000921 -0.201275 0.000000 0.000000 7.000000 0.033000
1366.000000 -0.000921 -0.201275 0.000000 0.000000 7.000000 0.033000
1367.000000 -0.000921 -0.201275 0.000000 0.000000 7.000000 0.033000
1368.000000 -0.000921 -0.201275 0.000000 0.000000 7.000000 0.033000
1369.000000 -0.000921 -0.201275 0.000000 0.000000 7.000000 0.033000
1370.000000 -0.000921 -0.201275 0.000000 0.000000 7.000000 0.033000
1371.000000 -0.000921 -0.201275 0.000000 0.000000 7.000000 0.033000
1372.000000 -0.000921 -0.201275 0.000000 0.000000 7.000000 0.033000
1373.000000 -0.000921 -0.201275 0.000000 0.000000 7.000000 0.033000
1374.000000 -0.000921 -0.201275 0.000000 0.000000 7.000000 0.033000
1375.000000 -0.000921 -0.201275 0.000000 0.000000 7.000000 0.033000
1376.000000 -0.000921 -0.201275 0.000000 0.000000 7.000000 0.033000
1377.000000 -0.000921 -0.201275 0.000000 0.000000 7.000000 0.033000
1378.000000 -0.000921 -0.201275 0.000000 0.000000 7.000000 0.033000
1379.000000 -0.000921 -0.201275 0.000000 0.000000 7.000000 0.033000
1380.000000 -0.000921 -0.201275 0.000000 0.000000 7.000000 0.033000
1381.000000 -0.000921 -0.201275 0.000000 0.000000 7.000000 0.033000
1382.000000 -0.000921 -0.201275 0.000000 0.000000 7.000000 0.033000
1383.000000 -0.000921 -0.201275 0.000000 0.000000 7.000000 0.033000
1384.000000 -0.000921 -0.201275 0.000000 0.000000 7.000000 0.033000
1385.000000 -0.000921 -0.201275 0.000000 0.000000 7.000000 0.033000
1386.000000 -0.000921 -0.201275 0.000000 0.000000 7.000000 0.033000
1387.000000 -0.000921 -0.201275 0.000000 0.000000 7.000000 0.033000
1388.000000 -0.000921 -0.201275 0.000000 0.000000 7.000000 0.033000
1389.000000 -0.000921 -0.201275 0.000000 0.000000 7.000000 0.033000
1390.000000 -0.000921 -0.201275 0.000000 0.000000 7.000000 0.033000
1391.000000 -0.000921 -0.201275 0.000000 0.000000 7.000000 0.033000
1392.000000 -0.000921 -0.201275 0.000000 0.000000 7.000000 0.033000
1393.000000 -0.000921 -0.201275 0.000000 0.000000 7.000000 0.033000
1394.000000 -0.000921 -0.201275 0.000000 0.000000 7.000000 0.033000
1395.000000 -0.000921 -0.201275 0.000000 0.000000 7.000000 0.033000
1396.000000 -0.000921 -0.201275 0.000000 0.000000 7.000000 0.033000
1397.000000 -0.000921 -0.201275 0.000000 0.000000 7.000000 0.033000
1398.000000 -0.000921 -0.201275 0.000000 0.000000 7.000000 0.033000
1399.000000 -0.000921 -0.201275 0.000000 0.000000 7.000000 0.033000
1400.000000 -0.000921 -0.201275 0.000000 0.000000 7.000000 0.033000
1401.000000 -0.000921 -0.201275 0.000000 0.000000 7.000000 0.033000
1402.000000 -0.000921 -0.201275 0.000000 0.000000 7.000000 0.033000
1403.000000 -0.000921 -0.201275 0.000000 0.000000 7.000000 0.033000
1404.000000 -0.000921 -0.201275 0.000000 0.000000 7.000000 0.033000
1405.000000 -0.000921 -0.201275 0.000000 0.000000 7.000000 0.033000
1406.000000 -0.000921 -0.201275 0.000000 0.000000 7.000000 0.033000
1407.000000 -0.000921 -0.201275 0.000000 0.000000 7.000000 0.033000
1408.000000 -0.000921 -0.201275 0.000000 0.000000 7.000000 0.033000
1409.000000 -0.000921 -0.201275 0.000000 0.000000 7.000000 0.033000
1410.000000 -0.000921 -0.201275 0.000000 0.000000 7.000000 0.033000
1411.000000 -0.000921 -0.201275 0.000000 0.000000 7.000000 0.033000
1412.000000 -0.000921 -0.201275 0.000000 0.000000 7.000000 0.033000
1413.000000 -0.000921 -0.201275 0.000000 0.000000 7.000000 0.033000
1414.000000 -0.000921 -0.201275 0.000000 0.000000 7.000000 0.033000
1415.000000 -0.000921 -0.201275 0.000000 0.000000 7.000000 0.033000
1416.000000 -0.000921 -0.201275 0.000000 0.000000 7.000000 0.033000
1417.000000 -0.000921 -0.201275 0.000000 0.000000 7.000000 0.033000
1418.000000 -0.000921 -0.201275 0.000000 0.000000 7.000000 0.033000
1419.000000 -0.000921 -0.201275 0.000000 0.000000 7.000000 0.033000
1420.000000 -0.000921 -0.201275 0.000000 0.000000 7.000000 0.033000
1421.000000 -0.000921 -0.201275 0.000000 0.000000 7.000000 0.033000
1422.000000 -0.000921 -0.201275 0.000000 0.000000 7.000000 0.033000
1423.000000 -0.000921 -0.201275 0.000000 0.000000 7.000000 0.033000
1424.000000 -0.000921 -0.201275 0.000000 0.000000 7.000000 0.033000
1425.000000 -0.000921 -0.201275 0.000000 0.000000 7.000000 0.033000
1426.000000 -0.000921 -0.201275 0.000000 0.000000 7.000000 0.033000
1427.000000 -0.000921 -0.201275 0.000000 0.000000 7.000000 0.033000
1428.000000 -0.000921 -0.201275 0.000000 0.000000 7.000000 0.033000
1429.000000 -0.000921 -0.201275 0.000000 0.000000 7.000000 0.033000
1430.000000 -0.000921 -0.201275 0.000000 0.000000 7.000000 0.033000
1431.000000 -0.000921 -0.201275 0.000000 0.000000 7.000000 0.033000
1432.000000 -0.000921 -0.201275 0.000000 0.000000 7.000000 0.033000
1433.000000 -0.000921 -0.201275 0.000000 0.000000 7.000000 0.033000
1434.000000 -0.000921 -0.201275 0.000000 0.000000 7.000000 0.033000
1435.000000 -0.000921 -0.201275 0.000000 0.000000 7.000000 0.033000
1436.000000 -0.000921 -0.201275 0.000000 0.000000 7.000000 0.033000
1437.000000 -0.000921 -0.201275 0.000000 0.000000 7.000000 0.033000
1438.000000 -0.000921 -0.201275 0.000000 0.000000 7.000000 0.033000
1439.000000 -0.000921 -0.201275 0.000000 0.000000 7.000000 0.033000
1440.000000 -0.000921 -0.201275 0.000000 0.000000 7.000000 0.033000
1441.000000 -0.000921 -0.201275 0.000000 0.000000 7.000000 0.033000
1442.000000 -0.000921 -0.201275 0.000000 0.000000 7.000000 0.033000
1443.000000 -0.000921 -0.201275 0.000000 0.000000 7.000000 0.033000
1444.000000 -0.000921 -0.201275 0.000000 0.000000 7.000000 0.033000
1445.000000 -0.000921 -0.201275 0.000000 0.000000 7.000000 0.033000
1446.000000 -0.000921 -0.201275 0.000000 0.000000 7.000000 0.033000
1447.000000 -0.000921 -0.201275 0.000000 0.000000 7.000000 0.033000
1448.000000 -0.000921 -0.201275 0.000000 0.000000 7.000000 0.033000
1449.000000 -0.000921 -0.201275 0.000000 0.000000 7.000000 0.033000
1450.000000 -0.000921 -0.201275 0.000000 0.000000 7.000000 0.033000
1451.000000 -0.000921 -0.201275 0.000000 0.000000 7.000000 0.033000
1452.000000 -0.000921 -0.201275 0.000000 0.000000 7.000000 0.033000
1453.000000 -0.000921 -0.201275 0.000000 0.000000 7.000000 0.033000
1454.000000 -0.000921 -0.201275 0.000000 0.000000 7.000000 0.033000
1455.000000 -0.000921 -0.201275 0.000000 0.000000 7.000000 0.033000
1456.000000 -0.000921 -0.201275 0.000000 0.000000 7.000000 0.033000
1457.000000 -0.000921 -0.201275 0.000000 0.000000 7.000000 0.033000
1458.000000 -0.000921 -0.201275 0.000000 0.000000 7.000000 0.033000
1459.000000 -0.000921 -0.201275 0.000000 0.000000 7.000000 0.033000
1460.000000 -0.000921 -0.201275 0.000000 0.000000 7.000000 0.033000
1461.000000 -0.000921 -0.201275 0.000000 0.000000 7.000000 0.033000
1462.000000 -0.000921 -0.201275 0.000000 0.000000 7.000000 0.033000
1463.000000 -0.000921 -0.201275 0.000000 0.000000 7.000000 0.033000
1464.000000 -0.000921 -0.201275 0.000000 0.000000 7.000000 0.033000
1465.000000 -0.000921 -0.201275 0.000000 0.000000 7.000000 0.033000
1466.000000 -0.000921 -0.201275 0.000000 0.000000 7.000000 0.033000
1467.000000 -0.000921 -0.201275 0.000000 0.000000 7.000000 0.033000
1468.000000 -0.000921 -0.201275 0.000000 0.000000 7.000000 0.033000
1469.000000 -0.000921 -0.201275 0.000000 0.000000 7.000000 0.033000
1470.000000 -0.000921 -0.201275 0.000000 0.000000 7.000000 0.033000
1471.000000 -0.000921 -0.201275 0.000000 0.000000 7.000000 0.033000
1472.000000 -0.000921 -0.201275 0.000000 0.000000 7.000000 0.033000
1473.000000 -0.000921 -0.201275 0.000000 0.000000 7.000000 0.033000
1474.000000 -0.000921 -0.201275 0.000000 0.000000 7.000000 0.033000
1475.000000 -0.000921 -0.201275 0.000000 0.000000 7.000000 0.033000
1476.000000 -0.000921 -0.201275 0.000000 0.000000 7.000000 0.033000
1477.000000 -0.000921 -0.201275 0.000000 0.000000 7.000000 0.033000
1478.000000 -0.000921 -0.201275 0.000000 0.000000 7.000000 0.033000
1479.000000 -0.000921 -0.201275 0.000000 0.000000 7.000000 0.033000
1480.000000 -0.000921 -0.201275 0.000000 0.000000 7.000000 0.033000
1481.000000 -0.000921 -0.201275 0.000000 0.000000 7.000000 0.033000
1482.000000 -0.000921 -0.201275 0.000000 0.000000 7.000000 0.033000
1483.000000 -0.000921 -0.201275 0.000000 0.000000 7.000000 0.033000
1484.000000 -0.000921 -0.201275 0.000000 0.000000 7.000000 0.033000
1485.000000 -0.000921 -0.201275 0.000000 0.000000 7.000000 0.033000
1486.000000 -0.000921 -0.201275 0.000000 0.000000 7.000000 0.033000
1487.000000 -0.000921 -0.201275 0.000000 0.000000 7.000000 0.033000
1488.000000 -0.000921 -0.201275 0.000000 0.000000 7.000000 0.033000
1489.000000 -0.000921 -0.201275 -0.000000 0.000000 7.000000 0.033000
1490.000000 -0.000921 -0.201275 -0.000000 0.000000 7.000000 0.033000
1491.000000 -0.000921 -0.201275 -0.000000 0.000000 7.000000 0.033000
1492.000000 -0.000921 -0.201275 -0.000000 0.000000 7.000000 0.033000
1493.000000 -0.000921 -0.201275 -0.000000 0.000000 7.000000 0.033000
1494.000000 -0.000921 -0.201275 -0.000000 0.000000 7.000000 0.033000
1495.000000 -0.000921 -0.201275 -0.000000 0.000000 7.000000 0.033000
1496.000000 -0.000921 -0.201275 -0.000000 0.000000 7.000000 0.033000
1497.000000 -0.000921 -0.201275 -0.000000 0.000000 7.000000 0.033000
1498.000000 -0.000921 -0.201275 -0.000000 0.000000 7.000000 0.033000
1499.000000 -0.000921 -0.201275 -0.000000 0.000000 7.000000 0.033000
1500.000000 -0.000921 -0.201275 -0.000000 0.000000 7.000000 0.033000
1501.000000 -0.000921 -0.201275 -0.000000 0.000000 7.000000 0.033000
1502.000000 -0.000921 -0.201275 -0.000000 0.000000 7.000000 0.033000
1503.000000 -0.000921 -0.201275 -0.000000 0.000000 7.000000 0.033000
1504.000000 -0.000921 -0.201275 -0.000000 0.000000 7.000000 0.033000
1505.000000 -0.000921 -0.201275 -0.000000 0.000000 7.000000 0.033000
1506.000000 -0.000921 -0.201275 -0.000000 0.000000 7.000000 0.033000
1507.000000 -0.000921 -0.201275 -0.000000 0.000000 7.000000 0.033000
1508.000000 -0.000921 -0.201275 -0.000000 0.000000 7.000000 0.033000
1509.000000 -0.000921 -0.201275 -0.000000 0.000000 7.000000 0.033000
1510.000000 -0.000921 -0.201275 -0.000000 0.000000 7.000000 0.033000
1511.000000 -0.000921 -0.201275 -0.000000 0.000000 7.000000 0.033000
1512.000000 -0.000921 -0.201275 -0.000000 0.000000 7.000000 0.033000
1513.000000 -0.000921 -0.201275 -0.000000 0.000000 7.000000 0.033000
1514.000000 -0.000921 -0.201275 -0.000000 0.000000 7.000000 0.033000
1515.000000 -0.000921 -0.201275 -0.000000 0.000000 7.000000 0.033000
1516.000000 -0.000921 -0.201275 -0.000000 0.000000 7.000000 0.033000
1517.000000 -0.000921 -0.201275 -0.000000 0.000000 7.000000 0.033000
1518.000000 -0.000921 -0.201275 -0.000000 0.000000 7.000000 0.033000
1519.000000 -0.000921 -0.201275 -0.000000 0.000000 7.000000 0.033000
1520.000000 -0.000921 -0.201275 -0.000000 0.000000 7.000000 0.033000
1521.000000 -0.000921 -0.201275 -0.000000 0.000000 7.000000 0.033000
1522.000000 -0.000921 -0.201275 -0.000000 0.000000 7.000000 0.033000
1523.000000 -0.000921 -0.201275 -0.000000 0.000000 7.000000 0.033000
1524.000000 -0.000921 -0.201275 -0.000000 0.000000 7.000000 0.033000
1525.000000 -0.000921 -0.201275 -0.000000 0.000000 7.000000 0.033000
1526.000000 -0.000921 -0.201275 -0.000000 0.000000 7.000000 0.033000
1527.000000 -0.000921 -0.201275 -0.000000 0.000000 7.000000 0.033000
1528.000000 -0.000921 -0.201275 -0.000000 0.000000 7.000000 0.033000
1529.000000 -0.000921 -0.201275 -0.000000 0.000000 7.000000 0.033000
1530.000000 -0.000921 -0.201275 -0.000000 0.000000 7.000000 0.033000
1531.000000 -0.000921 -0.201275 -0.000000 0.000000 7.000000 0.033000
1532.000000 -0.000921 -0.201275 -0.000000 0.000000 7.000000 0.033000
1533.000000 -0.000921 -0.201275 -0.000000 0.000000 7.000000 0.033000
1534.000000 -0.000921 -0.201275 -0.000000 0.000000 7.000000 0.033000
1535.000000 -0.000921 -0.201275 -0.000000 0.000000 7.000000 0.033000
1536.000000 -0.000921 -0.201275 -0.000000 0.000000 7.000000 0.033000
1537.000000 -0.000921 -0.201275 -0.000000 0.000000 7.000000 0.033000
1538.000000 -0.000921 -0.201275 -0.000000 0.000000 7.000000 0.033000
1539.000000 -0.000921 -0.201275 -0.000000 0.000000 7.000000 0.033000
1540.000000 -0.000921 -0.201275 -0.000000 0.000000 7.000000 0.033000
1541.000000 -0.000921 -0.201275 -0.000000 0.000000 7.000000 0.033000
1542.000000 -0.000921 -0.201275 -0.000000 0.000000 7.000000 0.033000
1543.000000 -0.000921 -0.201275 -0.000000 0.000000 7.000000 0.033000
1544.000000 -0.000921 -0.201275 -0.000000 0.000000 7.000000 0.033000
1545.000000 -0.000921 -0.201275 -0.000000 0.000000 7.000000 0.033000
1546.000000 -0.000921 -0.201275 -0.000000 0.000000 7.000000 0.033000
1547.000000 -0.000921 -0.201275 -0.000000 0.000000 7.000000 0.033000
1548.000000 -0.000921 -0.201275 -0.000000 0.000000 7.000000 0.033000
1549.000000 -0.000921 -0.201275 -0.000000 0.000000 7.000000 0.033000
1550.000000 -0.000921 -0.201275 -0.000000 0.000000 7.000000 0.033000
1551.000000 -0.000921 -0.201275 -0.000000 0.000000 7.000000 0.033000
1552.000000 -0.000921 -0.201275 -0.000000 0.000000 7.000000 0.033000
1553.000000 -0.000921 -0.201275 -0.000000 0.000000 7.000000 0.033000
1554.000000 -0.000921 -0.201275 -0.000000 0.000000 7.000000 0.033000
1555.000000 -0.000921 -0.201275 -0.000000 0.000000 7.000000 0.033000
1556.000000 -0.000921 -0.201275 -0.000000 0.000000 7.000000 0.033000
1557.000000 -0.000921 -0.201275 -0.000000 0.000000 7.000000 0.033000
1558.000000 -0.000921 -0.201275 -0.000000 0.000000 7.000000 0.033000
1559.000000 -0.000921 -0.201275 -0.000000 0.000000 7.000000 0.033000
1560.000000 -0.000921 -0.201275 -0.000000 0.000000 7.000000 0.033000
1561.000000 -0.000921 -0.201275 -0.000000 0.000000 7.000000 0.033000
1562.000000 -0.000921 -0.201275 -0.000000 0.000000 7.000000 0.033000
1563.000000 -0.000921 -0.201275 -0.000000 0.000000 7.000000 0.033000
1564.000000 -0.000921 -0.201275 -0.000000 0.000000 7.000000 0.033000
1565.000000 -0.000921 -0.201275 -0.000000 0.000000 7.000000 0.033000
1566.000000 -0.000921 -0.201275 -0.000000 0.000000 7.000000 0.033000
1567.000000 -0.000921 -0.201275 -0.000000 0.000000 7.000000 0.033000
1568.000000 -0.000921 -0.201275 -0.000000 0.000000 7.000000 0.033000
1569.000000 -0.000921 -0.201275 -0.000000 0.000000 7.000000 0.033000
1570.000000 -0.000921 -0.201275 -0.000000 0.000000 7.000000 0.033000
1571.000000 -0.000921 -0.201275 -0.000000 0.000000 7.000000 0.033000
1572.000000 -0.000921 -0.201275 -0.000000 0.000000 7.000000 0.033000
1573.000000 -0.000921 -0.201275 -0.000000 0.000000 7.000000 0.033000
1574.000000 -0.000921 -0.201275 -0.000000 0.000000 7.000000 0.033000
1575.000000 -0.000921 -0.201275 -0.000000 0.000000 7.000000 0.033000
1576.000000 -0.000921 -0.201275 -0.000000 0.000000 7.000000 0.033000
1577.000000 -0.000921 -0.201275 -0.000000 0.000000 7.000000 0.033000
1578.000000 -0.000921 -0.201275 -0.000000 0.000000 7.000000 0.033000
1579.000000 -0.000921 -0.201275 -0.000000 0.000000 7.000000 0.033000
1580.000000 -0.000921 -0.201275 -0.000000 0.000000 7.000000 0.033000
1581.000000 -0.000921 -0.201275 -0.000000 0.000000 7.000000 0.033000
1582.000000 -0.000921 -0.201275 -0.000000 0.000000 7.000000 0.033000
1583.000000 -0.000921 -0.201275 -0.000000 0.000000 7.000000 0.033000
1584.000000 -0.000921 -0.201275 -0.000000 0.000000 7.000000 0.033000
1585.000000 -0.000921 -0.201275 -0.000000 0.000000 7.000000 0.033000
1586.000000 -0.000921 -0.201275 -0.000000 0.000000 7.000000 0.033000
1587.000000 -0.000921 -0.201275 -0.000000 0.000000 7.000000 0.033000
1588.000000 -0.000921 -0.201275 -0.000000 0.000000 7.000000 0.033000
1589.000000 -0.000921 -0.201275 -0.000000 0.000000 7.000000 0.033000
1590.000000 -0.000921 -0.201275 -0.000000 0.000000 7.000000 0.033000
