# imt log
s logheadsize 000234
s logcolumns 7
s logname /home/testac/lgames/fitts/20180718_Wed/run1.131149.dat
s logversion 2.0
s logdate "Wed Jul 18 13:11:49 EDT 2018"
s logidate 1531933909

# begin user data

# end user data

#####
668.000000 -0.001299 -0.002665 0.002635 0.003562 0.000000 0.000000
669.000000 -0.001299 -0.002665 0.002663 0.005401 0.000000 0.000000
670.000000 -0.001259 -0.002701 0.003295 0.000953 7.000000 0.046000
671.000000 -0.001272 -0.002738 0.002957 -0.003106 7.000000 0.046000
672.000000 -0.001259 -0.002701 0.001506 -0.001583 7.000000 0.046000
673.000000 -0.001259 -0.002701 0.001428 0.000987 7.000000 0.046000
674.000000 -0.001219 -0.002738 0.002666 -0.001296 7.000000 0.046000
675.000000 -0.001219 -0.002738 0.003297 -0.002459 7.000000 0.046000
676.000000 -0.001219 -0.002738 0.001680 -0.001253 7.000000 0.046000
677.000000 -0.001219 -0.002738 0.000856 -0.000638 7.000000 0.046000
678.000000 -0.001193 -0.002665 0.001756 0.003261 7.000000 0.046000
679.000000 -0.001206 -0.002702 0.001555 0.003454 7.000000 0.046000
680.000000 -0.001206 -0.002702 0.000132 -0.000033 7.000000 0.046000
681.000000 -0.001206 -0.002702 0.000067 -0.000017 7.000000 0.046000
682.000000 -0.001206 -0.002702 0.000034 -0.000009 7.000000 0.046000
683.000000 -0.001206 -0.002702 0.000017 -0.000004 7.000000 0.046000
684.000000 -0.001206 -0.002702 0.000009 -0.000002 7.000000 0.046000
685.000000 -0.001206 -0.002702 0.000005 -0.000001 7.000000 0.046000
686.000000 -0.001206 -0.002702 0.000002 -0.000001 7.000000 0.046000
687.000000 -0.001206 -0.002702 0.000001 -0.000000 7.000000 0.046000
688.000000 -0.001206 -0.002702 0.000001 -0.000000 7.000000 0.046000
689.000000 -0.001206 -0.002702 0.000000 -0.000000 7.000000 0.046000
690.000000 -0.001206 -0.002702 0.000000 -0.000000 7.000000 0.046000
691.000000 -0.001206 -0.002702 0.000000 -0.000000 7.000000 0.046000
692.000000 -0.001206 -0.002702 0.000000 -0.000000 7.000000 0.046000
693.000000 -0.001206 -0.002702 0.000000 -0.000000 7.000000 0.046000
694.000000 -0.001206 -0.002702 0.000000 -0.000000 7.000000 0.046000
695.000000 -0.001206 -0.002702 0.000000 -0.000000 7.000000 0.046000
696.000000 -0.001206 -0.002702 0.000000 -0.000000 7.000000 0.046000
697.000000 -0.001206 -0.002702 0.000000 -0.000000 7.000000 0.046000
698.000000 -0.001206 -0.002702 0.000000 -0.000000 7.000000 0.046000
699.000000 -0.001206 -0.002702 0.000000 -0.000000 7.000000 0.046000
700.000000 -0.001206 -0.002702 0.000000 -0.000000 7.000000 0.046000
701.000000 -0.001206 -0.002702 0.000000 -0.000000 7.000000 0.046000
702.000000 -0.001206 -0.002702 0.000000 -0.000000 7.000000 0.046000
703.000000 -0.001206 -0.002702 0.000000 -0.000000 7.000000 0.046000
704.000000 -0.001206 -0.002702 0.000000 -0.000000 7.000000 0.046000
705.000000 -0.001206 -0.002702 0.000000 -0.000000 7.000000 0.046000
706.000000 -0.001206 -0.002702 0.000000 -0.000000 7.000000 0.046000
707.000000 -0.001206 -0.002702 0.000000 -0.000000 7.000000 0.046000
708.000000 -0.001206 -0.002702 0.000000 -0.000000 7.000000 0.046000
709.000000 -0.001206 -0.002702 0.000000 -0.000000 7.000000 0.046000
710.000000 -0.001206 -0.002702 0.000000 -0.000000 7.000000 0.046000
711.000000 -0.001206 -0.002702 0.000000 -0.000000 7.000000 0.046000
712.000000 -0.001206 -0.002702 0.000000 -0.000000 7.000000 0.046000
713.000000 -0.001206 -0.002702 0.000000 -0.000000 7.000000 0.046000
714.000000 -0.001206 -0.002702 0.000000 -0.000000 7.000000 0.046000
715.000000 -0.001206 -0.002702 0.000000 -0.000000 7.000000 0.046000
716.000000 -0.001206 -0.002702 0.000000 -0.000000 7.000000 0.046000
717.000000 -0.001206 -0.002702 0.000000 -0.000000 7.000000 0.046000
718.000000 -0.001206 -0.002702 0.000000 -0.000000 7.000000 0.046000
719.000000 -0.001206 -0.002702 0.000000 -0.000000 7.000000 0.046000
720.000000 -0.001206 -0.002702 0.000000 -0.000000 7.000000 0.046000
721.000000 -0.001206 -0.002702 0.000000 -0.000000 7.000000 0.046000
722.000000 -0.001206 -0.002702 0.000000 -0.000000 7.000000 0.046000
723.000000 -0.001206 -0.002702 0.000000 -0.000000 7.000000 0.046000
724.000000 -0.001206 -0.002702 0.000000 -0.000000 7.000000 0.046000
725.000000 -0.001206 -0.002702 0.000000 -0.000000 7.000000 0.046000
726.000000 -0.001206 -0.002702 0.000000 -0.000000 7.000000 0.046000
727.000000 -0.001206 -0.002702 0.000000 -0.000000 7.000000 0.046000
728.000000 -0.001206 -0.002702 0.000000 -0.000000 7.000000 0.046000
729.000000 -0.001206 -0.002702 0.000000 -0.000000 7.000000 0.046000
730.000000 -0.001206 -0.002702 0.000000 -0.000000 7.000000 0.046000
731.000000 -0.001206 -0.002702 0.000000 -0.000000 7.000000 0.046000
732.000000 -0.001206 -0.002702 0.000000 -0.000000 7.000000 0.046000
733.000000 -0.001206 -0.002702 0.000000 -0.000000 7.000000 0.046000
734.000000 -0.001206 -0.002702 0.000000 -0.000000 7.000000 0.046000
735.000000 -0.001206 -0.002702 0.000000 -0.000000 7.000000 0.046000
736.000000 -0.001206 -0.002702 0.000000 -0.000000 7.000000 0.046000
737.000000 -0.001206 -0.002702 0.000000 -0.000000 7.000000 0.046000
738.000000 -0.001206 -0.002702 0.000000 -0.000000 7.000000 0.046000
739.000000 -0.001206 -0.002702 0.000000 -0.000000 7.000000 0.046000
740.000000 -0.001206 -0.002702 0.000000 -0.000000 7.000000 0.046000
741.000000 -0.001206 -0.002702 0.000000 -0.000000 7.000000 0.046000
742.000000 -0.001206 -0.002702 0.000000 -0.000000 7.000000 0.046000
743.000000 -0.001206 -0.002702 0.000000 -0.000000 7.000000 0.046000
744.000000 -0.001206 -0.002702 0.000000 -0.000000 7.000000 0.046000
745.000000 -0.001206 -0.002702 0.000000 -0.000000 7.000000 0.046000
746.000000 -0.001206 -0.002702 0.000000 -0.000000 7.000000 0.046000
747.000000 -0.001206 -0.002702 0.000000 -0.000000 7.000000 0.046000
748.000000 -0.001219 -0.002738 -0.000660 -0.001793 7.000000 0.046000
749.000000 -0.001219 -0.002738 -0.000997 -0.002707 7.000000 0.046000
750.000000 -0.001233 -0.002775 -0.001169 -0.003172 7.000000 0.046000
751.000000 -0.001219 -0.002738 -0.000595 -0.001616 7.000000 0.046000
752.000000 -0.001219 -0.002738 0.000357 0.000970 7.000000 0.046000
753.000000 -0.001233 -0.002775 -0.000479 -0.001299 7.000000 0.046000
754.000000 -0.001233 -0.002775 -0.000904 -0.002455 7.000000 0.046000
755.000000 -0.001233 -0.002775 -0.000461 -0.001251 7.000000 0.046000
756.000000 -0.001233 -0.002775 -0.000235 -0.000637 7.000000 0.046000
757.000000 -0.001246 -0.002811 -0.000780 -0.002118 7.000000 0.046000
758.000000 -0.001260 -0.002848 -0.001720 -0.004664 7.000000 0.046000
759.000000 -0.001260 -0.002848 -0.001537 -0.004169 7.000000 0.046000
760.000000 -0.001246 -0.002811 -0.000122 -0.000331 7.000000 0.046000
761.000000 -0.001246 -0.002811 0.000599 0.001624 7.000000 0.046000
762.000000 -0.001260 -0.002848 -0.000356 -0.000965 7.000000 0.046000
763.000000 -0.001260 -0.002848 -0.000842 -0.002285 7.000000 0.046000
764.000000 -0.001260 -0.002848 -0.000429 -0.001164 7.000000 0.046000
765.000000 -0.001260 -0.002848 -0.000219 -0.000593 7.000000 0.046000
766.000000 -0.001273 -0.002884 -0.000773 -0.002095 7.000000 0.046000
767.000000 -0.001287 -0.002921 -0.001716 -0.004653 7.000000 0.046000
768.000000 -0.001287 -0.002921 -0.001536 -0.004163 7.000000 0.046000
769.000000 -0.001313 -0.002848 -0.002059 0.001470 7.000000 0.046000
770.000000 -0.001326 -0.002884 -0.002987 0.002548 7.000000 0.046000
771.000000 -0.001326 -0.002884 -0.002183 -0.000494 7.000000 0.046000
772.000000 -0.001326 -0.002884 -0.001112 -0.000252 7.000000 0.046000
773.000000 -0.001326 -0.002884 -0.000567 -0.000128 7.000000 0.046000
774.000000 -0.001379 -0.002884 -0.002888 -0.000059 7.000000 0.046000
775.000000 -0.001393 -0.002921 -0.004733 -0.001816 7.000000 0.046000
776.000000 -0.001393 -0.002921 -0.003073 -0.002718 7.000000 0.046000
777.000000 -0.001393 -0.002921 -0.001566 -0.001385 7.000000 0.046000
778.000000 -0.001393 -0.002921 -0.000798 -0.000706 7.000000 0.046000
779.000000 -0.001432 -0.002884 -0.002344 0.001440 7.000000 0.046000
780.000000 -0.001432 -0.002884 -0.003132 0.002533 7.000000 0.046000
781.000000 -0.001472 -0.002847 -0.003533 0.003090 7.000000 0.046000
782.000000 -0.001472 -0.002847 -0.003738 0.003374 7.000000 0.046000
783.000000 -0.001432 -0.002884 0.000033 -0.000080 7.000000 0.046000
784.000000 -0.001446 -0.002921 0.001293 -0.003633 7.000000 0.046000
785.000000 -0.001485 -0.002884 -0.001941 -0.001844 7.000000 0.046000
786.000000 -0.001485 -0.002884 -0.002926 0.000860 7.000000 0.046000
787.000000 -0.001485 -0.002884 -0.001491 0.000438 7.000000 0.046000
788.000000 -0.001485 -0.002884 -0.000760 0.000223 7.000000 0.046000
789.000000 -0.001499 -0.002920 -0.001049 -0.001679 7.000000 0.046000
790.000000 -0.001499 -0.002920 -0.001196 -0.002648 7.000000 0.046000
791.000000 -0.001578 -0.002847 -0.004484 0.002251 7.000000 0.046000
792.000000 -0.001538 -0.002884 -0.004222 0.002946 7.000000 0.046000
793.000000 -0.001552 -0.002920 -0.000876 -0.002091 7.000000 0.046000
794.000000 -0.001552 -0.002920 -0.001108 -0.002858 7.000000 0.046000
795.000000 -0.001538 -0.002884 0.000097 0.000336 7.000000 0.046000
796.000000 -0.001552 -0.002920 0.000050 0.000171 7.000000 0.046000
797.000000 -0.001591 -0.002884 -0.002574 0.000095 7.000000 0.046000
798.000000 -0.001631 -0.002847 -0.005186 0.003648 7.000000 0.046000
799.000000 -0.001631 -0.002847 -0.004579 0.003659 7.000000 0.046000
800.000000 -0.001591 -0.002884 -0.000396 0.000064 7.000000 0.046000
801.000000 -0.001605 -0.002920 0.001073 -0.003559 7.000000 0.046000
802.000000 -0.001644 -0.002883 -0.002053 -0.001806 7.000000 0.046000
803.000000 -0.001658 -0.002920 -0.003646 -0.000912 7.000000 0.046000
804.000000 -0.001644 -0.002883 -0.001857 -0.000465 7.000000 0.046000
805.000000 -0.001644 -0.002883 -0.000284 0.001555 7.000000 0.046000
806.000000 -0.001697 -0.002883 -0.002744 0.000800 7.000000 0.046000
807.000000 -0.001697 -0.002883 -0.003998 0.000416 7.000000 0.046000
808.000000 -0.001737 -0.002847 -0.003973 0.002012 7.000000 0.046000
809.000000 -0.001697 -0.002883 -0.002025 0.001025 7.000000 0.046000
810.000000 -0.001750 -0.002883 -0.001694 -0.001270 7.000000 0.046000
811.000000 -0.001764 -0.002920 -0.004126 -0.002431 7.000000 0.046000
812.000000 -0.001764 -0.002920 -0.002765 -0.003031 7.000000 0.046000
813.000000 -0.001790 -0.002846 -0.002682 0.002049 7.000000 0.046000
814.000000 -0.001803 -0.002883 -0.003303 0.002844 7.000000 0.046000
815.000000 -0.001803 -0.002883 -0.002346 -0.000343 7.000000 0.046000
816.000000 -0.001882 -0.002809 -0.005068 0.003427 7.000000 0.046000
817.000000 -0.001882 -0.002809 -0.006455 0.005348 7.000000 0.046000
818.000000 -0.001896 -0.002846 -0.003952 0.000933 7.000000 0.046000
819.000000 -0.001896 -0.002846 -0.002676 -0.001317 7.000000 0.046000
820.000000 -0.001909 -0.002883 -0.002027 -0.002463 7.000000 0.046000
821.000000 -0.001923 -0.002919 -0.002360 -0.004839 7.000000 0.046000
822.000000 -0.001949 -0.002846 -0.003138 -0.000664 7.000000 0.046000
823.000000 -0.001962 -0.002882 -0.003535 0.001463 7.000000 0.046000
824.000000 -0.002002 -0.002846 -0.004400 0.000755 7.000000 0.046000
825.000000 -0.002055 -0.002845 -0.006777 0.002196 7.000000 0.046000
826.000000 -0.002094 -0.002809 -0.007987 0.002931 7.000000 0.046000
827.000000 -0.002094 -0.002809 -0.006005 0.003295 7.000000 0.046000
828.000000 -0.002121 -0.002882 -0.004388 -0.001905 7.000000 0.046000
829.000000 -0.002121 -0.002882 -0.003563 -0.004554 7.000000 0.046000
830.000000 -0.002174 -0.002882 -0.004415 -0.002310 7.000000 0.046000
831.000000 -0.002161 -0.002845 -0.004185 0.000625 7.000000 0.046000
832.000000 -0.002214 -0.002845 -0.004067 0.002121 7.000000 0.046000
833.000000 -0.002267 -0.002845 -0.007271 0.001102 7.000000 0.046000
834.000000 -0.002306 -0.002808 -0.008238 0.002375 7.000000 0.046000
835.000000 -0.002359 -0.002808 -0.008731 0.003024 7.000000 0.046000
836.000000 -0.002399 -0.002771 -0.008982 0.003355 7.000000 0.046000
837.000000 -0.002387 -0.002881 -0.005906 -0.001874 7.000000 0.046000
838.000000 -0.002440 -0.002880 -0.005004 -0.006328 7.000000 0.046000
839.000000 -0.002479 -0.002844 -0.007083 -0.001410 7.000000 0.046000
840.000000 -0.002518 -0.002807 -0.007477 0.002888 7.000000 0.046000
841.000000 -0.002532 -0.002843 -0.006409 0.001484 7.000000 0.046000
842.000000 -0.002585 -0.002843 -0.006530 -0.001023 7.000000 0.046000
843.000000 -0.002664 -0.002770 -0.009793 0.003099 7.000000 0.046000
844.000000 -0.002717 -0.002769 -0.011455 0.005200 7.000000 0.046000
845.000000 -0.002770 -0.002769 -0.011034 0.002676 7.000000 0.046000
846.000000 -0.002797 -0.002842 -0.009554 -0.002205 7.000000 0.046000
847.000000 -0.002850 -0.002842 -0.008799 -0.004691 7.000000 0.046000
848.000000 -0.002903 -0.002842 -0.009682 -0.002363 7.000000 0.046000
849.000000 -0.002942 -0.002805 -0.009465 0.000615 7.000000 0.046000
850.000000 -0.002995 -0.002805 -0.009354 0.002133 7.000000 0.046000
851.000000 -0.003048 -0.002804 -0.009964 0.001116 7.000000 0.046000
852.000000 -0.003141 -0.002767 -0.012206 0.002404 7.000000 0.046000
853.000000 -0.003233 -0.002730 -0.015280 0.004868 7.000000 0.046000
854.000000 -0.003300 -0.002766 -0.015582 0.002528 7.000000 0.046000
855.000000 -0.003327 -0.002839 -0.012542 -0.004067 7.000000 0.046000
856.000000 -0.003380 -0.002839 -0.010325 -0.005636 7.000000 0.046000
857.000000 -0.003433 -0.002839 -0.010459 -0.002839 7.000000 0.046000
858.000000 -0.003512 -0.002765 -0.011789 0.002184 7.000000 0.046000
859.000000 -0.003578 -0.002801 -0.013136 0.002954 7.000000 0.046000
860.000000 -0.003631 -0.002801 -0.012559 -0.000250 7.000000 0.046000
861.000000 -0.003763 -0.002727 -0.015456 0.003525 7.000000 0.046000
862.000000 -0.003830 -0.002763 -0.017601 0.003659 7.000000 0.046000
863.000000 -0.003883 -0.002762 -0.014835 0.000112 7.000000 0.046000
864.000000 -0.003949 -0.002799 -0.013426 -0.001695 7.000000 0.046000
865.000000 -0.004055 -0.002798 -0.015308 -0.002594 7.000000 0.046000
866.000000 -0.004108 -0.002797 -0.015597 -0.001263 7.000000 0.046000
867.000000 -0.004201 -0.002760 -0.015073 0.001206 7.000000 0.046000
868.000000 -0.004307 -0.002759 -0.017404 0.002486 7.000000 0.046000
869.000000 -0.004399 -0.002722 -0.018591 0.003140 7.000000 0.046000
870.000000 -0.004544 -0.002684 -0.021122 0.005287 7.000000 0.046000
871.000000 -0.004611 -0.002720 -0.021156 0.002782 7.000000 0.046000
872.000000 -0.004678 -0.002756 -0.017321 -0.002115 7.000000 0.046000
873.000000 -0.004797 -0.002792 -0.017968 -0.004585 7.000000 0.046000
874.000000 -0.004903 -0.002791 -0.020224 -0.004031 7.000000 0.046000
875.000000 -0.005009 -0.002790 -0.020700 -0.001957 7.000000 0.046000
876.000000 -0.005102 -0.002753 -0.020269 0.000889 7.000000 0.046000
877.000000 -0.005247 -0.002715 -0.021972 0.004155 7.000000 0.046000
878.000000 -0.005353 -0.002714 -0.023514 0.004033 7.000000 0.046000
879.000000 -0.005498 -0.002676 -0.024297 0.003975 7.000000 0.046000
880.000000 -0.005604 -0.002675 -0.024697 0.003947 7.000000 0.046000
881.000000 -0.005710 -0.002673 -0.022977 0.002121 7.000000 0.046000
882.000000 -0.005830 -0.002709 -0.022777 -0.000595 7.000000 0.046000
883.000000 -0.005989 -0.002707 -0.025274 -0.001946 7.000000 0.046000
884.000000 -0.006095 -0.002706 -0.025870 -0.000846 7.000000 0.046000
885.000000 -0.006240 -0.002668 -0.025496 0.001506 7.000000 0.046000
886.000000 -0.006385 -0.002629 -0.027225 0.004525 7.000000 0.046000
887.000000 -0.006544 -0.002628 -0.028783 0.004281 7.000000 0.046000
888.000000 -0.006703 -0.002626 -0.030254 0.002374 7.000000 0.046000
889.000000 -0.006862 -0.002624 -0.031003 0.001408 7.000000 0.046000
890.000000 -0.006943 -0.002696 -0.027550 -0.002722 7.000000 0.046000
891.000000 -0.007102 -0.002694 -0.025791 -0.004821 7.000000 0.046000
892.000000 -0.007260 -0.002692 -0.028732 -0.002248 7.000000 0.046000
893.000000 -0.007406 -0.002653 -0.029548 0.000853 7.000000 0.046000
894.000000 -0.007604 -0.002614 -0.031879 0.004261 7.000000 0.046000
895.000000 -0.007763 -0.002612 -0.033748 0.004216 7.000000 0.046000
896.000000 -0.007935 -0.002646 -0.033467 0.000592 7.000000 0.046000
897.000000 -0.008133 -0.002606 -0.035237 0.000576 7.000000 0.046000
898.000000 -0.008345 -0.002603 -0.038055 0.002398 7.000000 0.046000
899.000000 -0.008465 -0.002638 -0.035664 -0.000319 7.000000 0.046000
900.000000 -0.008677 -0.002635 -0.034445 -0.001695 7.000000 0.046000
901.000000 -0.008889 -0.002631 -0.038336 -0.000522 7.000000 0.046000
902.000000 -0.009034 -0.002592 -0.037032 0.001820 7.000000 0.046000
903.000000 -0.009246 -0.002589 -0.036368 0.003022 7.000000 0.046000
904.000000 -0.009458 -0.002585 -0.039313 0.001903 7.000000 0.046000
905.000000 -0.009709 -0.002544 -0.042722 0.003172 7.000000 0.046000
906.000000 -0.009921 -0.002541 -0.044459 0.003827 7.000000 0.046000
907.000000 -0.010133 -0.002537 -0.043434 0.002340 7.000000 0.046000
908.000000 -0.010320 -0.002607 -0.041698 -0.002025 7.000000 0.046000
909.000000 -0.010570 -0.002565 -0.042719 -0.002406 7.000000 0.046000
910.000000 -0.010796 -0.002597 -0.045150 -0.000760 7.000000 0.046000
911.000000 -0.010994 -0.002557 -0.043786 0.000034 7.000000 0.046000
912.000000 -0.011245 -0.002515 -0.044302 0.004065 7.000000 0.046000
913.000000 -0.011510 -0.002510 -0.047855 0.004404 7.000000 0.046000
914.000000 -0.011775 -0.002504 -0.050358 0.002809 7.000000 0.046000
915.000000 -0.012040 -0.002499 -0.051633 0.002010 7.000000 0.046000
916.000000 -0.012266 -0.002530 -0.050385 -0.000226 7.000000 0.046000
917.000000 -0.012478 -0.002525 -0.047150 -0.001415 7.000000 0.046000
918.000000 -0.012795 -0.002518 -0.050001 -0.000106 7.000000 0.046000
919.000000 -0.013060 -0.002512 -0.054050 0.000634 7.000000 0.046000
920.000000 -0.013311 -0.002469 -0.052813 0.002740 7.000000 0.046000
921.000000 -0.013590 -0.002499 -0.052886 0.002048 7.000000 0.046000
922.000000 -0.013855 -0.002493 -0.053622 -0.000070 7.000000 0.046000
923.000000 -0.014158 -0.002448 -0.055188 0.002489 7.000000 0.046000
924.000000 -0.014462 -0.002404 -0.057877 0.005653 7.000000 0.046000
925.000000 -0.014741 -0.002433 -0.058060 0.003658 7.000000 0.046000
926.000000 -0.015020 -0.002462 -0.056967 -0.000967 7.000000 0.046000
927.000000 -0.015314 -0.002527 -0.057124 -0.005084 7.000000 0.046000
928.000000 -0.015617 -0.002482 -0.058384 -0.003542 7.000000 0.046000
929.000000 -0.015920 -0.002437 -0.059499 0.002660 7.000000 0.046000
930.000000 -0.016238 -0.002428 -0.060773 0.004063 7.000000 0.046000
931.000000 -0.016595 -0.002381 -0.064013 0.004879 7.000000 0.046000
932.000000 -0.016912 -0.002371 -0.065664 0.005312 7.000000 0.046000
933.000000 -0.017230 -0.002361 -0.064619 0.003698 7.000000 0.046000
934.000000 -0.017548 -0.002351 -0.064086 0.002893 7.000000 0.046000
935.000000 -0.017827 -0.002379 -0.061935 0.000640 7.000000 0.046000
936.000000 -0.018198 -0.002367 -0.063435 -0.000398 7.000000 0.046000
937.000000 -0.018530 -0.002392 -0.066802 -0.000822 7.000000 0.046000
938.000000 -0.018886 -0.002344 -0.067793 0.000757 7.000000 0.046000
939.000000 -0.019204 -0.002333 -0.067582 0.003350 7.000000 0.046000
940.000000 -0.019575 -0.002320 -0.068190 0.002926 7.000000 0.046000
941.000000 -0.019969 -0.002232 -0.072243 0.006464 7.000000 0.046000
942.000000 -0.020316 -0.002293 -0.073164 0.004654 7.000000 0.046000
943.000000 -0.020672 -0.002243 -0.071750 0.001890 7.000000 0.046000
944.000000 -0.020966 -0.002305 -0.068446 0.000397 7.000000 0.046000
945.000000 -0.021390 -0.002289 -0.070080 -0.001999 7.000000 0.046000
946.000000 -0.021760 -0.002274 -0.074656 0.000540 7.000000 0.046000
947.000000 -0.022131 -0.002260 -0.074388 0.001757 7.000000 0.046000
948.000000 -0.022487 -0.002209 -0.073517 0.004166 7.000000 0.046000
949.000000 -0.022857 -0.002193 -0.073073 0.005418 7.000000 0.046000
950.000000 -0.023281 -0.002176 -0.076171 0.004431 7.000000 0.046000
951.000000 -0.023704 -0.002158 -0.080344 0.004071 7.000000 0.046000
952.000000 -0.024075 -0.002142 -0.079874 0.003799 7.000000 0.046000
953.000000 -0.024423 -0.002200 -0.075921 -0.000073 7.000000 0.046000
954.000000 -0.024831 -0.002145 -0.075759 -0.000137 7.000000 0.046000
955.000000 -0.025217 -0.002164 -0.077543 0.001735 7.000000 0.046000
956.000000 -0.025625 -0.002109 -0.078442 0.002721 7.000000 0.046000
957.000000 -0.025996 -0.002091 -0.078162 0.005008 7.000000 0.046000
958.000000 -0.026419 -0.002071 -0.078756 0.004445 7.000000 0.046000
959.000000 -0.026842 -0.002051 -0.081653 0.004315 7.000000 0.046000
960.000000 -0.027266 -0.002030 -0.083128 0.004281 7.000000 0.046000
961.000000 -0.027652 -0.002047 -0.082033 0.002402 7.000000 0.046000
962.000000 -0.028037 -0.002065 -0.079630 -0.000419 7.000000 0.046000
963.000000 -0.028461 -0.002043 -0.080253 0.000067 7.000000 0.046000
964.000000 -0.028899 -0.002057 -0.083170 0.000483 7.000000 0.046000
965.000000 -0.029292 -0.001963 -0.083141 0.004237 7.000000 0.046000
966.000000 -0.029715 -0.001940 -0.082375 0.007940 7.000000 0.046000
967.000000 -0.030139 -0.001917 -0.083486 0.006345 7.000000 0.046000
968.000000 -0.030578 -0.001930 -0.084811 0.003811 7.000000 0.046000
969.000000 -0.031001 -0.001906 -0.085484 0.002552 7.000000 0.046000
970.000000 -0.031424 -0.001882 -0.085069 0.003698 7.000000 0.046000
971.000000 -0.031825 -0.001932 -0.083790 0.000653 7.000000 0.046000
972.000000 -0.032249 -0.001908 -0.083135 -0.000866 7.000000 0.046000
973.000000 -0.032672 -0.001883 -0.083874 0.002049 7.000000 0.046000
974.000000 -0.033080 -0.001822 -0.083479 0.005316 7.000000 0.046000
975.000000 -0.033519 -0.001832 -0.084045 0.005264 7.000000 0.046000
976.000000 -0.033942 -0.001806 -0.085095 0.003517 7.000000 0.046000
977.000000 -0.034365 -0.001780 -0.084863 0.004411 7.000000 0.046000
978.000000 -0.034788 -0.001754 -0.084742 0.004897 7.000000 0.046000
979.000000 -0.035227 -0.001762 -0.085454 0.003431 7.000000 0.046000
980.000000 -0.035629 -0.001810 -0.084774 -0.000952 7.000000 0.046000
981.000000 -0.036089 -0.001743 -0.085468 0.000518 7.000000 0.046000
982.000000 -0.036512 -0.001716 -0.086869 0.004963 7.000000 0.046000
983.000000 -0.036936 -0.001687 -0.085759 0.005341 7.000000 0.046000
984.000000 -0.037359 -0.001659 -0.085192 0.005565 7.000000 0.046000
985.000000 -0.037782 -0.001630 -0.084900 0.005711 7.000000 0.046000
986.000000 -0.038258 -0.001597 -0.087342 0.006005 7.000000 0.046000
987.000000 -0.038697 -0.001603 -0.089371 0.004444 7.000000 0.046000
988.000000 -0.039083 -0.001613 -0.086003 0.001566 7.000000 0.046000
989.000000 -0.039506 -0.001583 -0.083502 0.001875 7.000000 0.046000
990.000000 -0.039982 -0.001548 -0.086628 0.004188 7.000000 0.046000
991.000000 -0.040421 -0.001553 -0.089010 0.003658 7.000000 0.046000
992.000000 -0.040828 -0.001486 -0.086832 0.004969 7.000000 0.046000
993.000000 -0.041251 -0.001455 -0.084934 0.007409 7.000000 0.046000
994.000000 -0.041690 -0.001459 -0.085549 0.005206 7.000000 0.046000
995.000000 -0.042166 -0.001422 -0.088451 0.004322 7.000000 0.046000
996.000000 -0.042589 -0.001390 -0.089136 0.005640 7.000000 0.046000
997.000000 -0.042975 -0.001397 -0.085098 0.004199 7.000000 0.046000
998.000000 -0.043451 -0.001359 -0.085629 0.003709 7.000000 0.046000
999.000000 -0.043890 -0.001361 -0.088497 0.003696 7.000000 0.046000
1000.000000 -0.044313 -0.001327 -0.087361 0.003516 7.000000 0.046000
1001.000000 -0.044719 -0.001258 -0.085175 0.006923 7.000000 0.046000
1002.000000 -0.045195 -0.001219 -0.086649 0.008911 7.000000 0.046000
1003.000000 -0.045634 -0.001220 -0.089009 0.006489 7.000000 0.046000
1004.000000 -0.046093 -0.001145 -0.089396 0.007028 7.000000 0.046000
1005.000000 -0.046516 -0.001109 -0.088787 0.009066 7.000000 0.046000
1006.000000 -0.046955 -0.001109 -0.087502 0.006456 7.000000 0.046000
1007.000000 -0.047394 -0.001108 -0.087659 0.003428 7.000000 0.046000
1008.000000 -0.047817 -0.001071 -0.086926 0.003648 7.000000 0.046000
1009.000000 -0.048276 -0.000995 -0.087513 0.007484 7.000000 0.046000
1010.000000 -0.048715 -0.000993 -0.088627 0.007742 7.000000 0.046000
1011.000000 -0.049174 -0.000915 -0.089183 0.007913 7.000000 0.046000
1012.000000 -0.049596 -0.000877 -0.088650 0.009758 7.000000 0.046000
1013.000000 -0.050072 -0.000834 -0.089190 0.009013 7.000000 0.046000
1014.000000 -0.050547 -0.000791 -0.092052 0.008909 7.000000 0.046000
1015.000000 -0.050933 -0.000792 -0.089155 0.006678 7.000000 0.046000
1016.000000 -0.051373 -0.000788 -0.085912 0.003612 7.000000 0.046000
1017.000000 -0.051812 -0.000784 -0.086854 0.002324 7.000000 0.046000
1018.000000 -0.052270 -0.000703 -0.088265 0.005399 7.000000 0.046000
1019.000000 -0.052693 -0.000663 -0.088156 0.008720 7.000000 0.046000
1020.000000 -0.053151 -0.000582 -0.088089 0.010451 7.000000 0.046000
1021.000000 -0.053626 -0.000536 -0.090640 0.011623 7.000000 0.046000
1022.000000 -0.054084 -0.000455 -0.091928 0.012259 7.000000 0.046000
1023.000000 -0.054523 -0.000448 -0.090832 0.010641 7.000000 0.046000
1024.000000 -0.054909 -0.000447 -0.086764 0.005887 7.000000 0.046000
1025.000000 -0.055366 -0.000474 -0.085535 0.001784 7.000000 0.046000
1026.000000 -0.055824 -0.000391 -0.088404 0.003689 7.000000 0.046000
1027.000000 -0.056229 -0.000313 -0.087349 0.009842 7.000000 0.046000
1028.000000 -0.056703 -0.000265 -0.087643 0.011302 7.000000 0.046000
1029.000000 -0.057178 -0.000216 -0.091214 0.010636 7.000000 0.046000
1030.000000 -0.057600 -0.000172 -0.090443 0.010059 7.000000 0.046000
1031.000000 -0.058058 -0.000087 -0.089198 0.011519 7.000000 0.046000
1032.000000 -0.058497 -0.000077 -0.089411 0.010580 7.000000 0.046000
1033.000000 -0.058936 -0.000067 -0.088624 0.006434 7.000000 0.046000
1034.000000 -0.059375 -0.000056 -0.088227 0.004355 7.000000 0.046000
1035.000000 -0.059797 -0.000011 -0.087174 0.005040 7.000000 0.046000
1036.000000 -0.060254 0.000076 -0.087515 0.009132 7.000000 0.046000
1037.000000 -0.060711 0.000163 -0.089413 0.013249 7.000000 0.046000
1038.000000 -0.061133 0.000210 -0.088642 0.013382 7.000000 0.046000
1039.000000 -0.061607 0.000263 -0.089097 0.011781 7.000000 0.046000
1040.000000 -0.062047 0.000275 -0.090187 0.009289 7.000000 0.046000
1041.000000 -0.062521 0.000329 -0.090737 0.008062 7.000000 0.046000
1042.000000 -0.062907 0.000336 -0.088438 0.007165 7.000000 0.046000
1043.000000 -0.063346 0.000350 -0.085542 0.004741 7.000000 0.046000
1044.000000 -0.063821 0.000405 -0.088371 0.005848 7.000000 0.046000
1045.000000 -0.064260 0.000530 -0.089794 0.011864 7.000000 0.046000
1046.000000 -0.064699 0.000544 -0.088801 0.012957 7.000000 0.046000
1047.000000 -0.065173 0.000600 -0.090016 0.010146 7.000000 0.046000
1048.000000 -0.065647 0.000657 -0.092349 0.010765 7.000000 0.046000
1049.000000 -0.066068 0.000707 -0.090952 0.010801 7.000000 0.046000
1050.000000 -0.066524 0.000799 -0.089360 0.012561 7.000000 0.046000
1051.000000 -0.066928 0.000775 -0.087717 0.009767 7.000000 0.046000
1052.000000 -0.067402 0.000833 -0.087743 0.006685 7.000000 0.046000
1053.000000 -0.067876 0.000891 -0.091173 0.009189 7.000000 0.046000
1054.000000 -0.068297 0.000943 -0.090334 0.010176 7.000000 0.046000
1055.000000 -0.068771 0.001002 -0.089901 0.010721 7.000000 0.046000
1056.000000 -0.069245 0.001062 -0.092256 0.011362 7.000000 0.046000
1057.000000 -0.069718 0.001122 -0.093451 0.011730 7.000000 0.046000
1058.000000 -0.070192 0.001182 -0.094054 0.011958 7.000000 0.046000
1059.000000 -0.070665 0.001243 -0.094357 0.012114 7.000000 0.046000
1060.000000 -0.071104 0.001263 -0.092816 0.010200 7.000000 0.046000
1061.000000 -0.071543 0.001283 -0.090337 0.007230 7.000000 0.046000
1062.000000 -0.072035 0.001310 -0.091655 0.006097 7.000000 0.046000
1063.000000 -0.072490 0.001407 -0.093120 0.009280 7.000000 0.046000
1064.000000 -0.072963 0.001470 -0.092973 0.012635 7.000000 0.046000
1065.000000 -0.073437 0.001533 -0.093781 0.012693 7.000000 0.046000
1066.000000 -0.073962 0.001604 -0.096764 0.013120 7.000000 0.046000
1067.000000 -0.074436 0.001668 -0.098279 0.013377 7.000000 0.046000
1068.000000 -0.074909 0.001732 -0.096467 0.013198 7.000000 0.046000
1069.000000 -0.075384 0.001687 -0.095671 0.007731 7.000000 0.046000
1070.000000 -0.075891 0.001794 -0.096929 0.007034 7.000000 0.046000
1071.000000 -0.076364 0.001859 -0.097448 0.012134 7.000000 0.046000
1072.000000 -0.076837 0.001925 -0.096028 0.012728 7.000000 0.046000
1073.000000 -0.077363 0.001999 -0.097874 0.013443 7.000000 0.046000
1074.000000 -0.077870 0.002108 -0.100472 0.015900 7.000000 0.046000
1075.000000 -0.078413 0.002149 -0.102702 0.015526 7.000000 0.046000
1076.000000 -0.078905 0.002182 -0.103076 0.011643 7.000000 0.046000
1077.000000 -0.079411 0.002292 -0.101436 0.013075 7.000000 0.046000
1078.000000 -0.079887 0.002251 -0.099865 0.010108 7.000000 0.046000
1079.000000 -0.080412 0.002327 -0.099964 0.006968 7.000000 0.046000
1080.000000 -0.080971 0.002447 -0.104072 0.013275 7.000000 0.046000
1081.000000 -0.081443 0.002517 -0.103585 0.016144 7.000000 0.046000
1082.000000 -0.081987 0.002561 -0.102593 0.013926 7.000000 0.046000
1083.000000 -0.082512 0.002640 -0.104653 0.013229 7.000000 0.046000
1084.000000 -0.083037 0.002719 -0.104777 0.014600 7.000000 0.046000
1085.000000 -0.083580 0.002765 -0.105761 0.013678 7.000000 0.046000
1086.000000 -0.084138 0.002888 -0.107893 0.015331 7.000000 0.046000
1087.000000 -0.084648 0.002892 -0.107344 0.014151 7.000000 0.046000
1088.000000 -0.085191 0.002940 -0.106341 0.009863 7.000000 0.046000
1089.000000 -0.085735 0.002987 -0.107476 0.009802 7.000000 0.046000
1090.000000 -0.086274 0.003146 -0.107809 0.015235 7.000000 0.046000
1091.000000 -0.086836 0.003161 -0.108920 0.016392 7.000000 0.046000
1092.000000 -0.087394 0.003287 -0.110396 0.015371 7.000000 0.046000
1093.000000 -0.087970 0.003379 -0.111843 0.018656 7.000000 0.046000
1094.000000 -0.088532 0.003396 -0.112827 0.014976 7.000000 0.046000
1095.000000 -0.089109 0.003490 -0.113317 0.013162 7.000000 0.046000
1096.000000 -0.089619 0.003499 -0.111009 0.011862 7.000000 0.046000
1097.000000 -0.090195 0.003594 -0.109820 0.011261 7.000000 0.046000
1098.000000 -0.090771 0.003689 -0.112455 0.015186 7.000000 0.046000
1099.000000 -0.091347 0.003785 -0.113786 0.017246 7.000000 0.046000
1100.000000 -0.091943 0.003848 -0.115409 0.016702 7.000000 0.046000
1101.000000 -0.092486 0.003903 -0.114616 0.014385 7.000000 0.046000
1102.000000 -0.093061 0.004001 -0.113251 0.014922 7.000000 0.046000
1103.000000 -0.093657 0.004065 -0.115121 0.015698 7.000000 0.046000
1104.000000 -0.094200 0.004122 -0.114459 0.014048 7.000000 0.046000
1105.000000 -0.094847 0.004197 -0.116684 0.013731 7.000000 0.046000
1106.000000 -0.095390 0.004254 -0.117817 0.013618 7.000000 0.046000
1107.000000 -0.095985 0.004321 -0.115825 0.013179 7.000000 0.046000
1108.000000 -0.096560 0.004423 -0.116402 0.015114 7.000000 0.046000
1109.000000 -0.097136 0.004525 -0.115720 0.017811 7.000000 0.046000
1110.000000 -0.097763 0.004637 -0.117924 0.019714 7.000000 0.046000
1111.000000 -0.098378 0.004673 -0.120988 0.017457 7.000000 0.046000
1112.000000 -0.098953 0.004777 -0.119971 0.015903 7.000000 0.046000
1113.000000 -0.099515 0.004806 -0.116900 0.014702 7.000000 0.046000
1114.000000 -0.100110 0.004877 -0.116303 0.012510 7.000000 0.046000
1115.000000 -0.100705 0.004950 -0.117585 0.013570 7.000000 0.046000
1116.000000 -0.101352 0.005032 -0.120794 0.014663 7.000000 0.046000
1117.000000 -0.101926 0.005140 -0.121437 0.016918 7.000000 0.046000
1118.000000 -0.102521 0.005214 -0.119200 0.017653 7.000000 0.046000
1119.000000 -0.103136 0.005256 -0.120030 0.014817 7.000000 0.046000
1120.000000 -0.103730 0.005331 -0.120448 0.013436 7.000000 0.046000
1121.000000 -0.104377 0.005418 -0.122231 0.014935 7.000000 0.046000
1122.000000 -0.104939 0.005451 -0.121573 0.013626 7.000000 0.046000
1123.000000 -0.105566 0.005572 -0.120231 0.014667 7.000000 0.046000
1124.000000 -0.106148 0.005574 -0.120558 0.013623 7.000000 0.046000
1125.000000 -0.106754 0.005730 -0.119701 0.014790 7.000000 0.046000
1126.000000 -0.107369 0.005776 -0.120836 0.017585 7.000000 0.046000
1127.000000 -0.107984 0.005823 -0.121851 0.013686 7.000000 0.046000
1128.000000 -0.108610 0.005948 -0.122911 0.015535 7.000000 0.046000
1129.000000 -0.109245 0.005963 -0.124469 0.014924 7.000000 0.046000
1130.000000 -0.109839 0.006046 -0.123700 0.012536 7.000000 0.046000
1131.000000 -0.110454 0.006096 -0.122309 0.013013 7.000000 0.046000
1132.000000 -0.111068 0.006146 -0.122611 0.011701 7.000000 0.046000
1133.000000 -0.111683 0.006198 -0.122768 0.011101 7.000000 0.046000
1134.000000 -0.112309 0.006326 -0.123363 0.014633 7.000000 0.046000
1135.000000 -0.112923 0.006379 -0.123671 0.016501 7.000000 0.046000
1136.000000 -0.113538 0.006433 -0.123305 0.013754 7.000000 0.046000
1137.000000 -0.114153 0.006487 -0.123122 0.012423 7.000000 0.046000
1138.000000 -0.114747 0.006574 -0.122003 0.013423 7.000000 0.046000
1139.000000 -0.115414 0.006641 -0.123989 0.014556 7.000000 0.046000
1140.000000 -0.115976 0.006686 -0.123474 0.013029 7.000000 0.046000
1141.000000 -0.116581 0.006666 -0.120178 0.008007 7.000000 0.046000
1142.000000 -0.117227 0.006768 -0.122568 0.008230 7.000000 0.046000
1143.000000 -0.117769 0.006848 -0.120693 0.013220 7.000000 0.046000
1144.000000 -0.118405 0.006874 -0.119258 0.012071 7.000000 0.046000
1145.000000 -0.119030 0.007010 -0.122579 0.014274 7.000000 0.046000
1146.000000 -0.119666 0.007038 -0.124286 0.015473 7.000000 0.046000
1147.000000 -0.120250 0.007055 -0.123173 0.010206 7.000000 0.046000
1148.000000 -0.120843 0.007149 -0.120519 0.010792 7.000000 0.046000
1149.000000 -0.121428 0.007168 -0.119181 0.011152 7.000000 0.046000
1150.000000 -0.122012 0.007186 -0.118044 0.007624 7.000000 0.046000
1151.000000 -0.122627 0.007250 -0.118973 0.008070 7.000000 0.046000
1152.000000 -0.123221 0.007347 -0.119894 0.012133 7.000000 0.046000
1153.000000 -0.123784 0.007401 -0.117815 0.013680 7.000000 0.046000
1154.000000 -0.124399 0.007466 -0.117806 0.012944 7.000000 0.046000
1155.000000 -0.124962 0.007521 -0.117805 0.012623 7.000000 0.046000
1156.000000 -0.125577 0.007588 -0.117805 0.012531 7.000000 0.046000
1157.000000 -0.126162 0.007611 -0.118874 0.010954 7.000000 0.046000
1158.000000 -0.126725 0.007668 -0.116869 0.009614 7.000000 0.046000
1159.000000 -0.127310 0.007692 -0.115860 0.008995 7.000000 0.046000
1160.000000 -0.127873 0.007750 -0.115346 0.008735 7.000000 0.046000
1161.000000 -0.128415 0.007841 -0.112948 0.011828 7.000000 0.046000
1162.000000 -0.129000 0.007867 -0.112803 0.011882 7.000000 0.046000
1163.000000 -0.129563 0.007926 -0.113798 0.010382 7.000000 0.046000
1164.000000 -0.130157 0.008031 -0.114704 0.013459 7.000000 0.046000
1165.000000 -0.130690 0.008047 -0.113703 0.012882 7.000000 0.046000
1166.000000 -0.131253 0.008108 -0.111718 0.010452 7.000000 0.046000
1167.000000 -0.131809 0.008093 -0.111804 0.007691 7.000000 0.046000
1168.000000 -0.132350 0.008187 -0.110760 0.007914 7.000000 0.046000
1169.000000 -0.132914 0.008250 -0.110621 0.011863 7.000000 0.046000
1170.000000 -0.133455 0.008346 -0.110540 0.013926 7.000000 0.046000
1171.000000 -0.133996 0.008442 -0.109410 0.016605 7.000000 0.046000
1172.000000 -0.134530 0.008461 -0.108468 0.014245 7.000000 0.046000
1173.000000 -0.135094 0.008526 -0.109074 0.011529 7.000000 0.046000
1174.000000 -0.135605 0.008579 -0.108299 0.011762 7.000000 0.046000
1175.000000 -0.136169 0.008646 -0.107905 0.011941 7.000000 0.046000
1176.000000 -0.136680 0.008699 -0.107706 0.012077 7.000000 0.046000
1177.000000 -0.137192 0.008754 -0.105062 0.011551 7.000000 0.046000
1178.000000 -0.137756 0.008822 -0.106260 0.011988 7.000000 0.046000
1179.000000 -0.138245 0.008909 -0.105768 0.013815 7.000000 0.046000
1180.000000 -0.138757 0.008964 -0.102976 0.014145 7.000000 0.046000
1181.000000 -0.139298 0.009066 -0.104088 0.015018 7.000000 0.046000
1182.000000 -0.139787 0.009154 -0.103550 0.017066 7.000000 0.046000
1183.000000 -0.140328 0.009257 -0.103267 0.018165 7.000000 0.046000
1184.000000 -0.140839 0.009315 -0.104231 0.017212 7.000000 0.046000
1185.000000 -0.141322 0.009328 -0.101862 0.012328 7.000000 0.046000
1186.000000 -0.141811 0.009418 -0.099540 0.011439 7.000000 0.046000
1187.000000 -0.142323 0.009477 -0.099794 0.013257 7.000000 0.046000
1188.000000 -0.142818 0.009646 -0.100218 0.018005 7.000000 0.046000
1189.000000 -0.143278 0.009692 -0.097900 0.019790 7.000000 0.046000
1190.000000 -0.143790 0.009752 -0.097519 0.015417 7.000000 0.046000
1191.000000 -0.144307 0.009891 -0.100160 0.017693 7.000000 0.046000
1192.000000 -0.144796 0.009984 -0.100386 0.020446 7.000000 0.046000
1193.000000 -0.145256 0.010032 -0.097662 0.017426 7.000000 0.046000
1194.000000 -0.145716 0.010080 -0.094859 0.013694 7.000000 0.046000
1195.000000 -0.146182 0.010206 -0.093714 0.015610 7.000000 0.046000
1196.000000 -0.146670 0.010301 -0.094542 0.018864 7.000000 0.046000
1197.000000 -0.147130 0.010351 -0.094677 0.016780 7.000000 0.046000
1198.000000 -0.147596 0.010478 -0.093607 0.017302 7.000000 0.046000
1199.000000 -0.148061 0.010605 -0.093334 0.021387 7.000000 0.046000
1200.000000 -0.148550 0.010702 -0.094317 0.021970 7.000000 0.046000
1201.000000 -0.148986 0.010785 -0.093409 0.020061 7.000000 0.046000
1202.000000 -0.149423 0.010868 -0.090408 0.018422 7.000000 0.046000
1203.000000 -0.149882 0.010920 -0.090016 0.016086 7.000000 0.046000
1204.000000 -0.150342 0.010972 -0.090952 0.013397 7.000000 0.046000
1205.000000 -0.150779 0.011056 -0.090290 0.013598 7.000000 0.046000
1206.000000 -0.151197 0.011249 -0.087915 0.020584 7.000000 0.046000
1207.000000 -0.151657 0.011303 -0.087847 0.022647 7.000000 0.046000
1208.000000 -0.152042 0.011373 -0.086160 0.017694 7.000000 0.046000
1209.000000 -0.152506 0.011505 -0.085541 0.018993 7.000000 0.046000
1210.000000 -0.152943 0.011591 -0.087755 0.020405 7.000000 0.046000
1211.000000 -0.153351 0.011631 -0.086110 0.016655 7.000000 0.046000
1212.000000 -0.153759 0.011672 -0.083889 0.012522 7.000000 0.046000
1213.000000 -0.154195 0.011759 -0.084139 0.012704 7.000000 0.046000
1214.000000 -0.154608 0.011877 -0.084493 0.016609 7.000000 0.046000
1215.000000 -0.155020 0.011996 -0.083515 0.020157 7.000000 0.046000
1216.000000 -0.155405 0.012069 -0.081634 0.019735 7.000000 0.046000
1217.000000 -0.155813 0.012111 -0.080451 0.015768 7.000000 0.046000
1218.000000 -0.156249 0.012200 -0.082373 0.014516 7.000000 0.046000
1219.000000 -0.156661 0.012320 -0.083565 0.017690 7.000000 0.046000
1220.000000 -0.157041 0.012317 -0.081437 0.014815 7.000000 0.046000
1221.000000 -0.157453 0.012437 -0.080340 0.013381 7.000000 0.046000
1222.000000 -0.157861 0.012481 -0.081158 0.014942 7.000000 0.046000
1223.000000 -0.158274 0.012602 -0.081562 0.015769 7.000000 0.046000
1224.000000 -0.158634 0.012709 -0.079443 0.019250 7.000000 0.046000
1225.000000 -0.159019 0.012784 -0.076994 0.018786 7.000000 0.046000
1226.000000 -0.159426 0.012829 -0.078073 0.015546 7.000000 0.046000
1227.000000 -0.159811 0.012905 -0.078619 0.013922 7.000000 0.046000
1228.000000 -0.160195 0.012982 -0.077732 0.014637 7.000000 0.046000
1229.000000 -0.160555 0.013090 -0.076107 0.016539 7.000000 0.046000
1230.000000 -0.160935 0.013089 -0.075097 0.013752 7.000000 0.046000
1231.000000 -0.161319 0.013167 -0.075745 0.010847 7.000000 0.046000
1232.000000 -0.161704 0.013244 -0.076261 0.013176 7.000000 0.046000
1233.000000 -0.162064 0.013353 -0.075345 0.015896 7.000000 0.046000
1234.000000 -0.162448 0.013431 -0.074875 0.017310 7.000000 0.046000
1235.000000 -0.162804 0.013463 -0.074461 0.014271 7.000000 0.046000
1236.000000 -0.163188 0.013542 -0.074246 0.012750 7.000000 0.046000
1237.000000 -0.163548 0.013651 -0.074303 0.015780 7.000000 0.046000
1238.000000 -0.163932 0.013731 -0.074329 0.017352 7.000000 0.046000
1239.000000 -0.164285 0.013686 -0.074022 0.010611 7.000000 0.046000
1240.000000 -0.164645 0.013797 -0.072677 0.008704 7.000000 0.046000
1241.000000 -0.165029 0.013877 -0.073497 0.013821 7.000000 0.046000
1242.000000 -0.165361 0.013941 -0.072571 0.014168 7.000000 0.046000
1243.000000 -0.165745 0.014022 -0.072096 0.014373 7.000000 0.046000
1244.000000 -0.166078 0.014086 -0.071852 0.014495 7.000000 0.046000
1245.000000 -0.166410 0.014152 -0.069207 0.013797 7.000000 0.046000
1246.000000 -0.166794 0.014233 -0.070375 0.014252 7.000000 0.046000
1247.000000 -0.167123 0.014221 -0.070832 0.010721 7.000000 0.046000
1248.000000 -0.167455 0.014287 -0.068543 0.008156 7.000000 0.046000
1249.000000 -0.167812 0.014322 -0.068712 0.009158 7.000000 0.046000
1250.000000 -0.168147 0.014465 -0.068925 0.013470 7.000000 0.046000
1251.000000 -0.168504 0.014501 -0.069038 0.015691 7.000000 0.046000
1252.000000 -0.168860 0.014537 -0.070151 0.011570 7.000000 0.046000
1253.000000 -0.169220 0.014651 -0.070844 0.013276 7.000000 0.046000
1254.000000 -0.169552 0.014718 -0.070004 0.015658 7.000000 0.046000
1255.000000 -0.169909 0.014755 -0.069449 0.013114 7.000000 0.046000
1256.000000 -0.170214 0.014775 -0.067848 0.009543 7.000000 0.046000
1257.000000 -0.170546 0.014843 -0.065835 0.009235 7.000000 0.046000
1258.000000 -0.170878 0.014911 -0.066127 0.011389 7.000000 0.046000
1259.000000 -0.171235 0.014948 -0.067476 0.011023 7.000000 0.046000
1260.000000 -0.171540 0.014970 -0.066850 0.008559 7.000000 0.046000
1261.000000 -0.171873 0.015038 -0.065329 0.008812 7.000000 0.046000
1262.000000 -0.172205 0.015107 -0.065867 0.011255 7.000000 0.046000
1263.000000 -0.172564 0.015223 -0.067444 0.014820 7.000000 0.046000
1264.000000 -0.172896 0.015292 -0.068246 0.016656 7.000000 0.046000
1265.000000 -0.173175 0.015267 -0.064734 0.010714 7.000000 0.046000
1266.000000 -0.173507 0.015337 -0.062942 0.007708 7.000000 0.046000
1267.000000 -0.173812 0.015360 -0.063342 0.008490 7.000000 0.046000
1268.000000 -0.174144 0.015430 -0.063542 0.008910 7.000000 0.046000
1269.000000 -0.174477 0.015500 -0.064948 0.011444 7.000000 0.046000
1270.000000 -0.174809 0.015570 -0.065661 0.012756 7.000000 0.046000
1271.000000 -0.175114 0.015594 -0.064726 0.011140 7.000000 0.046000
1272.000000 -0.175446 0.015664 -0.064246 0.010338 7.000000 0.046000
1273.000000 -0.175778 0.015735 -0.065301 0.012252 7.000000 0.046000
1274.000000 -0.176084 0.015759 -0.064543 0.010941 7.000000 0.046000
1275.000000 -0.176416 0.015831 -0.064153 0.010294 7.000000 0.046000
1276.000000 -0.176722 0.015855 -0.063959 0.009981 7.000000 0.046000
1277.000000 -0.177002 0.015910 -0.061347 0.009004 7.000000 0.046000
1278.000000 -0.177308 0.015935 -0.060020 0.008524 7.000000 0.046000
1279.000000 -0.177665 0.015977 -0.063075 0.007665 7.000000 0.046000
1280.000000 -0.177972 0.016079 -0.064697 0.011023 7.000000 0.046000
1281.000000 -0.178278 0.016104 -0.063017 0.011915 7.000000 0.046000
1282.000000 -0.178610 0.016177 -0.063378 0.010920 7.000000 0.046000
1283.000000 -0.178889 0.016156 -0.062284 0.008117 7.000000 0.046000
1284.000000 -0.179195 0.016182 -0.060441 0.004398 7.000000 0.046000
1285.000000 -0.179527 0.016255 -0.062073 0.007144 7.000000 0.046000
1286.000000 -0.179808 0.016311 -0.061678 0.010024 7.000000 0.046000
1287.000000 -0.180114 0.016338 -0.060196 0.009197 7.000000 0.046000
1288.000000 -0.180446 0.016412 -0.061947 0.009644 7.000000 0.046000
1289.000000 -0.180752 0.016438 -0.062843 0.009889 7.000000 0.046000
1290.000000 -0.181057 0.016465 -0.062021 0.007718 7.000000 0.046000
1291.000000 -0.181363 0.016493 -0.061606 0.006629 7.000000 0.046000
1292.000000 -0.181643 0.016473 -0.060124 0.003774 7.000000 0.046000
1293.000000 -0.181949 0.016500 -0.059372 0.002338 7.000000 0.046000
1294.000000 -0.182255 0.016528 -0.060267 0.003939 7.000000 0.046000
1295.000000 -0.182536 0.016586 -0.059488 0.006229 7.000000 0.046000
1296.000000 -0.182842 0.016614 -0.059094 0.007414 7.000000 0.046000
1297.000000 -0.183148 0.016642 -0.060130 0.006577 7.000000 0.046000
1298.000000 -0.183480 0.016718 -0.061927 0.008490 7.000000 0.046000
1299.000000 -0.183786 0.016747 -0.062846 0.009482 7.000000 0.046000
1300.000000 -0.184092 0.016775 -0.062047 0.007686 7.000000 0.046000
1301.000000 -0.184372 0.016680 -0.060361 0.000692 7.000000 0.046000
1302.000000 -0.184678 0.016709 -0.059503 -0.002854 7.000000 0.046000
1303.000000 -0.184933 0.016721 -0.057854 0.000577 7.000000 0.046000
1304.000000 -0.185189 0.016733 -0.054508 0.001468 7.000000 0.046000
1305.000000 -0.185520 0.016733 -0.056560 0.001363 7.000000 0.046000
1306.000000 -0.185827 0.016763 -0.060115 0.002200 7.000000 0.046000
1307.000000 -0.186133 0.016793 -0.060684 0.004094 7.000000 0.046000
1308.000000 -0.186414 0.016775 -0.059720 0.002751 7.000000 0.046000
1309.000000 -0.186695 0.016758 -0.057975 -0.000243 7.000000 0.046000
1310.000000 -0.186975 0.016665 -0.057090 -0.005524 7.000000 0.046000
1311.000000 -0.187282 0.016695 -0.057899 -0.005871 7.000000 0.046000
1312.000000 -0.187563 0.016679 -0.058327 -0.002261 7.000000 0.046000
1313.000000 -0.187818 0.016692 -0.056039 -0.001292 7.000000 0.046000
1314.000000 -0.188125 0.016646 -0.056136 -0.002223 7.000000 0.046000
1315.000000 -0.188406 0.016630 -0.057444 -0.004125 7.000000 0.046000
1316.000000 -0.188739 0.016632 -0.059372 -0.002743 7.000000 0.046000
1317.000000 -0.189020 0.016617 -0.060360 -0.002024 7.000000 0.046000
1318.000000 -0.189276 0.016554 -0.057114 -0.004862 7.000000 0.046000
1319.000000 -0.189557 0.016461 -0.055480 -0.010059 7.000000 0.046000
1320.000000 -0.189813 0.016399 -0.054657 -0.012694 7.000000 0.046000
1321.000000 -0.190095 0.016384 -0.054236 -0.010253 7.000000 0.046000
1322.000000 -0.190351 0.016321 -0.054031 -0.008996 7.000000 0.046000
1323.000000 -0.190633 0.016306 -0.053931 -0.008340 7.000000 0.046000
1324.000000 -0.190915 0.016215 -0.055158 -0.009422 7.000000 0.046000
1325.000000 -0.191223 0.016171 -0.057055 -0.011388 7.000000 0.046000
1326.000000 -0.191480 0.016110 -0.056768 -0.010943 7.000000 0.046000
1327.000000 -0.191737 0.016048 -0.054121 -0.011603 7.000000 0.046000
1328.000000 -0.192020 0.015880 -0.054082 -0.017114 7.000000 0.046000
1329.000000 -0.192277 0.015819 -0.054069 -0.019909 7.000000 0.046000
1330.000000 -0.192534 0.015758 -0.052781 -0.016126 7.000000 0.046000
1331.000000 -0.192766 0.015649 -0.050893 -0.016521 7.000000 0.046000
1332.000000 -0.193049 0.015559 -0.051214 -0.018132 7.000000 0.046000
1333.000000 -0.193307 0.015422 -0.052666 -0.020363 7.000000 0.046000
1334.000000 -0.193590 0.015409 -0.053380 -0.017723 7.000000 0.046000
1335.000000 -0.193848 0.015271 -0.053762 -0.016362 7.000000 0.046000
1336.000000 -0.194107 0.015134 -0.052766 -0.021746 7.000000 0.046000
1337.000000 -0.194340 0.014950 -0.051037 -0.026810 7.000000 0.046000
1338.000000 -0.194599 0.014813 -0.050172 -0.029373 7.000000 0.046000
1339.000000 -0.194806 0.014658 -0.048466 -0.029247 7.000000 0.046000
1340.000000 -0.195065 0.014522 -0.047614 -0.029165 7.000000 0.046000
1341.000000 -0.195299 0.014338 -0.048476 -0.030528 7.000000 0.046000
1342.000000 -0.195559 0.014202 -0.048931 -0.031204 7.000000 0.046000
1343.000000 -0.195792 0.014095 -0.049129 -0.027783 7.000000 0.046000
1344.000000 -0.196027 0.013912 -0.048011 -0.028361 7.000000 0.046000
1345.000000 -0.196236 0.013681 -0.046269 -0.034729 7.000000 0.046000
1346.000000 -0.196471 0.013498 -0.045398 -0.037958 7.000000 0.046000
1347.000000 -0.196706 0.013315 -0.046208 -0.037249 7.000000 0.046000
1348.000000 -0.196968 0.013104 -0.047931 -0.038279 7.000000 0.046000
1349.000000 -0.197152 0.012902 -0.046295 -0.039720 7.000000 0.046000
1350.000000 -0.197387 0.012720 -0.044191 -0.039027 7.000000 0.046000
1351.000000 -0.197597 0.012566 -0.044366 -0.036325 7.000000 0.046000
1352.000000 -0.197832 0.012384 -0.044473 -0.034932 7.000000 0.046000
1353.000000 -0.198069 0.012202 -0.045835 -0.035614 7.000000 0.046000
1354.000000 -0.198254 0.011925 -0.044077 -0.040622 7.000000 0.046000
1355.000000 -0.198466 0.011696 -0.041963 -0.045494 7.000000 0.046000
1356.000000 -0.198702 0.011515 -0.043374 -0.043285 7.000000 0.046000
1357.000000 -0.198940 0.011257 -0.045413 -0.043542 7.000000 0.046000
1358.000000 -0.199099 0.011086 -0.042626 -0.043201 7.000000 0.046000
1359.000000 -0.199311 0.010857 -0.039927 -0.041607 7.000000 0.046000
1360.000000 -0.199548 0.010676 -0.042402 -0.041244 7.000000 0.046000
1361.000000 -0.199785 0.010496 -0.044916 -0.038704 7.000000 0.046000
1362.000000 -0.199971 0.010296 -0.043672 -0.038338 7.000000 0.046000
1363.000000 -0.200132 0.010049 -0.039279 -0.041418 7.000000 0.046000
1364.000000 -0.200371 0.009792 -0.039670 -0.045760 7.000000 0.046000
1365.000000 -0.200584 0.009565 -0.042426 -0.047014 7.000000 0.046000
1366.000000 -0.200744 0.009394 -0.039920 -0.043461 7.000000 0.046000
1367.000000 -0.200931 0.009195 -0.037351 -0.040244 7.000000 0.046000
1368.000000 -0.201117 0.008996 -0.037361 -0.039987 7.000000 0.046000
1369.000000 -0.201331 0.008769 -0.038693 -0.041232 7.000000 0.046000
1370.000000 -0.201518 0.008571 -0.039384 -0.041854 7.000000 0.046000
1371.000000 -0.201755 0.008468 -0.040908 -0.036091 7.000000 0.046000
1372.000000 -0.201917 0.008222 -0.040463 -0.035482 7.000000 0.046000
1373.000000 -0.202132 0.007995 -0.039096 -0.041219 7.000000 0.046000
1374.000000 -0.202319 0.007797 -0.039647 -0.041793 7.000000 0.046000
1375.000000 -0.202480 0.007627 -0.037308 -0.039303 7.000000 0.046000
1376.000000 -0.202668 0.007430 -0.036129 -0.038022 7.000000 0.046000
1377.000000 -0.202829 0.007260 -0.035537 -0.037361 7.000000 0.046000
1378.000000 -0.203017 0.007063 -0.035249 -0.037012 7.000000 0.046000
1379.000000 -0.203205 0.006865 -0.036432 -0.038205 7.000000 0.046000
1380.000000 -0.203366 0.006696 -0.035726 -0.037422 7.000000 0.046000
1381.000000 -0.203553 0.006575 -0.035291 -0.033293 7.000000 0.046000
1382.000000 -0.203742 0.006378 -0.036402 -0.032559 7.000000 0.046000
1383.000000 -0.203930 0.006181 -0.037068 -0.035890 7.000000 0.046000
1384.000000 -0.204065 0.006040 -0.034768 -0.034824 7.000000 0.046000
1385.000000 -0.204279 0.005891 -0.034845 -0.031929 7.000000 0.046000
1386.000000 -0.204414 0.005750 -0.034888 -0.030450 7.000000 0.046000
1387.000000 -0.204576 0.005582 -0.032362 -0.030647 7.000000 0.046000
1388.000000 -0.204763 0.005461 -0.033643 -0.029777 7.000000 0.046000
1389.000000 -0.204951 0.005341 -0.035539 -0.026986 7.000000 0.046000
1390.000000 -0.205088 0.005125 -0.034047 -0.030232 7.000000 0.046000
1391.000000 -0.205251 0.004957 -0.032061 -0.034215 7.000000 0.046000
1392.000000 -0.205411 0.004864 -0.032196 -0.030188 7.000000 0.046000
1393.000000 -0.205547 0.004724 -0.030941 -0.026758 7.000000 0.046000
1394.000000 -0.205707 0.004632 -0.030308 -0.025004 7.000000 0.046000
1395.000000 -0.205870 0.004464 -0.031326 -0.025472 7.000000 0.046000
1396.000000 -0.206056 0.004420 -0.033083 -0.023365 7.000000 0.046000
1397.000000 -0.206192 0.004280 -0.032653 -0.020915 7.000000 0.046000
1398.000000 -0.206353 0.004188 -0.031207 -0.022000 7.000000 0.046000
1399.000000 -0.206464 0.004001 -0.029244 -0.024886 7.000000 0.046000
1400.000000 -0.206625 0.003909 -0.028249 -0.026349 7.000000 0.046000
1401.000000 -0.206786 0.003818 -0.030215 -0.022410 7.000000 0.046000
1402.000000 -0.206895 0.003706 -0.028653 -0.021372 7.000000 0.046000
1403.000000 -0.207029 0.003642 -0.026524 -0.019473 7.000000 0.046000
1404.000000 -0.207191 0.003551 -0.028015 -0.017525 7.000000 0.046000
1405.000000 -0.207350 0.003535 -0.030009 -0.014188 7.000000 0.046000
1406.000000 -0.207459 0.003424 -0.028460 -0.013460 7.000000 0.046000
1407.000000 -0.207593 0.003360 -0.026442 -0.015424 7.000000 0.046000
1408.000000 -0.207703 0.003249 -0.025419 -0.016421 7.000000 0.046000
1409.000000 -0.207864 0.003158 -0.026242 -0.018285 7.000000 0.046000
1410.000000 -0.207999 0.003094 -0.027897 -0.016891 7.000000 0.046000
1411.000000 -0.208106 0.003059 -0.026061 -0.013454 7.000000 0.046000
1412.000000 -0.208213 0.003023 -0.023787 -0.010339 7.000000 0.046000
1413.000000 -0.208320 0.002988 -0.022630 -0.008750 7.000000 0.046000
1414.000000 -0.208480 0.002972 -0.024615 -0.006956 7.000000 0.046000
1415.000000 -0.208587 0.002937 -0.025628 -0.006039 7.000000 0.046000
1416.000000 -0.208694 0.002901 -0.023574 -0.006551 7.000000 0.046000
1417.000000 -0.208803 0.002790 -0.022645 -0.010508 7.000000 0.046000
1418.000000 -0.208911 0.002755 -0.022173 -0.012522 7.000000 0.046000
1419.000000 -0.209018 0.002719 -0.021821 -0.009845 7.000000 0.046000
1420.000000 -0.209095 0.002787 -0.020180 -0.003424 7.000000 0.046000
1421.000000 -0.209203 0.002752 -0.019346 -0.000149 7.000000 0.046000
1422.000000 -0.209283 0.002744 -0.019037 -0.002180 7.000000 0.046000
1423.000000 -0.209440 0.002804 -0.021336 0.001474 7.000000 0.046000
1424.000000 -0.209520 0.002797 -0.022507 0.003336 7.000000 0.046000
1425.000000 -0.209600 0.002789 -0.019304 0.000959 7.000000 0.046000
1426.000000 -0.209707 0.002754 -0.019020 -0.001607 7.000000 0.046000
1427.000000 -0.209760 0.002774 -0.017528 -0.001558 7.000000 0.046000
1428.000000 -0.209865 0.002814 -0.016649 0.002168 7.000000 0.046000
1429.000000 -0.209917 0.002835 -0.016200 0.004066 7.000000 0.046000
1430.000000 -0.209997 0.002827 -0.014746 0.002692 7.000000 0.046000
1431.000000 -0.210074 0.002895 -0.015229 0.004336 7.000000 0.046000
1432.000000 -0.210152 0.002963 -0.015353 0.008873 7.000000 0.046000
1433.000000 -0.210232 0.002955 -0.015538 0.007487 7.000000 0.046000
1434.000000 -0.210309 0.003023 -0.015631 0.006782 7.000000 0.046000
1435.000000 -0.210364 0.002968 -0.014456 0.004080 7.000000 0.046000
1436.000000 -0.210416 0.002988 -0.012632 0.000359 7.000000 0.046000
1437.000000 -0.210469 0.003008 -0.011580 0.002163 7.000000 0.046000
1438.000000 -0.210494 0.003056 -0.009695 0.004436 7.000000 0.046000
1439.000000 -0.210546 0.003076 -0.008734 0.005595 7.000000 0.046000
1440.000000 -0.210571 0.003124 -0.008244 0.006185 7.000000 0.046000
1441.000000 -0.210649 0.003192 -0.009216 0.008832 7.000000 0.046000
1442.000000 -0.210674 0.003240 -0.009711 0.010180 7.000000 0.046000
1443.000000 -0.210699 0.003288 -0.007392 0.009877 7.000000 0.046000
1444.000000 -0.210753 0.003233 -0.007685 0.004669 7.000000 0.046000
1445.000000 -0.210778 0.003280 -0.007834 0.002016 7.000000 0.046000
1446.000000 -0.210803 0.003328 -0.006435 0.005718 7.000000 0.046000
1447.000000 -0.210803 0.003328 -0.004501 0.005258 7.000000 0.046000
1448.000000 -0.210828 0.003376 -0.003515 0.005024 7.000000 0.046000
1449.000000 -0.210828 0.003376 -0.003012 0.004905 7.000000 0.046000
1450.000000 -0.210878 0.003472 -0.003977 0.007190 7.000000 0.046000
1451.000000 -0.210878 0.003472 -0.004469 0.008354 7.000000 0.046000
1452.000000 -0.210903 0.003520 -0.003498 0.006602 7.000000 0.046000
1453.000000 -0.210878 0.003472 -0.001782 0.003364 7.000000 0.046000
1454.000000 -0.210878 0.003472 0.000313 -0.000632 7.000000 0.046000
1455.000000 -0.210878 0.003472 0.000160 -0.000322 2.000000 0.046000
1456.000000 -0.210903 0.003520 -0.001140 0.002182 2.000000 0.046000
1457.000000 -0.210903 0.003520 -0.001802 0.003457 2.000000 0.046000
1458.000000 -0.210903 0.003520 -0.000918 0.001761 2.000000 0.046000
1459.000000 -0.210903 0.003520 -0.000468 0.000897 2.000000 0.046000
1460.000000 -0.210903 0.003520 -0.000238 0.000457 2.000000 0.046000
1461.000000 -0.210903 0.003520 -0.000121 0.000233 2.000000 0.046000
1462.000000 -0.210903 0.003520 -0.000062 0.000119 2.000000 0.046000
1463.000000 -0.210903 0.003520 -0.000032 0.000060 2.000000 0.046000
1464.000000 -0.210903 0.003520 -0.000016 0.000031 2.000000 0.046000
1465.000000 -0.210875 0.003547 0.001340 0.001370 2.000000 0.046000
1466.000000 -0.210848 0.003575 0.003379 0.003406 2.000000 0.046000
1467.000000 -0.210848 0.003575 0.003069 0.003090 2.000000 0.046000
1468.000000 -0.210821 0.003602 0.002912 0.002929 2.000000 0.046000
1469.000000 -0.210793 0.003630 0.004179 0.004201 2.000000 0.046000
1470.000000 -0.210766 0.003658 0.004824 0.004850 2.000000 0.046000
1471.000000 -0.210738 0.003685 0.005153 0.005181 2.000000 0.046000
1472.000000 -0.210711 0.003713 0.005320 0.005349 2.000000 0.046000
1473.000000 -0.210711 0.003713 0.004058 0.004080 2.000000 0.046000
1474.000000 -0.210683 0.003740 0.003414 0.003434 2.000000 0.046000
1475.000000 -0.210658 0.003693 0.004308 0.000759 2.000000 0.046000
1476.000000 -0.210631 0.003720 0.004763 -0.000603 2.000000 0.046000
1477.000000 -0.210553 0.003652 0.007565 -0.002287 2.000000 0.046000
1478.000000 -0.210501 0.003632 0.010214 -0.005489 2.000000 0.046000
1479.000000 -0.210501 0.003632 0.007773 -0.003787 2.000000 0.046000
1480.000000 -0.210421 0.003640 0.007876 -0.001562 2.000000 0.046000
1481.000000 -0.210394 0.003667 0.009274 0.000926 2.000000 0.046000
1482.000000 -0.210369 0.003619 0.007294 -0.000517 2.000000 0.046000
1483.000000 -0.210316 0.003599 0.007508 -0.003597 2.000000 0.046000
1484.000000 -0.210292 0.003551 0.007618 -0.005166 2.000000 0.046000
1485.000000 -0.210239 0.003531 0.007674 -0.005964 2.000000 0.046000
1486.000000 -0.210187 0.003511 0.009049 -0.005015 2.000000 0.046000
1487.000000 -0.210134 0.003491 0.009750 -0.004531 2.000000 0.046000
1488.000000 -0.210107 0.003519 0.008882 -0.001940 2.000000 0.046000
1489.000000 -0.210055 0.003498 0.008441 -0.000619 2.000000 0.046000
1490.000000 -0.210002 0.003478 0.009440 -0.002290 2.000000 0.046000
1491.000000 -0.210002 0.003478 0.007379 -0.002154 2.000000 0.046000
1492.000000 -0.209950 0.003458 0.006329 -0.002084 2.000000 0.046000
1493.000000 -0.209925 0.003410 0.007019 -0.004393 2.000000 0.046000
1494.000000 -0.209872 0.003390 0.007371 -0.005568 2.000000 0.046000
1495.000000 -0.209820 0.003370 0.008896 -0.004810 2.000000 0.046000
1496.000000 -0.209768 0.003350 0.009673 -0.004423 2.000000 0.046000
1497.000000 -0.209768 0.003350 0.007499 -0.003240 2.000000 0.046000
1498.000000 -0.209688 0.003358 0.007735 -0.001278 2.000000 0.046000
1499.000000 -0.209660 0.003385 0.009200 0.001078 2.000000 0.046000
1500.000000 -0.209663 0.003310 0.005914 -0.001794 2.000000 0.046000
1501.000000 -0.209610 0.003290 0.005465 -0.005600 2.000000 0.046000
1502.000000 -0.209583 0.003317 0.006699 -0.002481 2.000000 0.046000
1503.000000 -0.209530 0.003297 0.007328 -0.000891 2.000000 0.046000
1504.000000 -0.209480 0.003202 0.008758 -0.006124 2.000000 0.046000
1505.000000 -0.209453 0.003229 0.008259 -0.006447 2.000000 0.046000
1506.000000 -0.209426 0.003257 0.006896 -0.000569 2.000000 0.046000
1507.000000 -0.209398 0.003285 0.006201 0.002427 2.000000 0.046000
1508.000000 -0.209346 0.003265 0.007074 0.001611 2.000000 0.046000
1509.000000 -0.209373 0.003237 0.004831 -0.001522 2.000000 0.046000
1510.000000 -0.209321 0.003217 0.003688 -0.003118 2.000000 0.046000
1511.000000 -0.209321 0.003217 0.004450 -0.002573 2.000000 0.046000
1512.000000 -0.209243 0.003149 0.006066 -0.004636 2.000000 0.046000
1513.000000 -0.209243 0.003149 0.006889 -0.005688 2.000000 0.046000
1514.000000 -0.209191 0.003129 0.006082 -0.003881 2.000000 0.046000
1515.000000 -0.209216 0.003177 0.004442 -0.000619 2.000000 0.046000
1516.000000 -0.209189 0.003205 0.002379 0.003386 2.000000 0.046000
1517.000000 -0.209136 0.003185 0.005126 0.002101 2.000000 0.046000
1518.000000 -0.209164 0.003157 0.003840 -0.001272 2.000000 0.046000
1519.000000 -0.209164 0.003157 0.000613 -0.002007 2.000000 0.046000
1520.000000 -0.209111 0.003137 0.002883 -0.002006 2.000000 0.046000
1521.000000 -0.209086 0.003089 0.005269 -0.004347 2.000000 0.046000
1522.000000 -0.209086 0.003089 0.003912 -0.004557 2.000000 0.046000
1523.000000 -0.209086 0.003089 0.001993 -0.002322 2.000000 0.046000
