# imt log
s logheadsize 000234
s logcolumns 7
s logname /home/testac/lgames/fitts/20180718_Wed/run1.131901.dat
s logversion 2.0
s logdate "Wed Jul 18 13:19:01 EDT 2018"
s logidate 1531934341

# begin user data

# end user data

#####
653.000000 -0.002087 0.001259 0.002911 0.000906 0.000000 0.000000
654.000000 -0.002113 0.001332 0.002132 0.002259 0.000000 0.000000
655.000000 -0.002061 0.001332 0.002384 0.004745 0.000000 0.000000
656.000000 -0.002061 0.001332 0.003794 0.002408 7.000000 0.046000
657.000000 -0.002021 0.001295 0.003864 -0.000580 7.000000 0.046000
658.000000 -0.002021 0.001295 0.003900 -0.002102 7.000000 0.046000
659.000000 -0.002008 0.001332 0.002636 0.000726 7.000000 0.046000
660.000000 -0.001969 0.001295 0.003923 0.000361 7.000000 0.046000
661.000000 -0.001929 0.001258 0.005861 -0.003429 7.000000 0.046000
662.000000 -0.001916 0.001295 0.005566 -0.001756 7.000000 0.046000
663.000000 -0.001903 0.001331 0.004133 0.002700 7.000000 0.046000
664.000000 -0.001903 0.001331 0.002754 0.003173 7.000000 0.046000
665.000000 -0.001890 0.001368 0.002051 0.003414 7.000000 0.046000
666.000000 -0.001864 0.001294 0.002977 -0.000067 7.000000 0.046000
667.000000 -0.001864 0.001294 0.002800 -0.003637 7.000000 0.046000
668.000000 -0.001850 0.001331 0.002075 -0.000056 7.000000 0.046000
669.000000 -0.001772 0.001257 0.005569 -0.001842 7.000000 0.046000
670.000000 -0.001772 0.001257 0.006701 -0.004550 7.000000 0.046000
671.000000 -0.001772 0.001257 0.003414 -0.002318 7.000000 0.046000
672.000000 -0.001745 0.001331 0.003035 0.002414 7.000000 0.046000
673.000000 -0.001745 0.001331 0.002842 0.004825 7.000000 0.046000
674.000000 -0.001758 0.001294 0.000800 0.000661 7.000000 0.046000
675.000000 -0.001758 0.001294 -0.000240 -0.001461 7.000000 0.046000
676.000000 -0.001758 0.001294 -0.000122 -0.000744 7.000000 0.046000
677.000000 -0.001706 0.001294 0.002517 -0.000387 7.000000 0.046000
678.000000 -0.001706 0.001294 0.003862 -0.000205 7.000000 0.046000
679.000000 -0.001706 0.001294 0.001968 -0.000105 7.000000 0.046000
680.000000 -0.001666 0.001257 0.002935 -0.001859 7.000000 0.046000
681.000000 -0.001706 0.001294 0.001495 -0.000947 7.000000 0.046000
682.000000 -0.001706 0.001294 -0.001170 0.001323 7.000000 0.046000
683.000000 -0.001666 0.001257 0.001336 -0.001131 7.000000 0.046000
684.000000 -0.001666 0.001257 0.002613 -0.002382 7.000000 0.046000
685.000000 -0.001653 0.001294 0.001979 0.000584 7.000000 0.046000
686.000000 -0.001653 0.001294 0.001656 0.002095 7.000000 0.046000
687.000000 -0.001653 0.001294 0.000844 0.001068 7.000000 0.046000
688.000000 -0.001653 0.001294 0.000430 0.000544 7.000000 0.046000
689.000000 -0.001653 0.001294 0.000219 0.000277 7.000000 0.046000
690.000000 -0.001653 0.001294 0.000112 0.000141 7.000000 0.046000
691.000000 -0.001653 0.001294 0.000057 0.000072 7.000000 0.046000
692.000000 -0.001653 0.001294 0.000029 0.000037 7.000000 0.046000
693.000000 -0.001653 0.001294 0.000015 0.000019 7.000000 0.046000
694.000000 -0.001653 0.001294 0.000008 0.000010 7.000000 0.046000
695.000000 -0.001653 0.001294 0.000004 0.000005 7.000000 0.046000
696.000000 -0.001614 0.001257 0.001934 -0.001803 7.000000 0.046000
697.000000 -0.001614 0.001257 0.002918 -0.002724 7.000000 0.046000
698.000000 -0.001653 0.001294 -0.000446 0.000418 7.000000 0.046000
699.000000 -0.001614 0.001257 -0.000227 0.000213 7.000000 0.046000
700.000000 -0.001614 0.001257 0.001817 -0.001697 7.000000 0.046000
701.000000 -0.001614 0.001257 0.000926 -0.000865 7.000000 0.046000
702.000000 -0.001614 0.001257 0.000472 -0.000440 7.000000 0.046000
703.000000 -0.001614 0.001257 0.000240 -0.000224 7.000000 0.046000
704.000000 -0.001614 0.001257 0.000122 -0.000114 7.000000 0.046000
705.000000 -0.001614 0.001257 0.000062 -0.000058 7.000000 0.046000
706.000000 -0.001614 0.001257 0.000032 -0.000030 7.000000 0.046000
707.000000 -0.001614 0.001257 0.000016 -0.000015 7.000000 0.046000
708.000000 -0.001614 0.001257 0.000008 -0.000008 7.000000 0.046000
709.000000 -0.001614 0.001257 0.000004 -0.000004 7.000000 0.046000
710.000000 -0.001614 0.001257 0.000002 -0.000002 7.000000 0.046000
711.000000 -0.001614 0.001257 0.000001 -0.000001 7.000000 0.046000
712.000000 -0.001614 0.001257 0.000001 -0.000001 7.000000 0.046000
713.000000 -0.001614 0.001257 0.000000 -0.000000 7.000000 0.046000
714.000000 -0.001614 0.001257 0.000000 -0.000000 7.000000 0.046000
715.000000 -0.001614 0.001257 0.000000 -0.000000 7.000000 0.046000
716.000000 -0.001614 0.001257 0.000000 -0.000000 7.000000 0.046000
717.000000 -0.001614 0.001257 0.000000 -0.000000 7.000000 0.046000
718.000000 -0.001614 0.001257 0.000000 -0.000000 7.000000 0.046000
719.000000 -0.001614 0.001257 0.000000 -0.000000 7.000000 0.046000
720.000000 -0.001614 0.001257 0.000000 -0.000000 7.000000 0.046000
721.000000 -0.001614 0.001257 0.000000 -0.000000 7.000000 0.046000
722.000000 -0.001614 0.001257 0.000000 -0.000000 7.000000 0.046000
723.000000 -0.001693 0.001331 -0.003864 0.003611 7.000000 0.046000
724.000000 -0.001693 0.001331 -0.005833 0.005451 7.000000 0.046000
725.000000 -0.001653 0.001294 -0.001040 0.000972 7.000000 0.046000
726.000000 -0.001693 0.001331 -0.000530 0.000495 7.000000 0.046000
727.000000 -0.001693 0.001331 -0.002202 0.002058 7.000000 0.046000
728.000000 -0.001693 0.001331 -0.001122 0.001048 7.000000 0.046000
729.000000 -0.001732 0.001367 -0.002503 0.002340 7.000000 0.046000
730.000000 -0.001732 0.001367 -0.003207 0.002998 7.000000 0.046000
731.000000 -0.001732 0.001367 -0.001634 0.001527 7.000000 0.046000
732.000000 -0.001732 0.001367 -0.000833 0.000778 7.000000 0.046000
733.000000 -0.001811 0.001441 -0.004287 0.004009 7.000000 0.046000
734.000000 -0.001771 0.001404 -0.004116 0.003848 7.000000 0.046000
735.000000 -0.001771 0.001404 -0.000166 0.000155 7.000000 0.046000
736.000000 -0.001771 0.001404 -0.000084 0.000079 7.000000 0.046000
737.000000 -0.001811 0.001441 -0.001974 0.001846 7.000000 0.046000
738.000000 -0.001811 0.001441 -0.002937 0.002747 7.000000 0.046000
739.000000 -0.001811 0.001441 -0.001497 0.001400 7.000000 0.046000
740.000000 -0.001824 0.001404 -0.001410 -0.001085 7.000000 0.046000
741.000000 -0.001824 0.001404 -0.001366 -0.002350 7.000000 0.046000
742.000000 -0.001903 0.001478 -0.004558 0.002416 7.000000 0.046000
743.000000 -0.001877 0.001405 -0.004902 0.001239 7.000000 0.046000
744.000000 -0.001877 0.001405 -0.001214 -0.002972 7.000000 0.046000
745.000000 -0.001890 0.001368 -0.001267 -0.003312 7.000000 0.046000
746.000000 -0.001877 0.001405 -0.000645 -0.001687 7.000000 0.046000
747.000000 -0.001916 0.001441 -0.001612 0.002744 7.000000 0.046000
748.000000 -0.001929 0.001405 -0.003401 0.001407 7.000000 0.046000
749.000000 -0.001968 0.001442 -0.004312 0.000726 7.000000 0.046000
750.000000 -0.001929 0.001405 -0.002197 0.000370 7.000000 0.046000
751.000000 -0.001929 0.001405 0.000812 -0.001618 7.000000 0.046000
752.000000 -0.001982 0.001405 -0.002166 -0.000815 7.000000 0.046000
753.000000 -0.001982 0.001405 -0.003683 -0.000406 7.000000 0.046000
754.000000 -0.001982 0.001405 -0.001876 -0.000207 7.000000 0.046000
755.000000 -0.001982 0.001405 -0.000956 -0.000105 7.000000 0.046000
756.000000 -0.001982 0.001405 -0.000487 -0.000054 7.000000 0.046000
757.000000 -0.002021 0.001442 -0.002179 0.001780 7.000000 0.046000
758.000000 -0.002074 0.001442 -0.005620 0.002724 7.000000 0.046000
759.000000 -0.002074 0.001442 -0.005442 0.001397 7.000000 0.046000
760.000000 -0.002034 0.001405 -0.000842 -0.001095 7.000000 0.046000
761.000000 -0.002048 0.001369 0.000853 -0.004162 7.000000 0.046000
762.000000 -0.002048 0.001369 -0.000214 -0.003918 7.000000 0.046000
763.000000 -0.002048 0.001369 -0.000109 -0.001996 7.000000 0.046000
764.000000 -0.002048 0.001369 -0.000056 -0.001017 7.000000 0.046000
765.000000 -0.002087 0.001405 -0.001959 0.001289 7.000000 0.046000
766.000000 -0.002087 0.001405 -0.002929 0.002464 7.000000 0.046000
767.000000 -0.002126 0.001442 -0.003422 0.003063 7.000000 0.046000
768.000000 -0.002087 0.001405 -0.001744 0.001560 7.000000 0.046000
769.000000 -0.002087 0.001405 0.001042 -0.001012 7.000000 0.046000
770.000000 -0.002100 0.001369 -0.000118 -0.002313 7.000000 0.046000
771.000000 -0.002139 0.001406 -0.002639 -0.001168 7.000000 0.046000
772.000000 -0.002139 0.001406 -0.003275 0.001212 7.000000 0.046000
773.000000 -0.002139 0.001406 -0.001669 0.000617 7.000000 0.046000
774.000000 -0.002139 0.001406 -0.000850 0.000315 7.000000 0.046000
775.000000 -0.002139 0.001406 -0.000433 0.000160 7.000000 0.046000
776.000000 -0.002139 0.001406 -0.000221 0.000082 7.000000 0.046000
777.000000 -0.002139 0.001406 -0.000112 0.000042 7.000000 0.046000
778.000000 -0.002218 0.001479 -0.003917 0.003636 7.000000 0.046000
779.000000 -0.002192 0.001406 -0.004575 0.001863 7.000000 0.046000
780.000000 -0.002192 0.001406 -0.001050 -0.002655 7.000000 0.046000
781.000000 -0.002192 0.001406 -0.000535 -0.001353 7.000000 0.046000
782.000000 -0.002192 0.001406 -0.000273 -0.000689 7.000000 0.046000
783.000000 -0.002192 0.001406 -0.000139 -0.000351 7.000000 0.046000
784.000000 -0.002231 0.001443 -0.002001 0.001629 7.000000 0.046000
785.000000 -0.002284 0.001443 -0.005528 0.002648 7.000000 0.046000
786.000000 -0.002284 0.001443 -0.005396 0.001360 7.000000 0.046000
787.000000 -0.002284 0.001443 -0.002749 0.000693 7.000000 0.046000
788.000000 -0.002258 0.001369 -0.000120 -0.003252 7.000000 0.046000
789.000000 -0.002297 0.001406 -0.000711 -0.003454 7.000000 0.046000
790.000000 -0.002284 0.001443 -0.001643 0.001845 7.000000 0.046000
791.000000 -0.002297 0.001406 -0.000837 0.000940 7.000000 0.046000
792.000000 -0.002297 0.001406 -0.001076 -0.001318 7.000000 0.046000
793.000000 -0.002337 0.001443 -0.002478 0.001136 7.000000 0.046000
794.000000 -0.002376 0.001480 -0.005121 0.004195 7.000000 0.046000
795.000000 -0.002376 0.001480 -0.004539 0.003946 7.000000 0.046000
796.000000 -0.002389 0.001443 -0.002962 0.000213 7.000000 0.046000
797.000000 -0.002402 0.001407 -0.002809 -0.003485 7.000000 0.046000
798.000000 -0.002402 0.001407 -0.002081 -0.003572 7.000000 0.046000
799.000000 -0.002402 0.001407 -0.001060 -0.001820 7.000000 0.046000
800.000000 -0.002442 0.001444 -0.002470 0.000881 7.000000 0.046000
801.000000 -0.002442 0.001444 -0.003188 0.002257 7.000000 0.046000
802.000000 -0.002494 0.001444 -0.004203 0.001162 7.000000 0.046000
803.000000 -0.002534 0.001481 -0.006649 0.002413 7.000000 0.046000
804.000000 -0.002547 0.001444 -0.005967 0.001241 7.000000 0.046000
805.000000 -0.002586 0.001481 -0.005619 0.000645 7.000000 0.046000
806.000000 -0.002560 0.001407 -0.003514 -0.001468 7.000000 0.046000
807.000000 -0.002613 0.001408 -0.003091 -0.004341 7.000000 0.046000
808.000000 -0.002600 0.001444 -0.003503 -0.000403 7.000000 0.046000
809.000000 -0.002652 0.001445 -0.003714 0.001604 7.000000 0.046000
810.000000 -0.002652 0.001445 -0.004471 0.000830 7.000000 0.046000
811.000000 -0.002705 0.001445 -0.004857 0.000436 7.000000 0.046000
812.000000 -0.002744 0.001482 -0.006982 0.002045 7.000000 0.046000
813.000000 -0.002797 0.001482 -0.008064 0.002865 7.000000 0.046000
814.000000 -0.002797 0.001482 -0.006688 0.001473 7.000000 0.046000
815.000000 -0.002823 0.001409 -0.004710 -0.002842 7.000000 0.046000
816.000000 -0.002863 0.001446 -0.005630 -0.003231 7.000000 0.046000
817.000000 -0.002863 0.001446 -0.004796 0.000164 7.000000 0.046000
818.000000 -0.002915 0.001446 -0.005023 0.000097 7.000000 0.046000
819.000000 -0.002954 0.001483 -0.007066 0.001874 7.000000 0.046000
820.000000 -0.002968 0.001446 -0.006179 0.000969 7.000000 0.046000
821.000000 -0.003060 0.001483 -0.008306 0.000523 7.000000 0.046000
822.000000 -0.003099 0.001520 -0.010665 0.003903 7.000000 0.046000
823.000000 -0.003112 0.001484 -0.008013 0.002003 7.000000 0.046000
824.000000 -0.003178 0.001447 -0.007966 -0.002556 7.000000 0.046000
825.000000 -0.003191 0.001411 -0.007943 -0.004879 7.000000 0.046000
826.000000 -0.003217 0.001484 -0.005973 -0.000675 7.000000 0.046000
827.000000 -0.003270 0.001485 -0.006896 0.003279 7.000000 0.046000
828.000000 -0.003323 0.001485 -0.008671 0.001702 7.000000 0.046000
829.000000 -0.003375 0.001485 -0.009576 0.000899 7.000000 0.046000
830.000000 -0.003467 0.001522 -0.011962 0.002304 7.000000 0.046000
831.000000 -0.003520 0.001523 -0.013178 0.003020 7.000000 0.046000
832.000000 -0.003546 0.001450 -0.010601 -0.002036 7.000000 0.046000
833.000000 -0.003599 0.001450 -0.009287 -0.004611 7.000000 0.046000
834.000000 -0.003651 0.001450 -0.009890 -0.002314 7.000000 0.046000
835.000000 -0.003730 0.001524 -0.011467 0.002465 7.000000 0.046000
836.000000 -0.003783 0.001525 -0.012271 0.004901 7.000000 0.046000
837.000000 -0.003835 0.001525 -0.011409 0.002534 7.000000 0.046000
838.000000 -0.003888 0.001525 -0.010970 0.001328 7.000000 0.046000
839.000000 -0.003980 0.001563 -0.012670 0.002529 7.000000 0.046000
840.000000 -0.004085 0.001563 -0.016115 0.003162 7.000000 0.046000
841.000000 -0.004111 0.001490 -0.014679 -0.001940 7.000000 0.046000
842.000000 -0.004203 0.001528 -0.013291 -0.002743 7.000000 0.046000
843.000000 -0.004269 0.001491 -0.014509 -0.001336 7.000000 0.046000
844.000000 -0.004348 0.001565 -0.014472 0.001176 7.000000 0.046000
845.000000 -0.004414 0.001529 -0.014454 0.002457 7.000000 0.046000
846.000000 -0.004505 0.001567 -0.015099 0.001317 7.000000 0.046000
847.000000 -0.004610 0.001568 -0.017351 0.002553 7.000000 0.046000
848.000000 -0.004702 0.001605 -0.018496 0.003185 7.000000 0.046000
849.000000 -0.004807 0.001606 -0.019080 0.003509 7.000000 0.046000
850.000000 -0.004873 0.001570 -0.018114 0.000064 7.000000 0.046000
851.000000 -0.004979 0.001571 -0.017623 -0.001690 7.000000 0.046000
852.000000 -0.005031 0.001571 -0.016714 -0.000789 7.000000 0.046000
853.000000 -0.005123 0.001609 -0.015592 0.001466 7.000000 0.046000
854.000000 -0.005228 0.001610 -0.017599 0.002640 7.000000 0.046000
855.000000 -0.005333 0.001611 -0.019280 0.001447 7.000000 0.046000
856.000000 -0.005438 0.001612 -0.020136 0.000842 7.000000 0.046000
857.000000 -0.005569 0.001687 -0.021829 0.004149 7.000000 0.046000
858.000000 -0.005688 0.001651 -0.023353 0.004043 7.000000 0.046000
859.000000 -0.005767 0.001579 -0.021616 -0.003236 7.000000 0.046000
860.000000 -0.005872 0.001580 -0.020070 -0.005150 7.000000 0.046000
861.000000 -0.006017 0.001618 -0.022456 -0.000687 7.000000 0.046000
862.000000 -0.006108 0.001656 -0.023009 0.003381 7.000000 0.046000
863.000000 -0.006227 0.001620 -0.022037 0.001842 7.000000 0.046000
864.000000 -0.006371 0.001659 -0.024117 0.001091 7.000000 0.046000
865.000000 -0.006515 0.001697 -0.026430 0.004328 7.000000 0.046000
866.000000 -0.006673 0.001699 -0.028270 0.004189 7.000000 0.046000
867.000000 -0.006778 0.001700 -0.027293 0.002296 7.000000 0.046000
868.000000 -0.006897 0.001665 -0.024882 -0.000489 7.000000 0.046000
869.000000 -0.007055 0.001667 -0.026232 -0.001871 7.000000 0.046000
870.000000 -0.007199 0.001706 -0.028167 0.001045 7.000000 0.046000
871.000000 -0.007304 0.001707 -0.026576 0.002498 7.000000 0.046000
872.000000 -0.007462 0.001709 -0.026429 0.001452 7.000000 0.046000
873.000000 -0.007658 0.001749 -0.030842 0.002788 7.000000 0.046000
874.000000 -0.007855 0.001788 -0.035000 0.005303 7.000000 0.046000
875.000000 -0.008013 0.001790 -0.035207 0.004761 7.000000 0.046000
876.000000 -0.008170 0.001793 -0.033402 0.002662 7.000000 0.046000
877.000000 -0.008289 0.001758 -0.030575 -0.000236 7.000000 0.046000
878.000000 -0.008447 0.001760 -0.029135 -0.001707 7.000000 0.046000
879.000000 -0.008657 0.001763 -0.032888 -0.000579 7.000000 0.046000
880.000000 -0.008801 0.001802 -0.034128 0.001789 7.000000 0.046000
881.000000 -0.008959 0.001805 -0.032182 0.002958 7.000000 0.046000
882.000000 -0.009155 0.001845 -0.033765 0.003604 7.000000 0.046000
883.000000 -0.009365 0.001848 -0.037149 0.003984 7.000000 0.046000
884.000000 -0.009576 0.001852 -0.039544 0.002397 7.000000 0.046000
885.000000 -0.009786 0.001856 -0.040765 0.001597 7.000000 0.046000
886.000000 -0.009918 0.001785 -0.037584 -0.002478 7.000000 0.046000
887.000000 -0.010129 0.001789 -0.035962 -0.004545 7.000000 0.046000
888.000000 -0.010325 0.001829 -0.038266 -0.000133 7.000000 0.046000
889.000000 -0.010522 0.001869 -0.038762 0.003910 7.000000 0.046000
890.000000 -0.010732 0.001873 -0.039690 0.004191 7.000000 0.046000
891.000000 -0.010942 0.001878 -0.040838 0.002554 7.000000 0.046000
892.000000 -0.011230 0.001957 -0.045216 0.005414 7.000000 0.046000
893.000000 -0.011440 0.001961 -0.047448 0.006878 7.000000 0.046000
894.000000 -0.011664 0.001929 -0.045468 0.002167 7.000000 0.046000
895.000000 -0.011849 0.001860 -0.043247 -0.003856 7.000000 0.046000
896.000000 -0.012098 0.001902 -0.043330 -0.003285 7.000000 0.046000
897.000000 -0.012294 0.001943 -0.043905 0.002425 7.000000 0.046000
898.000000 -0.012557 0.001949 -0.044878 0.003563 7.000000 0.046000
899.000000 -0.012767 0.001954 -0.046055 0.002364 7.000000 0.046000
900.000000 -0.013030 0.001960 -0.046655 0.001767 7.000000 0.046000
901.000000 -0.013293 0.001966 -0.049537 0.001537 7.000000 0.046000
902.000000 -0.013555 0.001973 -0.051005 0.001432 7.000000 0.046000
903.000000 -0.013804 0.002016 -0.051064 0.003174 7.000000 0.046000
904.000000 -0.014042 0.001948 -0.049897 0.000440 7.000000 0.046000
905.000000 -0.014305 0.001955 -0.049988 -0.002724 7.000000 0.046000
906.000000 -0.014592 0.002036 -0.052429 0.002945 7.000000 0.046000
907.000000 -0.014855 0.002043 -0.053674 0.005846 7.000000 0.046000
908.000000 -0.015118 0.002050 -0.053108 0.003702 7.000000 0.046000
909.000000 -0.015380 0.002058 -0.052820 0.002622 7.000000 0.046000
910.000000 -0.015681 0.002103 -0.054554 0.003943 7.000000 0.046000
911.000000 -0.015958 0.002074 -0.056134 0.002848 7.000000 0.046000
912.000000 -0.016221 0.002082 -0.055054 0.000447 7.000000 0.046000
913.000000 -0.016512 0.002017 -0.055207 -0.002541 7.000000 0.046000
914.000000 -0.016827 0.002027 -0.057860 -0.003968 7.000000 0.046000
915.000000 -0.017075 0.002071 -0.057120 0.000654 7.000000 0.046000
916.000000 -0.017376 0.002117 -0.056042 0.004806 7.000000 0.046000
917.000000 -0.017692 0.002127 -0.058765 0.005242 7.000000 0.046000
918.000000 -0.018007 0.002138 -0.060849 0.003704 7.000000 0.046000
919.000000 -0.018322 0.002148 -0.061911 0.002939 7.000000 0.046000
920.000000 -0.018637 0.002159 -0.062452 0.002567 7.000000 0.046000
921.000000 -0.018952 0.002170 -0.062727 0.002395 7.000000 0.046000
922.000000 -0.019229 0.002142 -0.060998 0.000454 7.000000 0.046000
923.000000 -0.019559 0.002117 -0.060825 -0.002291 7.000000 0.046000
924.000000 -0.019859 0.002165 -0.061898 -0.000030 7.000000 0.046000
925.000000 -0.020189 0.002140 -0.062449 0.001143 7.000000 0.046000
926.000000 -0.020542 0.002190 -0.065298 0.001858 7.000000 0.046000
927.000000 -0.020857 0.002202 -0.066043 0.004015 7.000000 0.046000
928.000000 -0.021210 0.002252 -0.066415 0.005138 7.000000 0.046000
929.000000 -0.021578 0.002267 -0.069179 0.005835 7.000000 0.046000
930.000000 -0.021893 0.002279 -0.068723 0.004331 7.000000 0.046000
931.000000 -0.022185 0.002217 -0.064774 -0.000173 7.000000 0.046000
932.000000 -0.022552 0.002232 -0.065335 -0.002338 7.000000 0.046000
933.000000 -0.022905 0.002284 -0.068624 0.002110 7.000000 0.046000
934.000000 -0.023235 0.002261 -0.068444 0.002516 7.000000 0.046000
935.000000 -0.023603 0.002277 -0.069067 0.000977 7.000000 0.046000
936.000000 -0.023970 0.002293 -0.071241 0.002099 7.000000 0.046000
937.000000 -0.024338 0.002309 -0.072347 0.002696 7.000000 0.046000
938.000000 -0.024743 0.002364 -0.074758 0.004915 7.000000 0.046000
939.000000 -0.025073 0.002342 -0.074139 0.004178 7.000000 0.046000
940.000000 -0.025403 0.002321 -0.070122 0.000047 7.000000 0.046000
941.000000 -0.025770 0.002338 -0.069926 -0.000145 7.000000 0.046000
942.000000 -0.026138 0.002355 -0.071675 0.001671 7.000000 0.046000
943.000000 -0.026520 0.002337 -0.073296 0.000855 7.000000 0.046000
944.000000 -0.026925 0.002393 -0.075961 0.002362 7.000000 0.046000
945.000000 -0.027293 0.002411 -0.076591 0.004920 7.000000 0.046000
946.000000 -0.027660 0.002430 -0.075064 0.004354 7.000000 0.046000
947.000000 -0.028080 0.002451 -0.076859 0.004228 7.000000 0.046000
948.000000 -0.028425 0.002396 -0.076675 0.000521 7.000000 0.046000
949.000000 -0.028793 0.002415 -0.074004 -0.001476 7.000000 0.046000
950.000000 -0.029213 0.002437 -0.076323 0.001337 7.000000 0.046000
951.000000 -0.029580 0.002457 -0.077501 0.002793 7.000000 0.046000
952.000000 -0.030000 0.002480 -0.078100 0.003569 7.000000 0.046000
953.000000 -0.030368 0.002500 -0.078403 0.003987 7.000000 0.046000
954.000000 -0.030750 0.002484 -0.076728 0.002322 7.000000 0.046000
955.000000 -0.031170 0.002508 -0.078446 0.001651 7.000000 0.046000
956.000000 -0.031590 0.002532 -0.081152 0.003248 7.000000 0.046000
957.000000 -0.031972 0.002518 -0.080705 0.002179 7.000000 0.046000
958.000000 -0.032340 0.002539 -0.077900 0.001508 7.000000 0.046000
959.000000 -0.032760 0.002564 -0.078297 0.003109 7.000000 0.046000
960.000000 -0.033142 0.002551 -0.079252 0.002191 7.000000 0.046000
961.000000 -0.033562 0.002576 -0.079735 0.001757 7.000000 0.046000
962.000000 -0.033967 0.002638 -0.081046 0.005237 7.000000 0.046000
963.000000 -0.034350 0.002625 -0.079897 0.005120 7.000000 0.046000
964.000000 -0.034806 0.002691 -0.081875 0.005261 7.000000 0.046000
965.000000 -0.035226 0.002717 -0.084701 0.007283 7.000000 0.046000
966.000000 -0.035572 0.002666 -0.080699 0.002570 7.000000 0.046000
967.000000 -0.036007 0.002658 -0.079421 -0.001549 7.000000 0.046000
968.000000 -0.036427 0.002686 -0.082398 0.000229 7.000000 0.046000
969.000000 -0.036831 0.002750 -0.082385 0.004671 7.000000 0.046000
970.000000 -0.037214 0.002739 -0.080572 0.005034 7.000000 0.046000
971.000000 -0.037634 0.002767 -0.080407 0.003499 7.000000 0.046000
972.000000 -0.038090 0.002836 -0.083932 0.006612 7.000000 0.046000
973.000000 -0.038510 0.002865 -0.085726 0.008230 7.000000 0.046000
974.000000 -0.038930 0.002895 -0.084831 0.007155 7.000000 0.046000
975.000000 -0.039328 0.002850 -0.083350 0.002952 7.000000 0.046000
976.000000 -0.039763 0.002844 -0.083369 -0.000903 7.000000 0.046000
977.000000 -0.040183 0.002875 -0.084407 0.000848 7.000000 0.046000
978.000000 -0.040571 0.002977 -0.082604 0.007009 7.000000 0.046000
979.000000 -0.041007 0.002973 -0.082463 0.008436 7.000000 0.046000
980.000000 -0.041426 0.003005 -0.083936 0.005701 7.000000 0.046000
981.000000 -0.041882 0.003076 -0.085697 0.008033 7.000000 0.046000
982.000000 -0.042302 0.003108 -0.086593 0.009252 7.000000 0.046000
983.000000 -0.042737 0.003105 -0.086039 0.006220 7.000000 0.046000
984.000000 -0.043136 0.003063 -0.084758 0.001012 7.000000 0.046000
985.000000 -0.043592 0.003136 -0.085102 0.002088 7.000000 0.046000
986.000000 -0.044011 0.003170 -0.086282 0.006357 7.000000 0.046000
987.000000 -0.044415 0.003239 -0.084301 0.008354 7.000000 0.046000
988.000000 -0.044886 0.003278 -0.085859 0.009623 7.000000 0.046000
989.000000 -0.045306 0.003312 -0.087437 0.008557 7.000000 0.046000
990.000000 -0.045761 0.003387 -0.087443 0.009795 7.000000 0.046000
991.000000 -0.046197 0.003387 -0.088241 0.008718 7.000000 0.046000
992.000000 -0.046632 0.003387 -0.087663 0.004508 7.000000 0.046000
993.000000 -0.047051 0.003423 -0.086573 0.004133 7.000000 0.046000
994.000000 -0.047471 0.003459 -0.085222 0.005711 7.000000 0.046000
995.000000 -0.047906 0.003460 -0.085332 0.004811 7.000000 0.046000
996.000000 -0.048345 0.003573 -0.086346 0.008086 7.000000 0.046000
997.000000 -0.048817 0.003615 -0.088631 0.011760 7.000000 0.046000
998.000000 -0.049236 0.003652 -0.088822 0.009962 7.000000 0.046000
999.000000 -0.049707 0.003695 -0.088915 0.009088 7.000000 0.046000
1000.000000 -0.050142 0.003698 -0.089770 0.006940 7.000000 0.046000
1001.000000 -0.050597 0.003777 -0.089390 0.007618 7.000000 0.046000
1002.000000 -0.050997 0.003740 -0.087447 0.006019 7.000000 0.046000
1003.000000 -0.051468 0.003784 -0.087258 0.003514 7.000000 0.046000
1004.000000 -0.051923 0.003864 -0.089863 0.007952 7.000000 0.046000
1005.000000 -0.052325 0.003939 -0.087804 0.011728 7.000000 0.046000
1006.000000 -0.052777 0.003909 -0.086630 0.008253 7.000000 0.046000
1007.000000 -0.053248 0.003955 -0.089406 0.005041 7.000000 0.046000
1008.000000 -0.053703 0.004036 -0.090937 0.008880 7.000000 0.046000
1009.000000 -0.054122 0.004078 -0.089147 0.010613 7.000000 0.046000
1010.000000 -0.054593 0.004124 -0.089046 0.009810 7.000000 0.046000
1011.000000 -0.055028 0.004131 -0.089818 0.007706 7.000000 0.046000
1012.000000 -0.055499 0.004179 -0.090206 0.006676 7.000000 0.046000
1013.000000 -0.055918 0.004222 -0.089580 0.007906 7.000000 0.046000
1014.000000 -0.056353 0.004230 -0.087521 0.006580 7.000000 0.046000
1015.000000 -0.056807 0.004314 -0.088202 0.007930 7.000000 0.046000
1016.000000 -0.057278 0.004363 -0.090286 0.010649 7.000000 0.046000
1017.000000 -0.057749 0.004412 -0.092169 0.010353 7.000000 0.046000
1018.000000 -0.058184 0.004422 -0.091395 0.008241 7.000000 0.046000
1019.000000 -0.058638 0.004507 -0.090159 0.008924 7.000000 0.046000
1020.000000 -0.059073 0.004517 -0.089535 0.009305 7.000000 0.046000
1021.000000 -0.059526 0.004493 -0.089158 0.004099 7.000000 0.046000
1022.000000 -0.059979 0.004579 -0.089851 0.005202 7.000000 0.046000
1023.000000 -0.060433 0.004666 -0.090252 0.011239 7.000000 0.046000
1024.000000 -0.060868 0.004678 -0.089569 0.010628 7.000000 0.046000
1025.000000 -0.061339 0.004731 -0.090052 0.008640 7.000000 0.046000
1026.000000 -0.061809 0.004784 -0.092019 0.009673 7.000000 0.046000
1027.000000 -0.062279 0.004837 -0.093017 0.010239 7.000000 0.046000
1028.000000 -0.062750 0.004891 -0.093520 0.010568 7.000000 0.046000
1029.000000 -0.063167 0.004829 -0.091202 0.005032 7.000000 0.046000
1030.000000 -0.063620 0.004918 -0.089160 0.003963 7.000000 0.046000
1031.000000 -0.064074 0.005008 -0.089848 0.010904 7.000000 0.046000
1032.000000 -0.064544 0.005064 -0.091041 0.012769 7.000000 0.046000
1033.000000 -0.065014 0.005120 -0.092493 0.012048 7.000000 0.046000
1034.000000 -0.065484 0.005176 -0.093228 0.011721 7.000000 0.046000
1035.000000 -0.065954 0.005233 -0.093598 0.011594 7.000000 0.046000
1036.000000 -0.066389 0.005248 -0.092083 0.009543 7.000000 0.046000
1037.000000 -0.066859 0.005306 -0.091305 0.008539 7.000000 0.046000
1038.000000 -0.067295 0.005323 -0.090913 0.008059 7.000000 0.046000
1039.000000 -0.067782 0.005346 -0.091573 0.006153 7.000000 0.046000
1040.000000 -0.068269 0.005481 -0.094428 0.010981 7.000000 0.046000
1041.000000 -0.068739 0.005540 -0.095018 0.015186 7.000000 0.046000
1042.000000 -0.069209 0.005599 -0.094477 0.013636 7.000000 0.046000
1043.000000 -0.069696 0.005625 -0.095070 0.011186 7.000000 0.046000
1044.000000 -0.070166 0.005685 -0.095366 0.009977 7.000000 0.046000
1045.000000 -0.070635 0.005746 -0.094645 0.011103 7.000000 0.046000
1046.000000 -0.071105 0.005807 -0.094271 0.011716 7.000000 0.046000
1047.000000 -0.071592 0.005834 -0.094954 0.010371 7.000000 0.046000
1048.000000 -0.072096 0.005937 -0.096973 0.011769 7.000000 0.046000
1049.000000 -0.072566 0.006000 -0.097124 0.014220 7.000000 0.046000
1050.000000 -0.073053 0.006028 -0.096394 0.011774 7.000000 0.046000
1051.000000 -0.073522 0.006091 -0.096017 0.010566 7.000000 0.046000
1052.000000 -0.074044 0.006162 -0.097497 0.012045 7.000000 0.046000
1053.000000 -0.074531 0.006191 -0.099133 0.011144 7.000000 0.046000
1054.000000 -0.075034 0.006298 -0.099069 0.012427 7.000000 0.046000
1055.000000 -0.075537 0.006404 -0.099814 0.016869 7.000000 0.046000
1056.000000 -0.076009 0.006359 -0.098638 0.011686 7.000000 0.046000
1057.000000 -0.076530 0.006432 -0.098915 0.007402 7.000000 0.046000
1058.000000 -0.077033 0.006540 -0.100604 0.012753 7.000000 0.046000
1059.000000 -0.077520 0.006572 -0.099801 0.013469 7.000000 0.046000
1060.000000 -0.078041 0.006647 -0.100273 0.012193 7.000000 0.046000
1061.000000 -0.078562 0.006722 -0.102169 0.013649 7.000000 0.046000
1062.000000 -0.079116 0.006840 -0.104778 0.016507 7.000000 0.046000
1063.000000 -0.079621 0.006839 -0.105356 0.014260 7.000000 0.046000
1064.000000 -0.080108 0.006874 -0.102338 0.009035 7.000000 0.046000
1065.000000 -0.080629 0.006951 -0.101548 0.010171 7.000000 0.046000
1066.000000 -0.081168 0.006994 -0.103700 0.011182 7.000000 0.046000
1067.000000 -0.081704 0.007149 -0.105517 0.015500 7.000000 0.046000
1068.000000 -0.082243 0.007193 -0.106445 0.017753 7.000000 0.046000
1069.000000 -0.082782 0.007238 -0.107081 0.013520 7.000000 0.046000
1070.000000 -0.083302 0.007317 -0.106490 0.013093 7.000000 0.046000
1071.000000 -0.083874 0.007405 -0.107822 0.015010 7.000000 0.046000
1072.000000 -0.084413 0.007452 -0.109413 0.014358 7.000000 0.046000
1073.000000 -0.084952 0.007499 -0.108584 0.012003 7.000000 0.046000
1074.000000 -0.085524 0.007589 -0.109788 0.012941 7.000000 0.046000
1075.000000 -0.086081 0.007603 -0.111327 0.011799 7.000000 0.046000
1076.000000 -0.086583 0.007720 -0.108623 0.012530 7.000000 0.046000
1077.000000 -0.087154 0.007811 -0.107948 0.016722 7.000000 0.046000
1078.000000 -0.087745 0.007869 -0.111993 0.015983 7.000000 0.046000
1079.000000 -0.088284 0.007920 -0.112428 0.013573 7.000000 0.046000
1080.000000 -0.088888 0.008056 -0.113327 0.016173 7.000000 0.046000
1081.000000 -0.089446 0.008073 -0.114723 0.015882 7.000000 0.046000
1082.000000 -0.089984 0.008125 -0.112193 0.011604 7.000000 0.046000
1083.000000 -0.090575 0.008186 -0.112520 0.011582 7.000000 0.046000
1084.000000 -0.091132 0.008205 -0.113627 0.009958 7.000000 0.046000
1085.000000 -0.091684 0.008336 -0.112301 0.012519 7.000000 0.046000
1086.000000 -0.092307 0.008441 -0.114835 0.018091 7.000000 0.046000
1087.000000 -0.092865 0.008462 -0.116401 0.015556 7.000000 0.046000
1088.000000 -0.093436 0.008561 -0.114639 0.013888 7.000000 0.046000
1089.000000 -0.094026 0.008625 -0.115346 0.015204 7.000000 0.046000
1090.000000 -0.094616 0.008691 -0.116646 0.014276 7.000000 0.046000
1091.000000 -0.095174 0.008714 -0.115717 0.011753 7.000000 0.046000
1092.000000 -0.095783 0.008747 -0.116196 0.008879 7.000000 0.046000
1093.000000 -0.096354 0.008849 -0.117074 0.011238 7.000000 0.046000
1094.000000 -0.096925 0.008951 -0.115607 0.015814 7.000000 0.046000
1095.000000 -0.097515 0.009019 -0.115809 0.016553 7.000000 0.046000
1096.000000 -0.098105 0.009089 -0.116862 0.015337 7.000000 0.046000
1097.000000 -0.098747 0.009168 -0.119938 0.015258 7.000000 0.046000
1098.000000 -0.099336 0.009239 -0.121502 0.015279 7.000000 0.046000
1099.000000 -0.099926 0.009310 -0.119752 0.014887 7.000000 0.046000
1100.000000 -0.100504 0.009306 -0.118261 0.010975 7.000000 0.046000
1101.000000 -0.101093 0.009378 -0.117495 0.009046 7.000000 0.046000
1102.000000 -0.101703 0.009418 -0.118688 0.010255 7.000000 0.046000
1103.000000 -0.102273 0.009526 -0.118311 0.012575 7.000000 0.046000
1104.000000 -0.102895 0.009644 -0.118705 0.017603 7.000000 0.046000
1105.000000 -0.103504 0.009685 -0.120855 0.016942 7.000000 0.046000
1106.000000 -0.104094 0.009761 -0.120378 0.014538 7.000000 0.046000
1107.000000 -0.104704 0.009804 -0.120143 0.013382 7.000000 0.046000
1108.000000 -0.105313 0.009848 -0.121005 0.011220 7.000000 0.046000
1109.000000 -0.105903 0.009926 -0.120459 0.011821 7.000000 0.046000
1110.000000 -0.106512 0.009971 -0.120186 0.012196 7.000000 0.046000
1111.000000 -0.107102 0.010051 -0.120040 0.012448 7.000000 0.046000
1112.000000 -0.107691 0.010131 -0.118975 0.014277 7.000000 0.046000
1113.000000 -0.108301 0.010178 -0.119425 0.013642 7.000000 0.046000
1114.000000 -0.108911 0.010226 -0.120647 0.011752 7.000000 0.046000
1115.000000 -0.109552 0.010318 -0.122808 0.013012 7.000000 0.046000
1116.000000 -0.110141 0.010401 -0.122910 0.015347 7.000000 0.046000
1117.000000 -0.110771 0.010417 -0.122431 0.012833 7.000000 0.046000
1118.000000 -0.111350 0.010424 -0.121659 0.007830 7.000000 0.046000
1119.000000 -0.111939 0.010509 -0.119259 0.008601 7.000000 0.046000
1120.000000 -0.112549 0.010561 -0.119575 0.011216 7.000000 0.046000
1121.000000 -0.113170 0.010691 -0.121248 0.014773 7.000000 0.046000
1122.000000 -0.113779 0.010744 -0.122105 0.016654 7.000000 0.046000
1123.000000 -0.114358 0.010754 -0.120507 0.011733 7.000000 0.046000
1124.000000 -0.114999 0.010853 -0.121210 0.011462 7.000000 0.046000
1125.000000 -0.115578 0.010864 -0.121584 0.011383 7.000000 0.046000
1126.000000 -0.116188 0.010921 -0.120254 0.009250 7.000000 0.046000
1127.000000 -0.116798 0.010978 -0.121098 0.010395 7.000000 0.046000
1128.000000 -0.117377 0.010991 -0.120025 0.008873 7.000000 0.046000
1129.000000 -0.117966 0.011082 -0.118449 0.009777 7.000000 0.046000
1130.000000 -0.118576 0.011141 -0.119161 0.012475 7.000000 0.046000
1131.000000 -0.119155 0.011156 -0.119049 0.010126 7.000000 0.046000
1132.000000 -0.119766 0.011217 -0.118993 0.008999 7.000000 0.046000
1133.000000 -0.120376 0.011277 -0.120473 0.010667 7.000000 0.046000
1134.000000 -0.120934 0.011328 -0.118696 0.011006 7.000000 0.046000
1135.000000 -0.121535 0.011313 -0.117343 0.007462 7.000000 0.046000
1136.000000 -0.122094 0.011364 -0.116654 0.005711 7.000000 0.046000
1137.000000 -0.122673 0.011383 -0.115280 0.006487 7.000000 0.046000
1138.000000 -0.123232 0.011436 -0.114580 0.006938 7.000000 0.046000
1139.000000 -0.123842 0.011500 -0.115717 0.009421 7.000000 0.046000
1140.000000 -0.124422 0.011521 -0.117349 0.009146 7.000000 0.046000
1141.000000 -0.124951 0.011531 -0.114171 0.006284 7.000000 0.046000
1142.000000 -0.125561 0.011598 -0.114038 0.007084 7.000000 0.046000
1143.000000 -0.126142 0.011621 -0.116514 0.008143 7.000000 0.046000
1144.000000 -0.126671 0.011632 -0.113772 0.005949 7.000000 0.046000
1145.000000 -0.127221 0.011612 -0.110915 0.002698 7.000000 0.046000
1146.000000 -0.127780 0.011669 -0.110937 0.003290 7.000000 0.046000
1147.000000 -0.128318 0.011759 -0.110307 0.009023 7.000000 0.046000
1148.000000 -0.128868 0.011741 -0.109589 0.008214 7.000000 0.046000
1149.000000 -0.129428 0.011799 -0.110279 0.006268 7.000000 0.046000
1150.000000 -0.129979 0.011782 -0.110654 0.005334 7.000000 0.046000
1151.000000 -0.130538 0.011842 -0.110843 0.004916 7.000000 0.046000
1152.000000 -0.131097 0.011903 -0.111343 0.008549 7.000000 0.046000
1153.000000 -0.131649 0.011887 -0.111219 0.006669 7.000000 0.046000
1154.000000 -0.132148 0.011859 -0.108250 0.001348 7.000000 0.046000
1155.000000 -0.132678 0.011876 -0.105677 0.000273 7.000000 0.046000
1156.000000 -0.133186 0.011926 -0.104753 0.003558 7.000000 0.046000
1157.000000 -0.133716 0.011945 -0.104292 0.005285 7.000000 0.046000
1158.000000 -0.134246 0.011964 -0.105141 0.004637 7.000000 0.046000
1159.000000 -0.134777 0.011983 -0.105583 0.004360 7.000000 0.046000
1160.000000 -0.135307 0.012003 -0.105817 0.004271 7.000000 0.046000
1161.000000 -0.135837 0.012024 -0.105946 0.004278 7.000000 0.046000
1162.000000 -0.136316 0.012032 -0.103492 0.003684 7.000000 0.046000
1163.000000 -0.136817 0.012009 -0.100814 0.001214 7.000000 0.046000
1164.000000 -0.137341 0.011954 -0.101648 -0.003136 7.000000 0.046000
1165.000000 -0.137827 0.012040 -0.101328 0.000047 7.000000 0.046000
1166.000000 -0.138306 0.012050 -0.098999 0.004851 7.000000 0.046000
1167.000000 -0.138837 0.012074 -0.100000 0.004215 7.000000 0.046000
1168.000000 -0.139317 0.012085 -0.100520 0.003931 7.000000 0.046000
1169.000000 -0.139819 0.012064 -0.099368 0.001615 7.000000 0.046000
1170.000000 -0.140321 0.012044 -0.099894 -0.001083 7.000000 0.046000
1171.000000 -0.140830 0.012101 -0.100495 0.001378 7.000000 0.046000
1172.000000 -0.141303 0.012037 -0.099399 0.000450 7.000000 0.046000
1173.000000 -0.141783 0.012050 -0.097418 -0.002207 7.000000 0.046000
1174.000000 -0.142241 0.012095 -0.095630 0.001823 7.000000 0.046000
1175.000000 -0.142743 0.012077 -0.095841 0.002367 7.000000 0.046000
1176.000000 -0.143195 0.012046 -0.095647 -0.001106 7.000000 0.046000
1177.000000 -0.143653 0.012093 -0.093332 0.000276 7.000000 0.046000
1178.000000 -0.144156 0.012076 -0.094700 0.001705 7.000000 0.046000
1179.000000 -0.144607 0.012046 -0.095105 -0.001316 7.000000 0.046000
1180.000000 -0.145059 0.012017 -0.092799 -0.003496 7.000000 0.046000
1181.000000 -0.145534 0.011956 -0.092762 -0.006114 7.000000 0.046000
1182.000000 -0.145964 0.011959 -0.091633 -0.005865 7.000000 0.046000
1183.000000 -0.146422 0.012008 -0.090235 -0.000364 7.000000 0.046000
1184.000000 -0.146874 0.011980 -0.090657 0.000929 7.000000 0.046000
1185.000000 -0.147304 0.011985 -0.089470 -0.000617 7.000000 0.046000
1186.000000 -0.147757 0.011957 -0.088882 -0.001364 7.000000 0.046000
1187.000000 -0.148210 0.011931 -0.089722 -0.003251 7.000000 0.046000
1188.000000 -0.148663 0.011905 -0.090165 -0.004173 7.000000 0.046000
1189.000000 -0.149064 0.011864 -0.087876 -0.005312 7.000000 0.046000
1190.000000 -0.149517 0.011839 -0.086724 -0.005852 7.000000 0.046000
1191.000000 -0.149942 0.011768 -0.087290 -0.007633 7.000000 0.046000
1192.000000 -0.150350 0.011806 -0.085312 -0.005433 7.000000 0.046000
1193.000000 -0.150803 0.011782 -0.085719 -0.002026 7.000000 0.046000
1194.000000 -0.151234 0.011789 -0.087066 -0.001793 7.000000 0.046000
1195.000000 -0.151660 0.011720 -0.086382 -0.003885 7.000000 0.046000
1196.000000 -0.152062 0.011682 -0.084653 -0.007169 7.000000 0.046000
1197.000000 -0.152465 0.011644 -0.082648 -0.007277 7.000000 0.046000
1198.000000 -0.152891 0.011576 -0.082789 -0.008829 7.000000 0.046000
1199.000000 -0.153317 0.011508 -0.084024 -0.011114 7.000000 0.046000
1200.000000 -0.153721 0.011471 -0.083522 -0.010718 7.000000 0.046000
1201.000000 -0.154100 0.011466 -0.080980 -0.007432 7.000000 0.046000
1202.000000 -0.154527 0.011400 -0.080854 -0.007248 7.000000 0.046000
1203.000000 -0.154959 0.011410 -0.083327 -0.006394 7.000000 0.046000
1204.000000 -0.155363 0.011375 -0.083452 -0.004401 7.000000 0.046000
1205.000000 -0.155790 0.011309 -0.083307 -0.007128 7.000000 0.046000
1206.000000 -0.156194 0.011274 -0.083246 -0.008487 7.000000 0.046000
1207.000000 -0.156542 0.011148 -0.079331 -0.012146 7.000000 0.046000
1208.000000 -0.156970 0.011083 -0.078511 -0.015494 7.000000 0.046000
1209.000000 -0.157375 0.011050 -0.080859 -0.012653 7.000000 0.046000
1210.000000 -0.157756 0.011048 -0.079742 -0.008141 7.000000 0.046000
1211.000000 -0.158156 0.010938 -0.078987 -0.009586 7.000000 0.046000
1212.000000 -0.158561 0.010905 -0.079775 -0.011807 7.000000 0.046000
1213.000000 -0.158966 0.010873 -0.080399 -0.009130 7.000000 0.046000
1214.000000 -0.159395 0.010810 -0.081901 -0.009243 7.000000 0.046000
1215.000000 -0.159800 0.010778 -0.082679 -0.009269 7.000000 0.046000
1216.000000 -0.160150 0.010655 -0.079199 -0.012273 7.000000 0.046000
1217.000000 -0.160580 0.010593 -0.078614 -0.015276 7.000000 0.046000
1218.000000 -0.160958 0.010516 -0.079699 -0.014514 7.000000 0.046000
1219.000000 -0.161312 0.010470 -0.076554 -0.013350 7.000000 0.046000
1220.000000 -0.161691 0.010394 -0.074970 -0.012728 7.000000 0.046000
1221.000000 -0.162121 0.010334 -0.077895 -0.013120 7.000000 0.046000
1222.000000 -0.162500 0.010258 -0.079403 -0.013291 7.000000 0.046000
1223.000000 -0.162906 0.010229 -0.079006 -0.011841 7.000000 0.046000
1224.000000 -0.163310 0.010124 -0.080009 -0.012571 7.000000 0.046000
1225.000000 -0.163661 0.010003 -0.077829 -0.017458 7.000000 0.046000
1226.000000 -0.164041 0.009928 -0.075553 -0.018417 7.000000 0.046000
1227.000000 -0.164448 0.009900 -0.077116 -0.014332 7.000000 0.046000
1228.000000 -0.164804 0.009857 -0.076737 -0.010730 7.000000 0.046000
1229.000000 -0.165184 0.009784 -0.075209 -0.011136 7.000000 0.046000
1230.000000 -0.165561 0.009634 -0.075486 -0.016577 7.000000 0.046000
1231.000000 -0.165969 0.009607 -0.076990 -0.017043 7.000000 0.046000
1232.000000 -0.166349 0.009534 -0.077933 -0.013484 7.000000 0.046000
1233.000000 -0.166730 0.009462 -0.077082 -0.013915 7.000000 0.046000
1234.000000 -0.167108 0.009313 -0.076526 -0.017870 7.000000 0.046000
1235.000000 -0.167489 0.009242 -0.076259 -0.019856 7.000000 0.046000
1236.000000 -0.167871 0.009170 -0.076289 -0.017073 7.000000 0.046000
1237.000000 -0.168252 0.009099 -0.076321 -0.015626 7.000000 0.046000
1238.000000 -0.168610 0.009059 -0.075147 -0.013378 7.000000 0.046000
1239.000000 -0.168991 0.008988 -0.074567 -0.012202 7.000000 0.046000
1240.000000 -0.169425 0.008934 -0.078036 -0.012255 7.000000 0.046000
1241.000000 -0.169808 0.008864 -0.079822 -0.012253 7.000000 0.046000
1242.000000 -0.170190 0.008795 -0.078205 -0.013020 7.000000 0.046000
1243.000000 -0.170570 0.008649 -0.077282 -0.017141 7.000000 0.046000
1244.000000 -0.170926 0.008533 -0.075495 -0.021497 7.000000 0.046000
1245.000000 -0.171259 0.008525 -0.072294 -0.016979 7.000000 0.046000
1246.000000 -0.171667 0.008426 -0.073234 -0.013836 7.000000 0.046000
1247.000000 -0.172051 0.008358 -0.076154 -0.015159 7.000000 0.046000
1248.000000 -0.172409 0.008320 -0.075224 -0.012857 7.000000 0.046000
1249.000000 -0.172845 0.008270 -0.077316 -0.010834 7.000000 0.046000
1250.000000 -0.173229 0.008202 -0.079616 -0.011248 7.000000 0.046000
1251.000000 -0.173588 0.008165 -0.077032 -0.010776 7.000000 0.046000
1252.000000 -0.173945 0.008052 -0.074412 -0.012796 7.000000 0.046000
1253.000000 -0.174381 0.008003 -0.076864 -0.014438 7.000000 0.046000
1254.000000 -0.174716 0.007997 -0.076997 -0.010033 7.000000 0.046000
1255.000000 -0.175101 0.007931 -0.074535 -0.008577 7.000000 0.046000
1256.000000 -0.175486 0.007865 -0.075748 -0.010740 7.000000 0.046000
1257.000000 -0.175871 0.007800 -0.076384 -0.011811 7.000000 0.046000
1258.000000 -0.176258 0.007812 -0.076806 -0.008574 7.000000 0.046000
1259.000000 -0.176668 0.007718 -0.078276 -0.008352 7.000000 0.046000
1260.000000 -0.177056 0.007730 -0.079027 -0.008211 7.000000 0.046000
1261.000000 -0.177414 0.007620 -0.076886 -0.008945 7.000000 0.046000
1262.000000 -0.177827 0.007603 -0.077039 -0.010745 7.000000 0.046000
1263.000000 -0.178188 0.007569 -0.077209 -0.007886 7.000000 0.046000
1264.000000 -0.178601 0.007553 -0.077307 -0.006395 7.000000 0.046000
1265.000000 -0.178989 0.007567 -0.078674 -0.003313 7.000000 0.046000
1266.000000 -0.179375 0.007505 -0.078078 -0.004008 7.000000 0.046000
1267.000000 -0.179788 0.007489 -0.079026 -0.005782 7.000000 0.046000
1268.000000 -0.180176 0.007504 -0.079582 -0.002909 7.000000 0.046000
1269.000000 -0.180563 0.007443 -0.078576 -0.003713 7.000000 0.046000
1270.000000 -0.180950 0.007381 -0.078018 -0.007841 7.000000 0.046000
1271.000000 -0.181339 0.007397 -0.077799 -0.006169 7.000000 0.046000
1272.000000 -0.181727 0.007413 -0.077751 -0.001540 7.000000 0.046000
1273.000000 -0.182114 0.007353 -0.077689 -0.002900 7.000000 0.046000
1274.000000 -0.182503 0.007369 -0.077662 -0.003564 7.000000 0.046000
1275.000000 -0.182892 0.007386 -0.077705 -0.000128 7.000000 0.046000
1276.000000 -0.183333 0.007421 -0.080283 0.002521 7.000000 0.046000
1277.000000 -0.183747 0.007409 -0.082862 0.002462 7.000000 0.046000
1278.000000 -0.184110 0.007379 -0.080341 -0.000713 7.000000 0.046000
1279.000000 -0.184498 0.007321 -0.077780 -0.004605 7.000000 0.046000
1280.000000 -0.184887 0.007339 -0.077773 -0.004255 7.000000 0.046000
1281.000000 -0.185250 0.007387 -0.076545 0.001128 7.000000 0.046000
1282.000000 -0.185665 0.007377 -0.077192 0.002469 7.000000 0.046000
1283.000000 -0.186080 0.007366 -0.080055 0.000315 7.000000 0.046000
1284.000000 -0.186470 0.007386 -0.080257 0.000680 7.000000 0.046000
1285.000000 -0.186859 0.007406 -0.079102 0.002328 7.000000 0.046000
1286.000000 -0.187275 0.007473 -0.079798 0.005510 7.000000 0.046000
1287.000000 -0.187665 0.007493 -0.080160 0.007159 7.000000 0.046000
1288.000000 -0.188028 0.007467 -0.077790 0.003399 7.000000 0.046000
1289.000000 -0.188418 0.007488 -0.076588 0.001513 7.000000 0.046000
1290.000000 -0.188782 0.007462 -0.075989 0.000576 7.000000 0.046000
1291.000000 -0.189171 0.007483 -0.075689 0.000128 7.000000 0.046000
1292.000000 -0.189535 0.007534 -0.075542 0.003663 7.000000 0.046000
1293.000000 -0.189925 0.007556 -0.075473 0.005494 7.000000 0.046000
1294.000000 -0.190341 0.007625 -0.077987 0.007352 7.000000 0.046000
1295.000000 -0.190732 0.007648 -0.079275 0.008327 7.000000 0.046000
1296.000000 -0.191122 0.007671 -0.078665 0.006536 7.000000 0.046000
1297.000000 -0.191486 0.007647 -0.077095 0.003329 7.000000 0.046000
1298.000000 -0.191850 0.007699 -0.075015 0.003138 7.000000 0.046000
1299.000000 -0.192188 0.007781 -0.072659 0.008215 7.000000 0.046000
1300.000000 -0.192579 0.007805 -0.072746 0.009414 7.000000 0.046000
1301.000000 -0.192917 0.007811 -0.072814 0.006308 7.000000 0.046000
1302.000000 -0.193281 0.007864 -0.071565 0.006165 7.000000 0.046000
1303.000000 -0.193671 0.007965 -0.073451 0.010766 7.000000 0.046000
1304.000000 -0.194010 0.007972 -0.073158 0.010807 7.000000 0.046000
1305.000000 -0.194375 0.007950 -0.071785 0.004795 7.000000 0.046000
1306.000000 -0.194739 0.008004 -0.072346 0.004080 7.000000 0.046000
1307.000000 -0.195052 0.008040 -0.070055 0.006552 7.000000 0.046000
1308.000000 -0.195390 0.008123 -0.067593 0.009241 7.000000 0.046000
1309.000000 -0.195754 0.008179 -0.068887 0.011555 7.000000 0.046000
1310.000000 -0.196066 0.008215 -0.068293 0.010423 7.000000 0.046000
1311.000000 -0.196404 0.008299 -0.066694 0.011273 7.000000 0.046000
1312.000000 -0.196717 0.008336 -0.065882 0.011724 7.000000 0.046000
1313.000000 -0.197056 0.008345 -0.065519 0.008242 7.000000 0.046000
1314.000000 -0.197395 0.008353 -0.066637 0.005086 7.000000 0.046000
1315.000000 -0.197707 0.008391 -0.065912 0.004898 7.000000 0.046000
1316.000000 -0.197994 0.008457 -0.062942 0.007619 7.000000 0.046000
1317.000000 -0.198280 0.008524 -0.060128 0.010421 7.000000 0.046000
1318.000000 -0.198618 0.008609 -0.061236 0.012802 7.000000 0.046000
1319.000000 -0.198930 0.008647 -0.063104 0.012634 7.000000 0.046000
1320.000000 -0.199216 0.008714 -0.061508 0.011627 7.000000 0.046000
1321.000000 -0.199554 0.008801 -0.061934 0.013471 7.000000 0.046000
1322.000000 -0.199840 0.008868 -0.062149 0.014423 7.000000 0.046000
1323.000000 -0.200154 0.008831 -0.061097 0.008861 7.000000 0.046000
1324.000000 -0.200415 0.008851 -0.059323 0.003702 7.000000 0.046000
1325.000000 -0.200701 0.008918 -0.057044 0.006214 7.000000 0.046000
1326.000000 -0.200935 0.008967 -0.054574 0.008895 7.000000 0.046000
1327.000000 -0.201194 0.009063 -0.052001 0.011667 7.000000 0.046000
1328.000000 -0.201482 0.009055 -0.053315 0.010310 7.000000 0.046000
1329.000000 -0.201741 0.009152 -0.053978 0.009630 7.000000 0.046000
1330.000000 -0.202027 0.009220 -0.054237 0.013030 7.000000 0.046000
1331.000000 -0.202261 0.009270 -0.053137 0.012430 7.000000 0.046000
1332.000000 -0.202497 0.009243 -0.050123 0.007455 7.000000 0.046000
1333.000000 -0.202758 0.009264 -0.049901 0.003544 7.000000 0.046000
1334.000000 -0.203017 0.009361 -0.050929 0.007634 7.000000 0.046000
1335.000000 -0.203251 0.009411 -0.050138 0.011115 7.000000 0.046000
1336.000000 -0.203459 0.009489 -0.047188 0.011939 7.000000 0.046000
1337.000000 -0.203693 0.009539 -0.045686 0.012369 7.000000 0.046000
1338.000000 -0.203902 0.009541 -0.045014 0.008867 7.000000 0.046000
1339.000000 -0.204134 0.009667 -0.044572 0.010821 7.000000 0.046000
1340.000000 -0.204343 0.009669 -0.044351 0.011825 7.000000 0.046000
1341.000000 -0.204552 0.009671 -0.043113 0.006271 7.000000 0.046000
1342.000000 -0.204762 0.009674 -0.042486 0.003450 7.000000 0.046000
1343.000000 -0.204969 0.009752 -0.042065 0.005748 7.000000 0.046000
1344.000000 -0.205124 0.009811 -0.039210 0.009686 7.000000 0.046000
1345.000000 -0.205306 0.009842 -0.036535 0.009352 7.000000 0.046000
1346.000000 -0.205514 0.009921 -0.037709 0.010155 7.000000 0.046000
1347.000000 -0.205721 0.010000 -0.039522 0.012919 7.000000 0.046000
1348.000000 -0.205903 0.010031 -0.039229 0.011986 7.000000 0.046000
1349.000000 -0.206060 0.010014 -0.036649 0.006819 7.000000 0.046000
1350.000000 -0.206218 0.009998 -0.034122 0.001844 7.000000 0.046000
1351.000000 -0.206400 0.010029 -0.034050 0.001663 7.000000 0.046000
1352.000000 -0.206555 0.010088 -0.033903 0.005302 7.000000 0.046000
1353.000000 -0.206659 0.010128 -0.029965 0.007563 7.000000 0.046000
1354.000000 -0.206814 0.010187 -0.027956 0.008719 7.000000 0.046000
1355.000000 -0.206970 0.010247 -0.029469 0.010285 7.000000 0.046000
1356.000000 -0.207125 0.010306 -0.030237 0.011088 7.000000 0.046000
1357.000000 -0.207255 0.010318 -0.029418 0.009149 7.000000 0.046000
1358.000000 -0.207359 0.010358 -0.026463 0.007188 7.000000 0.046000
1359.000000 -0.207492 0.010293 -0.025077 0.002467 7.000000 0.046000
1360.000000 -0.207595 0.010333 -0.024369 0.000063 7.000000 0.046000
1361.000000 -0.207699 0.010373 -0.022564 0.003940 7.000000 0.046000
1362.000000 -0.207802 0.010413 -0.021644 0.005918 7.000000 0.046000
1363.000000 -0.207906 0.010453 -0.021174 0.006927 7.000000 0.046000
1364.000000 -0.207984 0.010445 -0.019727 0.005091 7.000000 0.046000
1365.000000 -0.208112 0.010532 -0.020195 0.006510 7.000000 0.046000
1366.000000 -0.208164 0.010552 -0.019106 0.008606 7.000000 0.046000
1367.000000 -0.208268 0.010592 -0.017342 0.007324 7.000000 0.046000
1368.000000 -0.208322 0.010536 -0.016567 0.002945 7.000000 0.046000
1369.000000 -0.208401 0.010528 -0.014965 -0.001637 7.000000 0.046000
1370.000000 -0.208425 0.010576 -0.012696 0.001126 7.000000 0.046000
1371.000000 -0.208529 0.010616 -0.012747 0.004889 7.000000 0.046000
1372.000000 -0.208580 0.010636 -0.014102 0.005434 7.000000 0.046000
1373.000000 -0.208632 0.010656 -0.012256 0.004731 7.000000 0.046000
1374.000000 -0.208708 0.010724 -0.012521 0.006727 7.000000 0.046000
1375.000000 -0.208760 0.010744 -0.012655 0.007745 7.000000 0.046000
1376.000000 -0.208787 0.010716 -0.010314 0.003556 7.000000 0.046000
1377.000000 -0.208841 0.010660 -0.009246 -0.002303 7.000000 0.046000
1378.000000 -0.208893 0.010680 -0.009907 -0.002934 7.000000 0.046000
1379.000000 -0.208866 0.010708 -0.006253 0.000859 7.000000 0.046000
1380.000000 -0.208918 0.010728 -0.004391 0.002792 7.000000 0.046000
1381.000000 -0.208918 0.010728 -0.004773 0.002405 7.000000 0.046000
1382.000000 -0.208945 0.010700 -0.003762 -0.000146 7.000000 0.046000
1383.000000 -0.208994 0.010796 -0.005656 0.003262 7.000000 0.046000
1384.000000 -0.208994 0.010796 -0.005291 0.006370 7.000000 0.046000
1385.000000 -0.209021 0.010768 -0.004027 0.001874 7.000000 0.046000
1386.000000 -0.208997 0.010720 -0.002177 -0.002770 7.000000 0.046000
1387.000000 -0.208997 0.010720 0.000095 -0.003765 7.000000 0.046000
1388.000000 -0.208997 0.010720 0.000049 -0.001918 2.000000 0.046000
1389.000000 -0.208997 0.010720 0.000025 -0.000977 2.000000 0.046000
1390.000000 -0.208997 0.010720 0.000013 -0.000498 2.000000 0.046000
1391.000000 -0.208997 0.010720 0.000006 -0.000254 2.000000 0.046000
1392.000000 -0.208997 0.010720 0.000003 -0.000129 2.000000 0.046000
1393.000000 -0.208997 0.010720 0.000002 -0.000066 2.000000 0.046000
1394.000000 -0.208997 0.010720 0.000001 -0.000034 2.000000 0.046000
1395.000000 -0.208997 0.010720 0.000000 -0.000017 2.000000 0.046000
1396.000000 -0.208997 0.010720 0.000000 -0.000009 2.000000 0.046000
1397.000000 -0.208997 0.010720 0.000000 -0.000004 2.000000 0.046000
1398.000000 -0.208997 0.010720 0.000000 -0.000002 2.000000 0.046000
1399.000000 -0.208997 0.010720 0.000000 -0.000001 2.000000 0.046000
1400.000000 -0.208969 0.010748 0.001331 0.001371 2.000000 0.046000
1401.000000 -0.208918 0.010728 0.004544 0.001088 2.000000 0.046000
1402.000000 -0.208893 0.010680 0.006056 -0.002782 2.000000 0.046000
1403.000000 -0.208841 0.010660 0.006827 -0.004752 2.000000 0.046000
1404.000000 -0.208787 0.010716 0.008674 -0.000659 2.000000 0.046000
1405.000000 -0.208760 0.010744 0.008408 0.003781 2.000000 0.046000
1406.000000 -0.208763 0.010668 0.005490 -0.000427 2.000000 0.046000
1407.000000 -0.208711 0.010648 0.005209 -0.004924 2.000000 0.046000
1408.000000 -0.208659 0.010628 0.007726 -0.004471 2.000000 0.046000
1409.000000 -0.208607 0.010608 0.009009 -0.004239 2.000000 0.046000
1410.000000 -0.208531 0.010540 0.010870 -0.006473 2.000000 0.046000
1411.000000 -0.208479 0.010520 0.011819 -0.007611 2.000000 0.046000
1412.000000 -0.208425 0.010576 0.011215 -0.002111 2.000000 0.046000
1413.000000 -0.208398 0.010604 0.009701 0.003043 2.000000 0.046000
1414.000000 -0.208346 0.010584 0.008807 0.001945 2.000000 0.046000
1415.000000 -0.208322 0.010536 0.008231 -0.002341 2.000000 0.046000
1416.000000 -0.208270 0.010516 0.007938 -0.004524 2.000000 0.046000
1417.000000 -0.208194 0.010448 0.010327 -0.006614 2.000000 0.046000
1418.000000 -0.208142 0.010429 0.011544 -0.007679 2.000000 0.046000
1419.000000 -0.208090 0.010409 0.010956 -0.005868 2.000000 0.046000
1420.000000 -0.208038 0.010389 0.010657 -0.004946 2.000000 0.046000
1421.000000 -0.207960 0.010397 0.011831 -0.003101 2.000000 0.046000
1422.000000 -0.207933 0.010425 0.011220 0.000191 2.000000 0.046000
1423.000000 -0.207881 0.010405 0.009581 0.000495 2.000000 0.046000
1424.000000 -0.207856 0.010357 0.008629 -0.003077 2.000000 0.046000
1425.000000 -0.207804 0.010337 0.008144 -0.004895 2.000000 0.046000
1426.000000 -0.207753 0.010317 0.009224 -0.004447 2.000000 0.046000
1427.000000 -0.207701 0.010297 0.009775 -0.004219 2.000000 0.046000
1428.000000 -0.207625 0.010229 0.011267 -0.006452 2.000000 0.046000
1429.000000 -0.207573 0.010209 0.012028 -0.007589 2.000000 0.046000
1430.000000 -0.207519 0.010265 0.011319 -0.002092 2.000000 0.046000
1431.000000 -0.207467 0.010245 0.010958 0.000710 2.000000 0.046000
1432.000000 -0.207415 0.010226 0.010659 -0.001588 2.000000 0.046000
1433.000000 -0.207418 0.010150 0.007855 -0.005510 2.000000 0.046000
1434.000000 -0.207390 0.010178 0.005213 -0.005158 2.000000 0.046000
1435.000000 -0.207339 0.010158 0.006521 -0.002227 2.000000 0.046000
1436.000000 -0.207287 0.010138 0.008399 -0.003083 2.000000 0.046000
1437.000000 -0.207238 0.010042 0.009244 -0.007245 2.000000 0.046000
1438.000000 -0.207210 0.010070 0.008461 -0.007015 2.000000 0.046000
1439.000000 -0.207156 0.010126 0.008288 0.000554 2.000000 0.046000
1440.000000 -0.207132 0.010078 0.008087 0.000685 2.000000 0.046000
1441.000000 -0.207105 0.010106 0.006658 -0.000625 2.000000 0.046000
1442.000000 -0.207107 0.010030 0.004606 -0.002668 2.000000 0.046000
1443.000000 -0.207055 0.010011 0.004773 -0.006058 2.000000 0.046000
1444.000000 -0.207028 0.010039 0.006296 -0.002684 2.000000 0.046000
1445.000000 -0.207003 0.009991 0.005747 -0.002341 2.000000 0.046000
1446.000000 -0.206952 0.009971 0.006681 -0.004515 2.000000 0.046000
1447.000000 -0.206927 0.009923 0.007157 -0.005622 2.000000 0.046000
1448.000000 -0.206898 0.010027 0.006296 -0.000111 2.000000 0.046000
1449.000000 -0.206873 0.009979 0.005858 0.002697 2.000000 0.046000
1450.000000 -0.206846 0.010007 0.005523 0.000402 2.000000 0.046000
1451.000000 -0.206848 0.009931 0.004029 -0.002145 2.000000 0.046000
1452.000000 -0.206848 0.009931 0.001942 -0.004818 2.000000 0.046000
1453.000000 -0.206821 0.009959 0.002314 -0.001078 2.000000 0.046000
1454.000000 -0.206796 0.009911 0.003719 -0.001522 2.000000 0.046000
1455.000000 -0.206772 0.009863 0.004324 -0.005473 2.000000 0.046000
1456.000000 -0.206745 0.009892 0.004742 -0.003760 2.000000 0.046000
1457.000000 -0.206717 0.009920 0.005066 0.000838 2.000000 0.046000
1458.000000 -0.206717 0.009920 0.003906 0.001804 2.000000 0.046000
1459.000000 -0.206717 0.009920 0.001990 0.000919 2.000000 0.046000
1460.000000 -0.206745 0.009892 -0.000311 -0.000909 2.000000 0.046000
1461.000000 -0.206720 0.009844 -0.000268 -0.004189 2.000000 0.046000
1462.000000 -0.206720 0.009844 0.001078 -0.004483 2.000000 0.046000
1463.000000 -0.206720 0.009844 0.000549 -0.002284 2.000000 0.046000
1464.000000 -0.206720 0.009844 0.000280 -0.001164 2.000000 0.046000
1465.000000 -0.206720 0.009844 0.000143 -0.000593 2.000000 0.046000
1466.000000 -0.206720 0.009844 0.000073 -0.000302 2.000000 0.046000
1467.000000 -0.206720 0.009844 0.000037 -0.000154 2.000000 0.046000
1468.000000 -0.206720 0.009844 0.000019 -0.000078 2.000000 0.046000
1469.000000 -0.206720 0.009844 0.000010 -0.000040 2.000000 0.046000
1470.000000 -0.206720 0.009844 0.000005 -0.000020 2.000000 0.046000
1471.000000 -0.206720 0.009844 0.000002 -0.000010 2.000000 0.046000
1472.000000 -0.206720 0.009844 0.000001 -0.000005 2.000000 0.046000
1473.000000 -0.206720 0.009844 0.000001 -0.000003 2.000000 0.046000
1474.000000 -0.206720 0.009844 0.000000 -0.000001 2.000000 0.046000
1475.000000 -0.206720 0.009844 0.000000 -0.000001 2.000000 0.046000
1476.000000 -0.206720 0.009844 0.000000 -0.000000 2.000000 0.046000
1477.000000 -0.206720 0.009844 0.000000 -0.000000 2.000000 0.046000
1478.000000 -0.206720 0.009844 0.000000 -0.000000 2.000000 0.046000
1479.000000 -0.206720 0.009844 0.000000 -0.000000 2.000000 0.046000
1480.000000 -0.206720 0.009844 0.000000 -0.000000 2.000000 0.046000
1481.000000 -0.206720 0.009844 0.000000 -0.000000 2.000000 0.046000
1482.000000 -0.206720 0.009844 0.000000 -0.000000 2.000000 0.046000
1483.000000 -0.206720 0.009844 0.000000 -0.000000 2.000000 0.046000
1484.000000 -0.206720 0.009844 0.000000 -0.000000 2.000000 0.046000
1485.000000 -0.206720 0.009844 0.000000 -0.000000 2.000000 0.046000
1486.000000 -0.206720 0.009844 0.000000 -0.000000 2.000000 0.046000
1487.000000 -0.206720 0.009844 0.000000 -0.000000 2.000000 0.046000
1488.000000 -0.206720 0.009844 0.000000 -0.000000 2.000000 0.046000
1489.000000 -0.206720 0.009844 0.000000 -0.000000 2.000000 0.046000
1490.000000 -0.206720 0.009844 0.000000 -0.000000 2.000000 0.046000
1491.000000 -0.206720 0.009844 0.000000 -0.000000 2.000000 0.046000
1492.000000 -0.206720 0.009844 0.000000 -0.000000 2.000000 0.046000
1493.000000 -0.206720 0.009844 0.000000 -0.000000 2.000000 0.046000
1494.000000 -0.206720 0.009844 0.000000 -0.000000 2.000000 0.046000
1495.000000 -0.206720 0.009844 0.000000 -0.000000 2.000000 0.046000
1496.000000 -0.206720 0.009844 0.000000 -0.000000 2.000000 0.046000
1497.000000 -0.206720 0.009844 0.000000 -0.000000 2.000000 0.046000
1498.000000 -0.206720 0.009844 0.000000 -0.000000 2.000000 0.046000
1499.000000 -0.206720 0.009844 0.000000 -0.000000 2.000000 0.046000
1500.000000 -0.206720 0.009844 0.000000 -0.000000 2.000000 0.046000
1501.000000 -0.206720 0.009844 0.000000 -0.000000 2.000000 0.046000
1502.000000 -0.206720 0.009844 0.000000 -0.000000 2.000000 0.046000
1503.000000 -0.206720 0.009844 0.000000 -0.000000 2.000000 0.046000
1504.000000 -0.206720 0.009844 0.000000 -0.000000 2.000000 0.046000
1505.000000 -0.206720 0.009844 0.000000 -0.000000 2.000000 0.046000
1506.000000 -0.206720 0.009844 0.000000 -0.000000 2.000000 0.046000
1507.000000 -0.206720 0.009844 0.000000 -0.000000 2.000000 0.046000
1508.000000 -0.206720 0.009844 0.000000 -0.000000 2.000000 0.046000
1509.000000 -0.206720 0.009844 0.000000 -0.000000 2.000000 0.046000
1510.000000 -0.206720 0.009844 0.000000 -0.000000 2.000000 0.046000
1511.000000 -0.206720 0.009844 0.000000 -0.000000 2.000000 0.046000
