# imt log
s logheadsize 000234
s logcolumns 7
s logname /home/testac/lgames/fitts/20180717_Tue/run1.143402.dat
s logversion 2.0
s logdate "Tue Jul 17 14:34:02 EDT 2018"
s logidate 1531852442

# begin user data

# end user data

#####
1112.000000 -0.001678 -0.003834 -0.000000 -0.000000 0.000000 0.000000
1113.000000 -0.001678 -0.003834 -0.000000 -0.000000 0.000000 0.000000
1114.000000 -0.001678 -0.003834 -0.000000 -0.000000 7.000000 0.033000
1115.000000 -0.001678 -0.003834 -0.000000 -0.000000 7.000000 0.033000
1116.000000 -0.001678 -0.003834 -0.000000 -0.000000 7.000000 0.033000
1117.000000 -0.001678 -0.003834 -0.000000 -0.000000 7.000000 0.033000
1118.000000 -0.001678 -0.003834 -0.000000 -0.000000 7.000000 0.033000
1119.000000 -0.001678 -0.003834 -0.000000 -0.000000 7.000000 0.033000
1120.000000 -0.001678 -0.003834 -0.000000 -0.000000 7.000000 0.033000
1121.000000 -0.001678 -0.003834 -0.000000 -0.000000 7.000000 0.033000
1122.000000 -0.001678 -0.003834 -0.000000 -0.000000 7.000000 0.033000
1123.000000 -0.001678 -0.003834 -0.000000 -0.000000 7.000000 0.033000
1124.000000 -0.001678 -0.003834 -0.000000 -0.000000 7.000000 0.033000
1125.000000 -0.001678 -0.003834 -0.000000 -0.000000 7.000000 0.033000
1126.000000 -0.001678 -0.003834 -0.000000 -0.000000 7.000000 0.033000
1127.000000 -0.001678 -0.003834 -0.000000 -0.000000 7.000000 0.033000
1128.000000 -0.001678 -0.003834 -0.000000 -0.000000 7.000000 0.033000
1129.000000 -0.001678 -0.003834 -0.000000 -0.000000 7.000000 0.033000
1130.000000 -0.001678 -0.003834 -0.000000 -0.000000 7.000000 0.033000
1131.000000 -0.001678 -0.003834 -0.000000 -0.000000 7.000000 0.033000
1132.000000 -0.001678 -0.003834 -0.000000 -0.000000 7.000000 0.033000
1133.000000 -0.001678 -0.003834 -0.000000 -0.000000 7.000000 0.033000
1134.000000 -0.001678 -0.003834 -0.000000 -0.000000 7.000000 0.033000
1135.000000 -0.001678 -0.003834 -0.000000 -0.000000 7.000000 0.033000
1136.000000 -0.001678 -0.003834 -0.000000 -0.000000 7.000000 0.033000
1137.000000 -0.001678 -0.003834 -0.000000 -0.000000 7.000000 0.033000
1138.000000 -0.001678 -0.003834 -0.000000 -0.000000 7.000000 0.033000
1139.000000 -0.001678 -0.003834 -0.000000 -0.000000 7.000000 0.033000
1140.000000 -0.001678 -0.003834 -0.000000 -0.000000 7.000000 0.033000
1141.000000 -0.001678 -0.003834 -0.000000 -0.000000 7.000000 0.033000
1142.000000 -0.001678 -0.003834 -0.000000 -0.000000 7.000000 0.033000
1143.000000 -0.001678 -0.003834 -0.000000 -0.000000 7.000000 0.033000
1144.000000 -0.001678 -0.003834 -0.000000 -0.000000 7.000000 0.033000
1145.000000 -0.001678 -0.003834 -0.000000 -0.000000 7.000000 0.033000
1146.000000 -0.001678 -0.003834 -0.000000 -0.000000 7.000000 0.033000
1147.000000 -0.001678 -0.003834 -0.000000 -0.000000 7.000000 0.033000
1148.000000 -0.001678 -0.003834 -0.000000 -0.000000 7.000000 0.033000
1149.000000 -0.001678 -0.003834 -0.000000 -0.000000 7.000000 0.033000
1150.000000 -0.001678 -0.003834 -0.000000 -0.000000 7.000000 0.033000
1151.000000 -0.001678 -0.003834 -0.000000 -0.000000 7.000000 0.033000
1152.000000 -0.001678 -0.003834 -0.000000 -0.000000 7.000000 0.033000
1153.000000 -0.001678 -0.003834 -0.000000 -0.000000 7.000000 0.033000
1154.000000 -0.001678 -0.003834 -0.000000 -0.000000 7.000000 0.033000
1155.000000 -0.001678 -0.003834 -0.000000 -0.000000 7.000000 0.033000
1156.000000 -0.001678 -0.003834 -0.000000 -0.000000 7.000000 0.033000
1157.000000 -0.001678 -0.003834 -0.000000 -0.000000 7.000000 0.033000
1158.000000 -0.001678 -0.003834 -0.000000 -0.000000 7.000000 0.033000
1159.000000 -0.001678 -0.003834 -0.000000 -0.000000 7.000000 0.033000
1160.000000 -0.001678 -0.003834 -0.000000 -0.000000 7.000000 0.033000
1161.000000 -0.001678 -0.003834 -0.000000 -0.000000 7.000000 0.033000
1162.000000 -0.001678 -0.003834 -0.000000 -0.000000 7.000000 0.033000
1163.000000 -0.001678 -0.003834 -0.000000 -0.000000 7.000000 0.033000
1164.000000 -0.001678 -0.003834 -0.000000 -0.000000 7.000000 0.033000
1165.000000 -0.001678 -0.003834 -0.000000 -0.000000 7.000000 0.033000
1166.000000 -0.001678 -0.003834 -0.000000 -0.000000 7.000000 0.033000
1167.000000 -0.001678 -0.003834 -0.000000 -0.000000 7.000000 0.033000
1168.000000 -0.001678 -0.003834 -0.000000 -0.000000 7.000000 0.033000
1169.000000 -0.001678 -0.003834 -0.000000 -0.000000 7.000000 0.033000
1170.000000 -0.001678 -0.003834 -0.000000 -0.000000 7.000000 0.033000
1171.000000 -0.001678 -0.003834 -0.000000 -0.000000 7.000000 0.033000
1172.000000 -0.001678 -0.003834 -0.000000 -0.000000 7.000000 0.033000
1173.000000 -0.001678 -0.003834 -0.000000 -0.000000 7.000000 0.033000
1174.000000 -0.001678 -0.003834 -0.000000 -0.000000 7.000000 0.033000
1175.000000 -0.001678 -0.003834 -0.000000 -0.000000 7.000000 0.033000
1176.000000 -0.001678 -0.003834 -0.000000 -0.000000 7.000000 0.033000
1177.000000 -0.001678 -0.003834 -0.000000 -0.000000 7.000000 0.033000
1178.000000 -0.001678 -0.003834 -0.000000 -0.000000 7.000000 0.033000
1179.000000 -0.001678 -0.003834 -0.000000 -0.000000 7.000000 0.033000
1180.000000 -0.001678 -0.003834 -0.000000 -0.000000 7.000000 0.033000
1181.000000 -0.001678 -0.003834 -0.000000 -0.000000 7.000000 0.033000
1182.000000 -0.001678 -0.003834 -0.000000 -0.000000 7.000000 0.033000
1183.000000 -0.001678 -0.003834 -0.000000 -0.000000 7.000000 0.033000
1184.000000 -0.001678 -0.003834 -0.000000 -0.000000 7.000000 0.033000
1185.000000 -0.001678 -0.003834 -0.000000 -0.000000 7.000000 0.033000
1186.000000 -0.001678 -0.003834 -0.000000 -0.000000 7.000000 0.033000
1187.000000 -0.001678 -0.003834 -0.000000 -0.000000 7.000000 0.033000
1188.000000 -0.001678 -0.003834 -0.000000 -0.000000 7.000000 0.033000
1189.000000 -0.001678 -0.003834 -0.000000 -0.000000 7.000000 0.033000
1190.000000 -0.001678 -0.003834 -0.000000 -0.000000 7.000000 0.033000
1191.000000 -0.001678 -0.003834 -0.000000 -0.000000 7.000000 0.033000
1192.000000 -0.001678 -0.003834 -0.000000 -0.000000 7.000000 0.033000
1193.000000 -0.001678 -0.003834 -0.000000 -0.000000 7.000000 0.033000
1194.000000 -0.001678 -0.003834 -0.000000 -0.000000 7.000000 0.033000
1195.000000 -0.001757 -0.003761 -0.003876 0.003599 7.000000 0.033000
1196.000000 -0.001771 -0.003797 -0.006516 0.003641 7.000000 0.033000
1197.000000 -0.001745 -0.003871 -0.002715 -0.003526 7.000000 0.033000
1198.000000 -0.001745 -0.003871 -0.000111 -0.005386 7.000000 0.033000
1199.000000 -0.001798 -0.003870 -0.002661 -0.002736 7.000000 0.033000
1200.000000 -0.001784 -0.003834 -0.003293 0.000405 7.000000 0.033000
1201.000000 -0.001784 -0.003834 -0.001012 0.001997 7.000000 0.033000
1202.000000 -0.001824 -0.003797 -0.002453 0.002817 7.000000 0.033000
1203.000000 -0.001837 -0.003834 -0.003854 0.001444 7.000000 0.033000
1204.000000 -0.001877 -0.003797 -0.004567 0.000745 7.000000 0.033000
1205.000000 -0.001837 -0.003834 -0.002327 0.000379 7.000000 0.033000
1206.000000 -0.001891 -0.003834 -0.001852 -0.001597 7.000000 0.033000
1207.000000 -0.001904 -0.003870 -0.004214 -0.002596 7.000000 0.033000
1208.000000 -0.001904 -0.003870 -0.002814 -0.003113 7.000000 0.033000
1209.000000 -0.001891 -0.003834 -0.000767 0.000205 7.000000 0.033000
1210.000000 -0.001904 -0.003870 -0.000391 0.000104 7.000000 0.033000
1211.000000 -0.001944 -0.003833 -0.002803 0.000062 7.000000 0.033000
1212.000000 -0.001944 -0.003833 -0.003365 0.001832 7.000000 0.033000
1213.000000 -0.001983 -0.003797 -0.003652 0.002733 7.000000 0.033000
1214.000000 -0.001983 -0.003797 -0.003798 0.003193 7.000000 0.033000
1215.000000 -0.001957 -0.003870 -0.000665 -0.001964 7.000000 0.033000
1216.000000 -0.001957 -0.003870 0.000932 -0.004591 7.000000 0.033000
1217.000000 -0.001957 -0.003870 0.000475 -0.002339 7.000000 0.033000
1218.000000 -0.001957 -0.003870 0.000242 -0.001192 7.000000 0.033000
1219.000000 -0.001997 -0.003833 -0.001814 0.001193 7.000000 0.033000
1220.000000 -0.001997 -0.003833 -0.002861 0.002408 7.000000 0.033000
1221.000000 -0.002010 -0.003870 -0.002125 -0.000564 7.000000 0.033000
1222.000000 -0.002010 -0.003870 -0.001750 -0.002078 7.000000 0.033000
1223.000000 -0.002010 -0.003870 -0.000891 -0.001059 7.000000 0.033000
1224.000000 -0.002010 -0.003870 -0.000454 -0.000539 6.000000 0.033000
1225.000000 -0.002010 -0.003870 -0.000231 -0.000275 6.000000 0.033000
1226.000000 -0.002010 -0.003870 -0.000118 -0.000140 6.000000 0.033000
1227.000000 -0.002010 -0.003870 -0.000060 -0.000071 6.000000 0.033000
1228.000000 -0.002010 -0.003870 -0.000031 -0.000036 6.000000 0.033000
1229.000000 -0.002010 -0.003870 -0.000016 -0.000019 6.000000 0.033000
1230.000000 -0.002010 -0.003870 -0.000008 -0.000009 6.000000 0.033000
1231.000000 -0.002010 -0.003870 -0.000004 -0.000005 6.000000 0.033000
1232.000000 -0.002010 -0.003870 -0.000002 -0.000002 6.000000 0.033000
1233.000000 -0.002010 -0.003870 -0.000001 -0.000001 6.000000 0.033000
1234.000000 -0.002010 -0.003870 -0.000001 -0.000001 6.000000 0.033000
1235.000000 -0.002010 -0.003870 -0.000000 -0.000000 6.000000 0.033000
1236.000000 -0.002010 -0.003870 -0.000000 -0.000000 6.000000 0.033000
1237.000000 -0.002010 -0.003870 -0.000000 -0.000000 6.000000 0.033000
1238.000000 -0.002010 -0.003870 -0.000000 -0.000000 6.000000 0.033000
1239.000000 -0.002010 -0.003870 -0.000000 -0.000000 6.000000 0.033000
1240.000000 -0.002010 -0.003870 -0.000000 -0.000000 6.000000 0.033000
1241.000000 -0.002010 -0.003870 -0.000000 -0.000000 6.000000 0.033000
1242.000000 -0.002010 -0.003870 -0.000000 -0.000000 6.000000 0.033000
1243.000000 -0.002010 -0.003870 -0.000000 -0.000000 6.000000 0.033000
1244.000000 -0.002010 -0.003870 -0.000000 -0.000000 6.000000 0.033000
1245.000000 -0.002010 -0.003870 -0.000000 -0.000000 6.000000 0.033000
1246.000000 -0.002010 -0.003870 -0.000000 -0.000000 6.000000 0.033000
1247.000000 -0.002010 -0.003870 -0.000000 -0.000000 6.000000 0.033000
1248.000000 -0.002010 -0.003870 -0.000000 -0.000000 6.000000 0.033000
1249.000000 -0.002010 -0.003870 -0.000000 -0.000000 6.000000 0.033000
1250.000000 -0.002010 -0.003870 -0.000000 -0.000000 6.000000 0.033000
1251.000000 -0.002010 -0.003870 -0.000000 -0.000000 6.000000 0.033000
1252.000000 -0.002010 -0.003870 -0.000000 -0.000000 6.000000 0.033000
1253.000000 -0.002010 -0.003870 -0.000000 -0.000000 6.000000 0.033000
1254.000000 -0.002010 -0.003870 -0.000000 -0.000000 6.000000 0.033000
1255.000000 -0.002010 -0.003870 -0.000000 -0.000000 6.000000 0.033000
1256.000000 -0.002010 -0.003870 -0.000000 -0.000000 6.000000 0.033000
1257.000000 -0.002010 -0.003870 -0.000000 -0.000000 6.000000 0.033000
1258.000000 -0.002010 -0.003870 -0.000000 -0.000000 6.000000 0.033000
1259.000000 -0.002010 -0.003870 -0.000000 -0.000000 6.000000 0.033000
1260.000000 -0.002010 -0.003870 -0.000000 -0.000000 6.000000 0.033000
1261.000000 -0.002010 -0.003870 -0.000000 -0.000000 6.000000 0.033000
1262.000000 -0.002010 -0.003870 -0.000000 -0.000000 6.000000 0.033000
1263.000000 -0.002010 -0.003870 -0.000000 -0.000000 6.000000 0.033000
1264.000000 -0.002010 -0.003870 -0.000000 -0.000000 6.000000 0.033000
1265.000000 -0.002010 -0.003870 -0.000000 -0.000000 6.000000 0.033000
1266.000000 -0.002010 -0.003870 -0.000000 -0.000000 6.000000 0.033000
1267.000000 -0.002010 -0.003870 -0.000000 -0.000000 6.000000 0.033000
1268.000000 -0.002010 -0.003870 -0.000000 -0.000000 6.000000 0.033000
1269.000000 -0.002010 -0.003870 -0.000000 -0.000000 6.000000 0.033000
1270.000000 -0.002010 -0.003870 -0.000000 -0.000000 6.000000 0.033000
1271.000000 -0.002010 -0.003870 -0.000000 -0.000000 6.000000 0.033000
1272.000000 -0.002010 -0.003870 -0.000000 -0.000000 6.000000 0.033000
1273.000000 -0.002010 -0.003870 -0.000000 -0.000000 6.000000 0.033000
1274.000000 -0.002010 -0.003870 -0.000000 -0.000000 6.000000 0.033000
1275.000000 -0.002010 -0.003870 -0.000000 -0.000000 6.000000 0.033000
1276.000000 -0.002010 -0.003870 -0.000000 -0.000000 6.000000 0.033000
1277.000000 -0.002010 -0.003870 -0.000000 -0.000000 6.000000 0.033000
1278.000000 -0.002010 -0.003870 -0.000000 -0.000000 6.000000 0.033000
1279.000000 -0.002010 -0.003870 -0.000000 -0.000000 6.000000 0.033000
1280.000000 -0.002010 -0.003870 -0.000000 -0.000000 6.000000 0.033000
1281.000000 -0.002010 -0.003870 -0.000000 -0.000000 6.000000 0.033000
1282.000000 -0.002010 -0.003870 -0.000000 -0.000000 6.000000 0.033000
1283.000000 -0.002010 -0.003870 -0.000000 -0.000000 6.000000 0.033000
1284.000000 -0.002010 -0.003870 -0.000000 -0.000000 6.000000 0.033000
1285.000000 -0.002010 -0.003870 -0.000000 -0.000000 6.000000 0.033000
1286.000000 -0.002010 -0.003870 -0.000000 -0.000000 6.000000 0.033000
1287.000000 -0.002010 -0.003870 -0.000000 -0.000000 6.000000 0.033000
1288.000000 -0.002010 -0.003870 -0.000000 -0.000000 6.000000 0.033000
1289.000000 -0.002010 -0.003870 -0.000000 -0.000000 6.000000 0.033000
1290.000000 -0.002010 -0.003870 -0.000000 -0.000000 6.000000 0.033000
1291.000000 -0.002010 -0.003870 -0.000000 -0.000000 6.000000 0.033000
1292.000000 -0.002010 -0.003870 -0.000000 -0.000000 6.000000 0.033000
1293.000000 -0.002010 -0.003870 -0.000000 -0.000000 6.000000 0.033000
1294.000000 -0.002010 -0.003870 -0.000000 -0.000000 6.000000 0.033000
1295.000000 -0.002010 -0.003870 -0.000000 -0.000000 6.000000 0.033000
1296.000000 -0.002010 -0.003870 -0.000000 -0.000000 6.000000 0.033000
1297.000000 -0.002010 -0.003870 -0.000000 -0.000000 6.000000 0.033000
1298.000000 -0.002010 -0.003870 -0.000000 -0.000000 6.000000 0.033000
1299.000000 -0.002010 -0.003870 -0.000000 -0.000000 6.000000 0.033000
1300.000000 -0.002010 -0.003870 -0.000000 -0.000000 6.000000 0.033000
1301.000000 -0.002010 -0.003870 -0.000000 -0.000000 6.000000 0.033000
1302.000000 -0.002010 -0.003870 -0.000000 -0.000000 6.000000 0.033000
1303.000000 -0.002010 -0.003870 -0.000000 -0.000000 6.000000 0.033000
1304.000000 -0.002010 -0.003870 -0.000000 -0.000000 6.000000 0.033000
1305.000000 -0.002010 -0.003870 -0.000000 -0.000000 6.000000 0.033000
1306.000000 -0.002010 -0.003870 -0.000000 -0.000000 6.000000 0.033000
1307.000000 -0.002010 -0.003870 -0.000000 -0.000000 6.000000 0.033000
1308.000000 -0.002010 -0.003870 -0.000000 -0.000000 6.000000 0.033000
1309.000000 -0.002010 -0.003870 -0.000000 -0.000000 6.000000 0.033000
1310.000000 -0.002010 -0.003870 -0.000000 -0.000000 6.000000 0.033000
1311.000000 -0.002010 -0.003870 -0.000000 -0.000000 6.000000 0.033000
1312.000000 -0.002010 -0.003870 -0.000000 -0.000000 6.000000 0.033000
1313.000000 -0.002010 -0.003870 -0.000000 -0.000000 6.000000 0.033000
1314.000000 -0.002010 -0.003870 -0.000000 -0.000000 6.000000 0.033000
1315.000000 -0.002010 -0.003870 -0.000000 -0.000000 6.000000 0.033000
1316.000000 -0.002010 -0.003870 -0.000000 -0.000000 6.000000 0.033000
1317.000000 -0.002010 -0.003870 -0.000000 -0.000000 6.000000 0.033000
1318.000000 -0.002010 -0.003870 -0.000000 -0.000000 6.000000 0.033000
1319.000000 -0.002010 -0.003870 -0.000000 -0.000000 6.000000 0.033000
1320.000000 -0.002010 -0.003870 -0.000000 -0.000000 6.000000 0.033000
1321.000000 -0.002010 -0.003870 -0.000000 -0.000000 6.000000 0.033000
1322.000000 -0.002010 -0.003870 -0.000000 -0.000000 6.000000 0.033000
1323.000000 -0.002010 -0.003870 -0.000000 -0.000000 6.000000 0.033000
1324.000000 -0.002010 -0.003870 -0.000000 -0.000000 6.000000 0.033000
1325.000000 -0.002010 -0.003870 -0.000000 -0.000000 6.000000 0.033000
1326.000000 -0.002010 -0.003870 -0.000000 -0.000000 6.000000 0.033000
1327.000000 -0.002010 -0.003870 -0.000000 -0.000000 6.000000 0.033000
1328.000000 -0.002010 -0.003870 -0.000000 -0.000000 6.000000 0.033000
1329.000000 -0.002010 -0.003870 -0.000000 -0.000000 6.000000 0.033000
1330.000000 -0.002010 -0.003870 -0.000000 -0.000000 6.000000 0.033000
1331.000000 -0.002010 -0.003870 -0.000000 -0.000000 6.000000 0.033000
1332.000000 -0.002010 -0.003870 -0.000000 -0.000000 6.000000 0.033000
1333.000000 -0.002010 -0.003870 -0.000000 -0.000000 6.000000 0.033000
1334.000000 -0.002010 -0.003870 -0.000000 -0.000000 6.000000 0.033000
1335.000000 -0.002010 -0.003870 -0.000000 -0.000000 6.000000 0.033000
1336.000000 -0.002010 -0.003870 -0.000000 -0.000000 6.000000 0.033000
1337.000000 -0.002010 -0.003870 -0.000000 -0.000000 6.000000 0.033000
1338.000000 -0.002010 -0.003870 -0.000000 -0.000000 6.000000 0.033000
1339.000000 -0.002010 -0.003870 -0.000000 -0.000000 6.000000 0.033000
1340.000000 -0.002010 -0.003870 -0.000000 -0.000000 6.000000 0.033000
1341.000000 -0.002010 -0.003870 -0.000000 -0.000000 6.000000 0.033000
1342.000000 -0.002010 -0.003870 -0.000000 -0.000000 6.000000 0.033000
1343.000000 -0.002010 -0.003870 -0.000000 -0.000000 6.000000 0.033000
1344.000000 -0.002010 -0.003870 -0.000000 -0.000000 6.000000 0.033000
1345.000000 -0.002010 -0.003870 -0.000000 -0.000000 6.000000 0.033000
1346.000000 -0.002010 -0.003870 -0.000000 -0.000000 6.000000 0.033000
1347.000000 -0.002010 -0.003870 -0.000000 -0.000000 6.000000 0.033000
1348.000000 -0.002010 -0.003870 -0.000000 -0.000000 6.000000 0.033000
1349.000000 -0.002010 -0.003870 -0.000000 -0.000000 6.000000 0.033000
1350.000000 -0.002010 -0.003870 -0.000000 -0.000000 6.000000 0.033000
1351.000000 -0.002010 -0.003870 -0.000000 -0.000000 6.000000 0.033000
1352.000000 -0.002010 -0.003870 -0.000000 -0.000000 6.000000 0.033000
1353.000000 -0.002010 -0.003870 -0.000000 -0.000000 6.000000 0.033000
1354.000000 -0.002010 -0.003870 -0.000000 -0.000000 6.000000 0.033000
1355.000000 -0.002010 -0.003870 -0.000000 -0.000000 6.000000 0.033000
1356.000000 -0.002010 -0.003870 -0.000000 -0.000000 6.000000 0.033000
1357.000000 -0.002010 -0.003870 -0.000000 -0.000000 6.000000 0.033000
1358.000000 -0.002010 -0.003870 -0.000000 -0.000000 6.000000 0.033000
1359.000000 -0.002010 -0.003870 -0.000000 -0.000000 6.000000 0.033000
1360.000000 -0.002010 -0.003870 -0.000000 -0.000000 6.000000 0.033000
1361.000000 -0.002010 -0.003870 -0.000000 -0.000000 6.000000 0.033000
1362.000000 -0.002010 -0.003870 -0.000000 -0.000000 6.000000 0.033000
1363.000000 -0.002010 -0.003870 -0.000000 -0.000000 6.000000 0.033000
1364.000000 -0.002010 -0.003870 -0.000000 -0.000000 6.000000 0.033000
1365.000000 -0.002010 -0.003870 -0.000000 -0.000000 6.000000 0.033000
1366.000000 -0.002010 -0.003870 -0.000000 -0.000000 6.000000 0.033000
1367.000000 -0.002010 -0.003870 -0.000000 -0.000000 6.000000 0.033000
1368.000000 -0.002010 -0.003870 -0.000000 -0.000000 6.000000 0.033000
1369.000000 -0.002010 -0.003870 -0.000000 -0.000000 6.000000 0.033000
1370.000000 -0.002010 -0.003870 -0.000000 -0.000000 6.000000 0.033000
1371.000000 -0.002010 -0.003870 -0.000000 -0.000000 6.000000 0.033000
1372.000000 -0.002010 -0.003870 -0.000000 -0.000000 6.000000 0.033000
1373.000000 -0.002010 -0.003870 -0.000000 -0.000000 6.000000 0.033000
1374.000000 -0.002010 -0.003870 -0.000000 -0.000000 6.000000 0.033000
1375.000000 -0.002010 -0.003870 -0.000000 -0.000000 6.000000 0.033000
1376.000000 -0.002010 -0.003870 -0.000000 -0.000000 6.000000 0.033000
1377.000000 -0.002010 -0.003870 -0.000000 -0.000000 6.000000 0.033000
1378.000000 -0.002010 -0.003870 -0.000000 -0.000000 6.000000 0.033000
1379.000000 -0.002010 -0.003870 -0.000000 -0.000000 6.000000 0.033000
1380.000000 -0.002010 -0.003870 -0.000000 -0.000000 6.000000 0.033000
1381.000000 -0.002010 -0.003870 -0.000000 -0.000000 6.000000 0.033000
1382.000000 -0.002010 -0.003870 -0.000000 -0.000000 6.000000 0.033000
1383.000000 -0.002010 -0.003870 -0.000000 -0.000000 6.000000 0.033000
1384.000000 -0.002010 -0.003870 -0.000000 -0.000000 6.000000 0.033000
1385.000000 -0.002010 -0.003870 -0.000000 -0.000000 6.000000 0.033000
1386.000000 -0.002010 -0.003870 -0.000000 -0.000000 6.000000 0.033000
1387.000000 -0.002010 -0.003870 -0.000000 -0.000000 6.000000 0.033000
1388.000000 -0.002010 -0.003870 -0.000000 -0.000000 6.000000 0.033000
1389.000000 -0.002010 -0.003870 -0.000000 -0.000000 6.000000 0.033000
1390.000000 -0.002010 -0.003870 -0.000000 -0.000000 6.000000 0.033000
1391.000000 -0.002010 -0.003870 -0.000000 -0.000000 6.000000 0.033000
1392.000000 -0.002010 -0.003870 -0.000000 -0.000000 6.000000 0.033000
1393.000000 -0.002010 -0.003870 -0.000000 -0.000000 6.000000 0.033000
1394.000000 -0.002010 -0.003870 -0.000000 -0.000000 6.000000 0.033000
1395.000000 -0.002010 -0.003870 -0.000000 -0.000000 6.000000 0.033000
1396.000000 -0.002010 -0.003870 -0.000000 -0.000000 6.000000 0.033000
1397.000000 -0.002010 -0.003870 -0.000000 -0.000000 6.000000 0.033000
1398.000000 -0.002010 -0.003870 -0.000000 -0.000000 6.000000 0.033000
1399.000000 -0.002010 -0.003870 -0.000000 -0.000000 6.000000 0.033000
1400.000000 -0.002010 -0.003870 -0.000000 -0.000000 6.000000 0.033000
1401.000000 -0.002010 -0.003870 -0.000000 -0.000000 6.000000 0.033000
1402.000000 -0.002010 -0.003870 -0.000000 -0.000000 6.000000 0.033000
1403.000000 -0.002010 -0.003870 -0.000000 -0.000000 6.000000 0.033000
1404.000000 -0.002010 -0.003870 -0.000000 -0.000000 6.000000 0.033000
1405.000000 -0.002010 -0.003870 -0.000000 -0.000000 6.000000 0.033000
1406.000000 -0.002010 -0.003870 -0.000000 -0.000000 6.000000 0.033000
1407.000000 -0.002010 -0.003870 -0.000000 -0.000000 6.000000 0.033000
1408.000000 -0.002010 -0.003870 -0.000000 -0.000000 6.000000 0.033000
1409.000000 -0.002010 -0.003870 -0.000000 -0.000000 6.000000 0.033000
1410.000000 -0.002010 -0.003870 -0.000000 -0.000000 6.000000 0.033000
1411.000000 -0.002010 -0.003870 -0.000000 -0.000000 6.000000 0.033000
1412.000000 -0.002010 -0.003870 -0.000000 -0.000000 6.000000 0.033000
1413.000000 -0.002010 -0.003870 -0.000000 -0.000000 6.000000 0.033000
1414.000000 -0.002010 -0.003870 -0.000000 -0.000000 6.000000 0.033000
1415.000000 -0.002010 -0.003870 -0.000000 -0.000000 6.000000 0.033000
1416.000000 -0.002010 -0.003870 -0.000000 -0.000000 6.000000 0.033000
1417.000000 -0.002050 -0.003833 -0.001937 0.001800 6.000000 0.033000
1418.000000 -0.002050 -0.003833 -0.002924 0.002717 6.000000 0.033000
1419.000000 -0.002050 -0.003833 -0.001490 0.001385 6.000000 0.033000
1420.000000 -0.002050 -0.003833 -0.000759 0.000705 6.000000 0.033000
1421.000000 -0.002050 -0.003833 -0.000387 0.000359 6.000000 0.033000
1422.000000 -0.002050 -0.003833 -0.000197 0.000183 6.000000 0.033000
1423.000000 -0.002050 -0.003833 -0.000100 0.000093 6.000000 0.033000
1424.000000 -0.002050 -0.003833 -0.000051 0.000048 6.000000 0.033000
1425.000000 -0.002050 -0.003833 -0.000026 0.000024 6.000000 0.033000
1426.000000 -0.002050 -0.003833 -0.000013 0.000012 6.000000 0.033000
1427.000000 -0.002050 -0.003833 -0.000007 0.000006 6.000000 0.033000
1428.000000 -0.002050 -0.003833 -0.000003 0.000003 6.000000 0.033000
1429.000000 -0.002050 -0.003833 -0.000002 0.000002 6.000000 0.033000
1430.000000 -0.002050 -0.003833 -0.000001 0.000001 6.000000 0.033000
1431.000000 -0.002050 -0.003833 -0.000000 0.000000 6.000000 0.033000
1432.000000 -0.002050 -0.003833 -0.000000 0.000000 6.000000 0.033000
1433.000000 -0.002050 -0.003833 -0.000000 0.000000 6.000000 0.033000
1434.000000 -0.002050 -0.003833 -0.000000 0.000000 6.000000 0.033000
1435.000000 -0.002050 -0.003833 -0.000000 0.000000 6.000000 0.033000
1436.000000 -0.002050 -0.003833 -0.000000 0.000000 7.000000 0.063000
1437.000000 -0.002050 -0.003833 -0.000000 0.000000 7.000000 0.063000
1438.000000 -0.002050 -0.003833 -0.000000 0.000000 7.000000 0.063000
1439.000000 -0.002050 -0.003833 -0.000000 0.000000 7.000000 0.063000
1440.000000 -0.002089 -0.003796 -0.001937 0.001800 7.000000 0.063000
1441.000000 -0.002089 -0.003796 -0.002924 0.002718 7.000000 0.063000
1442.000000 -0.002089 -0.003796 -0.001490 0.001385 7.000000 0.063000
1443.000000 -0.002089 -0.003796 -0.000759 0.000705 7.000000 0.063000
1444.000000 -0.002089 -0.003796 -0.000387 0.000359 7.000000 0.063000
1445.000000 -0.002089 -0.003796 -0.000197 0.000183 7.000000 0.063000
1446.000000 -0.002089 -0.003796 -0.000100 0.000093 7.000000 0.063000
1447.000000 -0.002089 -0.003796 -0.000051 0.000048 7.000000 0.063000
1448.000000 -0.002089 -0.003796 -0.000026 0.000024 7.000000 0.063000
1449.000000 -0.002089 -0.003796 -0.000013 0.000012 7.000000 0.063000
1450.000000 -0.002129 -0.003760 -0.001943 0.001807 7.000000 0.063000
1451.000000 -0.002129 -0.003760 -0.002927 0.002721 7.000000 0.063000
1452.000000 -0.002129 -0.003760 -0.001491 0.001386 7.000000 0.063000
1453.000000 -0.002129 -0.003760 -0.000760 0.000706 7.000000 0.063000
1454.000000 -0.002129 -0.003760 -0.000387 0.000360 7.000000 0.063000
1455.000000 -0.002129 -0.003760 -0.000197 0.000183 7.000000 0.063000
1456.000000 -0.002129 -0.003760 -0.000100 0.000093 7.000000 0.063000
1457.000000 -0.002129 -0.003760 -0.000051 0.000048 7.000000 0.063000
1458.000000 -0.002168 -0.003723 -0.001963 0.001825 7.000000 0.063000
1459.000000 -0.002168 -0.003723 -0.002936 0.002731 7.000000 0.063000
1460.000000 -0.002168 -0.003723 -0.001496 0.001391 7.000000 0.063000
1461.000000 -0.002168 -0.003723 -0.000762 0.000709 7.000000 0.063000
1462.000000 -0.002168 -0.003723 -0.000388 0.000361 7.000000 0.063000
1463.000000 -0.002168 -0.003723 -0.000198 0.000184 7.000000 0.063000
1464.000000 -0.002168 -0.003723 -0.000101 0.000094 7.000000 0.063000
1465.000000 -0.002247 -0.003649 -0.003924 0.003650 7.000000 0.063000
1466.000000 -0.002247 -0.003649 -0.005871 0.005462 7.000000 0.063000
1467.000000 -0.002208 -0.003686 -0.001055 0.000982 7.000000 0.063000
1468.000000 -0.002208 -0.003686 0.001399 -0.001301 7.000000 0.063000
1469.000000 -0.002208 -0.003686 0.000713 -0.000663 7.000000 0.063000
1470.000000 -0.002194 -0.003650 0.001030 0.001453 7.000000 0.063000
1471.000000 -0.002234 -0.003613 -0.000745 0.004332 7.000000 0.063000
1472.000000 -0.002234 -0.003613 -0.002315 0.004008 7.000000 0.063000
1473.000000 -0.002234 -0.003613 -0.001180 0.002042 7.000000 0.063000
1474.000000 -0.002260 -0.003540 -0.001870 0.004633 7.000000 0.063000
1475.000000 -0.002220 -0.003576 -0.000286 0.004151 7.000000 0.063000
1476.000000 -0.002206 -0.003540 0.002456 0.002105 7.000000 0.063000
1477.000000 -0.002260 -0.003540 -0.000684 0.002873 7.000000 0.063000
1478.000000 -0.002260 -0.003540 -0.002951 0.001475 7.000000 0.063000
1479.000000 -0.002246 -0.003503 -0.000837 0.002542 7.000000 0.063000
1480.000000 -0.002246 -0.003503 0.000240 0.003086 7.000000 0.063000
1481.000000 -0.002285 -0.003466 -0.001813 0.003374 7.000000 0.063000
1482.000000 -0.002285 -0.003466 -0.002860 0.003520 7.000000 0.063000
1483.000000 -0.002456 -0.003210 -0.009799 0.014388 7.000000 0.063000
1484.000000 -0.002507 -0.003063 -0.015871 0.027116 7.000000 0.063000
1485.000000 -0.002558 -0.002770 -0.013102 0.035375 7.000000 0.063000
1486.000000 -0.002753 -0.002293 -0.018700 0.055788 7.000000 0.063000
1487.000000 -0.002961 -0.001853 -0.029275 0.073432 7.000000 0.063000
1488.000000 -0.003194 -0.001193 -0.036533 0.091456 7.000000 0.063000
1489.000000 -0.003492 -0.000421 -0.044636 0.116897 7.000000 0.063000
1490.000000 -0.003802 0.000461 -0.052569 0.140750 7.000000 0.063000
1491.000000 -0.004177 0.001454 -0.060405 0.163827 7.000000 0.063000
1492.000000 -0.004618 0.002559 -0.070758 0.186565 7.000000 0.063000
1493.000000 -0.005070 0.003776 -0.079821 0.209144 7.000000 0.063000
1494.000000 -0.005510 0.005030 -0.084404 0.228015 7.000000 0.063000
1495.000000 -0.006053 0.006435 -0.091159 0.246901 7.000000 0.063000
1496.000000 -0.006622 0.007915 -0.100925 0.267652 7.000000 0.063000
1497.000000 -0.007229 0.009583 -0.109038 0.291194 7.000000 0.063000
1498.000000 -0.007862 0.011327 -0.116312 0.316197 7.000000 0.063000
1499.000000 -0.008494 0.013075 -0.121265 0.332870 7.000000 0.063000
1500.000000 -0.009165 0.015011 -0.125688 0.350816 7.000000 0.063000
1501.000000 -0.009926 0.016989 -0.134184 0.371344 7.000000 0.063000
1502.000000 -0.010674 0.019156 -0.142305 0.393217 7.000000 0.063000
1503.000000 -0.011422 0.021327 -0.145851 0.413877 7.000000 0.063000
1504.000000 -0.012184 0.023614 -0.148333 0.430348 7.000000 0.063000
1505.000000 -0.013021 0.025982 -0.153960 0.448473 7.000000 0.063000
1506.000000 -0.013860 0.028505 -0.160640 0.469323 7.000000 0.063000
1507.000000 -0.014687 0.031070 -0.163565 0.489639 7.000000 0.063000
1508.000000 -0.015540 0.033716 -0.165774 0.506092 7.000000 0.063000
1509.000000 -0.016431 0.036406 -0.170019 0.520675 7.000000 0.063000
1510.000000 -0.017287 0.039214 -0.172399 0.536086 7.000000 0.063000
1511.000000 -0.018182 0.042067 -0.173799 0.551953 7.000000 0.063000
1512.000000 -0.019005 0.044999 -0.173033 0.566143 7.000000 0.063000
1513.000000 -0.019905 0.048015 -0.172919 0.581459 7.000000 0.063000
1514.000000 -0.020843 0.051078 -0.178397 0.595735 7.000000 0.063000
1515.000000 -0.021712 0.054221 -0.179800 0.609200 7.000000 0.063000
1516.000000 -0.022583 0.057370 -0.177336 0.620312 7.000000 0.063000
1517.000000 -0.023482 0.060604 -0.177578 0.630471 7.000000 0.063000
1518.000000 -0.024373 0.063882 -0.178714 0.641992 7.000000 0.063000
1519.000000 -0.025221 0.067165 -0.176826 0.650277 7.000000 0.063000
1520.000000 -0.026097 0.070533 -0.175191 0.658912 7.000000 0.063000
1521.000000 -0.026966 0.073946 -0.175508 0.669695 7.000000 0.063000
1522.000000 -0.027804 0.077326 -0.173821 0.675746 7.000000 0.063000
1523.000000 -0.028661 0.080829 -0.172453 0.683265 7.000000 0.063000
1524.000000 -0.029479 0.084336 -0.170878 0.693352 7.000000 0.063000
1525.000000 -0.030292 0.087889 -0.167980 0.700915 7.000000 0.063000
1526.000000 -0.031154 0.091452 -0.168686 0.707483 7.000000 0.063000
1527.000000 -0.031925 0.095053 -0.167129 0.713218 7.000000 0.063000
1528.000000 -0.032711 0.098624 -0.162647 0.716499 7.000000 0.063000
1529.000000 -0.033486 0.102278 -0.160655 0.720709 7.000000 0.063000
1530.000000 -0.034199 0.105855 -0.156180 0.723141 7.000000 0.063000
1531.000000 -0.034937 0.109557 -0.152229 0.726745 7.000000 0.063000
1532.000000 -0.035650 0.113224 -0.150283 0.732933 7.000000 0.063000
1533.000000 -0.036363 0.116936 -0.148115 0.736538 7.000000 0.063000
1534.000000 -0.036983 0.120528 -0.142591 0.734634 7.000000 0.063000
1535.000000 -0.037632 0.124244 -0.136760 0.733892 7.000000 0.063000
1536.000000 -0.038264 0.127886 -0.134439 0.735914 7.000000 0.063000
1537.000000 -0.038893 0.131611 -0.132370 0.737307 7.000000 0.063000
1538.000000 -0.039471 0.135218 -0.128778 0.736237 7.000000 0.063000
1539.000000 -0.040016 0.138864 -0.122933 0.731829 7.000000 0.063000
1540.000000 -0.040566 0.142554 -0.118688 0.733634 7.000000 0.063000
1541.000000 -0.041068 0.146125 -0.114511 0.730796 7.000000 0.063000
1542.000000 -0.041577 0.149740 -0.110426 0.725593 14.000000 0.063000
1543.000000 -0.042023 0.153350 -0.105775 0.724816 14.000000 0.063000
1544.000000 -0.042493 0.156887 -0.101482 0.720592 14.000000 0.063000
1545.000000 -0.042901 0.160420 -0.097567 0.714572 14.000000 0.063000
1546.000000 -0.043291 0.163913 -0.091779 0.709303 14.000000 0.063000
1547.000000 -0.043664 0.167366 -0.087129 0.702691 14.000000 0.063000
1548.000000 -0.043979 0.170814 -0.081221 0.697058 14.000000 0.063000
1549.000000 -0.044313 0.174226 -0.076402 0.692113 14.000000 0.063000
1550.000000 -0.044599 0.177555 -0.072554 0.683672 14.000000 0.063000
1551.000000 -0.044863 0.180920 -0.067241 0.677034 14.000000 0.063000
1552.000000 -0.045114 0.184205 -0.062885 0.671494 14.000000 0.063000
1553.000000 -0.045345 0.187527 -0.059188 0.666501 14.000000 0.063000
1554.000000 -0.045500 0.190682 -0.052629 0.657498 14.000000 0.063000
1555.000000 -0.045671 0.193877 -0.046389 0.646662 14.000000 0.063000
1556.000000 -0.045797 0.196947 -0.041830 0.636977 14.000000 0.063000
1557.000000 -0.045843 0.199967 -0.033480 0.623394 14.000000 0.063000
1558.000000 -0.045909 0.202948 -0.026268 0.612063 14.000000 0.063000
1559.000000 -0.045960 0.205926 -0.022943 0.604204 14.000000 0.063000
1560.000000 -0.045967 0.208818 -0.018396 0.595753 14.000000 0.063000
1561.000000 -0.045961 0.211666 -0.013275 0.585079 14.000000 0.063000
1562.000000 -0.045814 0.214259 -0.003099 0.564964 14.000000 0.063000
1563.000000 -0.045397 0.216345 0.022473 0.517328 14.000000 0.063000
1564.000000 -0.044899 0.218185 0.053087 0.456174 14.000000 0.063000
1565.000000 -0.044250 0.219537 0.080630 0.389070 14.000000 0.063000
1566.000000 -0.043476 0.220405 0.108920 0.307358 14.000000 0.063000
1567.000000 -0.042539 0.220749 0.138226 0.216429 14.000000 0.063000
1568.000000 -0.041430 0.220491 0.170353 0.115037 14.000000 0.063000
1569.000000 -0.040215 0.219836 0.201020 0.014573 14.000000 0.063000
1570.000000 -0.038790 0.218696 0.232729 -0.079660 14.000000 0.063000
1571.000000 -0.037286 0.217282 0.263441 -0.164684 10.000000 0.063000
1572.000000 -0.035638 0.215628 0.290380 -0.233013 10.000000 0.063000
1573.000000 -0.033978 0.213903 0.311969 -0.282924 10.000000 0.063000
1574.000000 -0.032240 0.212103 0.327514 -0.315391 10.000000 0.063000
1575.000000 -0.030427 0.210305 0.343082 -0.335377 10.000000 0.063000
1576.000000 -0.028466 0.208350 0.362225 -0.352907 10.000000 0.063000
1577.000000 -0.026528 0.206487 0.378189 -0.364966 10.000000 0.063000
1578.000000 -0.024546 0.204671 0.387371 -0.364238 10.000000 0.063000
1579.000000 -0.022517 0.202825 0.396587 -0.362926 10.000000 0.063000
1580.000000 -0.020583 0.201191 0.398770 -0.353384 10.000000 0.063000
1581.000000 -0.018639 0.199568 0.395633 -0.337646 10.000000 0.063000
1582.000000 -0.016648 0.197914 0.396886 -0.330543 10.000000 0.063000
1583.000000 -0.014645 0.196272 0.400386 -0.327821 10.000000 0.063000
1584.000000 -0.012700 0.194682 0.399778 -0.323382 10.000000 0.063000
1585.000000 -0.010743 0.193064 0.397173 -0.319979 10.000000 0.063000
1586.000000 -0.008812 0.191496 0.395149 -0.317221 10.000000 0.063000
1587.000000 -0.006830 0.189820 0.395389 -0.318590 10.000000 0.063000
1588.000000 -0.004841 0.188233 0.398334 -0.320187 10.000000 0.063000
1589.000000 -0.002839 0.186618 0.400775 -0.318038 10.000000 0.063000
1590.000000 -0.000864 0.185053 0.401294 -0.315919 10.000000 0.063000
1591.000000 0.001124 0.183459 0.400841 -0.313812 10.000000 0.063000
1592.000000 0.003081 0.181952 0.399699 -0.309862 10.000000 0.063000
1593.000000 0.005011 0.180495 0.396191 -0.301214 10.000000 0.063000
1594.000000 0.006952 0.179008 0.393562 -0.295879 10.000000 0.063000
1595.000000 0.008862 0.177608 0.391188 -0.290376 10.000000 0.063000
1596.000000 0.010704 0.176293 0.384981 -0.279237 10.000000 0.063000
1597.000000 0.012553 0.174987 0.378808 -0.269000 10.000000 0.063000
1598.000000 0.014334 0.173765 0.372545 -0.259326 10.000000 0.063000
1599.000000 0.016118 0.172590 0.366093 -0.248026 10.000000 0.063000
1600.000000 0.017910 0.171423 0.363340 -0.239574 10.000000 0.063000
1601.000000 0.019627 0.170377 0.358542 -0.229004 10.000000 0.063000
1602.000000 0.021275 0.169373 0.348925 -0.215718 10.000000 0.063000
1603.000000 0.022922 0.168454 0.340520 -0.202775 10.000000 0.063000
1604.000000 0.024542 0.167501 0.334797 -0.193758 10.000000 0.063000
1605.000000 0.026001 0.166777 0.322478 -0.179735 10.000000 0.063000
1606.000000 0.027544 0.165986 0.312423 -0.164629 10.000000 0.063000
1607.000000 0.029011 0.165274 0.307644 -0.156434 10.000000 0.063000
1608.000000 0.030402 0.164639 0.297648 -0.144733 10.000000 0.063000
1609.000000 0.031759 0.164005 0.287093 -0.134961 10.000000 0.063000
1610.000000 0.033078 0.163412 0.278192 -0.127973 10.000000 0.063000
1611.000000 0.034320 0.162895 0.267925 -0.118817 10.000000 0.063000
1612.000000 0.035527 0.162378 0.257114 -0.110494 10.000000 0.063000
1613.000000 0.036699 0.161861 0.248172 -0.106273 10.000000 0.063000
1614.000000 0.037792 0.161418 0.237956 -0.100568 10.000000 0.063000
1615.000000 0.038887 0.160977 0.228919 -0.093931 10.000000 0.063000
1616.000000 0.039819 0.160680 0.216362 -0.083497 10.000000 0.063000
1617.000000 0.040794 0.160350 0.204052 -0.072811 10.000000 0.063000
1618.000000 0.041729 0.160057 0.197878 -0.067171 10.000000 0.063000
1619.000000 0.042587 0.159797 0.188940 -0.060920 10.000000 0.063000
1620.000000 0.043317 0.159682 0.174284 -0.049125 10.000000 0.063000
1621.000000 0.044093 0.159494 0.162826 -0.039579 10.000000 0.063000
1622.000000 0.044791 0.159338 0.155384 -0.036724 10.000000 0.063000
1623.000000 0.045440 0.159296 0.145304 -0.028205 10.000000 0.063000
1624.000000 0.046052 0.159249 0.135908 -0.018511 10.000000 0.063000
1625.000000 0.046614 0.159316 0.126816 -0.008237 10.000000 0.063000
1626.000000 0.047096 0.159413 0.115825 0.003983 10.000000 0.063000
1627.000000 0.047579 0.159511 0.106319 0.011717 10.000000 0.063000
1628.000000 0.048019 0.159643 0.099398 0.017372 10.000000 0.063000
1629.000000 0.048372 0.159883 0.089455 0.027190 10.000000 0.063000
1630.000000 0.048724 0.160123 0.080019 0.037458 10.000000 0.063000
1631.000000 0.049042 0.160320 0.073560 0.040581 10.000000 0.063000
1632.000000 0.049314 0.160590 0.066327 0.043620 10.000000 0.063000
1633.000000 0.049543 0.160894 0.058254 0.050403 10.000000 0.063000
1634.000000 0.049772 0.161198 0.052028 0.055532 10.000000 0.063000
1635.000000 0.049921 0.161532 0.044916 0.059570 10.000000 0.063000
1636.000000 0.050069 0.161865 0.037356 0.063055 10.000000 0.063000
1637.000000 0.050175 0.162232 0.031389 0.066488 10.000000 0.063000
1638.000000 0.050154 0.162701 0.020050 0.074864 10.000000 0.063000
1639.000000 0.050170 0.163175 0.009848 0.084340 10.000000 0.063000
1640.000000 0.050158 0.163566 0.005093 0.085371 10.000000 0.063000
1641.000000 0.050094 0.164068 -0.001272 0.087311 10.000000 0.063000
1642.000000 0.050034 0.164532 -0.006865 0.091847 10.000000 0.063000
1643.000000 0.050015 0.164962 -0.007461 0.090598 10.000000 0.063000
1644.000000 0.049870 0.165493 -0.011935 0.093273 10.000000 0.063000
1645.000000 0.049598 0.166126 -0.026611 0.104595 10.000000 0.063000
1646.000000 0.049332 0.166720 -0.040040 0.113459 10.000000 0.063000
1647.000000 0.049017 0.167387 -0.048977 0.119648 10.000000 0.063000
1648.000000 0.048629 0.168044 -0.059450 0.125921 10.000000 0.063000
1649.000000 0.048236 0.168740 -0.068657 0.130575 10.000000 0.063000
1650.000000 0.047759 0.169505 -0.077722 0.138211 10.000000 0.063000
1651.000000 0.047287 0.170231 -0.086180 0.143584 10.000000 0.063000
1652.000000 0.046773 0.170992 -0.092267 0.146147 10.000000 0.063000
1653.000000 0.046253 0.171792 -0.097686 0.151062 10.000000 0.063000
1654.000000 0.045703 0.172549 -0.102200 0.153406 10.000000 0.063000
1655.000000 0.045148 0.173345 -0.106264 0.154439 10.000000 0.063000
1656.000000 0.044593 0.174142 -0.108592 0.156911 10.000000 0.063000
1657.000000 0.043954 0.175008 -0.113830 0.161609 10.000000 0.063000
1658.000000 0.043375 0.175724 -0.117665 0.160081 10.000000 0.063000
1659.000000 0.042743 0.176553 -0.119305 0.157488 10.000000 0.063000
1660.000000 0.042111 0.177383 -0.122694 0.161712 10.000000 0.063000
1661.000000 0.041438 0.178248 -0.126406 0.165643 10.000000 0.063000
1662.000000 0.040772 0.179075 -0.129991 0.167539 10.000000 0.063000
1663.000000 0.040100 0.179941 -0.131772 0.168590 10.000000 0.063000
1664.000000 0.039393 0.180805 -0.134638 0.170927 10.000000 0.063000
1665.000000 0.038681 0.181708 -0.138065 0.173918 10.000000 0.063000
1666.000000 0.037940 0.182570 -0.141457 0.175375 10.000000 0.063000
1667.000000 0.037200 0.183433 -0.144543 0.174163 10.000000 0.063000
1668.000000 0.036414 0.184371 -0.148330 0.177275 10.000000 0.063000
1669.000000 0.035553 0.185342 -0.156169 0.184173 10.000000 0.063000
1670.000000 0.034734 0.186278 -0.161771 0.187661 10.000000 0.063000
1671.000000 0.033916 0.187217 -0.162514 0.187854 10.000000 0.063000
1672.000000 0.033017 0.188227 -0.166758 0.191584 10.000000 0.063000
1673.000000 0.032166 0.189165 -0.170499 0.193480 10.000000 0.063000
1674.000000 0.031270 0.190179 -0.172270 0.194620 10.000000 0.063000
1675.000000 0.030347 0.191153 -0.176692 0.196983 10.000000 0.063000
1676.000000 0.029473 0.192055 -0.177899 0.192695 10.000000 0.063000
1677.000000 0.028506 0.193107 -0.180626 0.194354 10.000000 0.063000
1678.000000 0.027554 0.194084 -0.185796 0.198908 10.000000 0.063000
1679.000000 0.026677 0.195029 -0.184039 0.195990 10.000000 0.063000
1680.000000 0.025688 0.196046 -0.184915 0.196492 10.000000 0.063000
1681.000000 0.024741 0.197029 -0.188822 0.198588 10.000000 0.063000
1682.000000 0.023802 0.197975 -0.188360 0.196203 10.000000 0.063000
1683.000000 0.022898 0.198926 -0.186008 0.193390 10.000000 0.063000
1684.000000 0.021916 0.199951 -0.186876 0.195843 10.000000 0.063000
1685.000000 0.020988 0.200866 -0.188477 0.195298 10.000000 0.063000
1686.000000 0.020023 0.201818 -0.188475 0.191470 10.000000 0.063000
1687.000000 0.019093 0.202775 -0.188605 0.191598 10.000000 0.063000
1688.000000 0.018171 0.203695 -0.186548 0.190065 10.000000 0.063000
1689.000000 0.017212 0.204654 -0.186927 0.189414 10.000000 0.063000
1690.000000 0.016293 0.205578 -0.186941 0.189274 10.000000 0.063000
1691.000000 0.015383 0.206466 -0.184525 0.185704 10.000000 0.063000
1692.000000 0.014469 0.207394 -0.183112 0.184077 10.000000 0.063000
1693.000000 0.013563 0.208286 -0.182208 0.183442 10.000000 0.063000
1694.000000 0.012788 0.208991 -0.174940 0.172128 10.000000 0.063000
1695.000000 0.011930 0.209811 -0.168842 0.162833 10.000000 0.063000
1696.000000 0.011191 0.210521 -0.164027 0.158265 10.000000 0.063000
1697.000000 0.010453 0.211231 -0.155732 0.150567 10.000000 0.063000
1698.000000 0.009774 0.211791 -0.148571 0.139258 10.000000 0.063000
1699.000000 0.009199 0.212122 -0.136995 0.114855 10.000000 0.063000
1700.000000 0.008676 0.212340 -0.123521 0.085645 10.000000 0.063000
1701.000000 0.008249 0.212368 -0.109457 0.055834 10.000000 0.063000
1702.000000 0.007879 0.212243 -0.094841 0.023810 10.000000 0.063000
1703.000000 0.007509 0.212119 -0.084652 0.000014 10.000000 0.063000
1704.000000 0.007284 0.211689 -0.072451 -0.027112 10.000000 0.063000
1705.000000 0.007090 0.211260 -0.057639 -0.055904 10.000000 0.063000
1706.000000 0.006901 0.210793 -0.048353 -0.072436 10.000000 0.063000
1707.000000 0.006760 0.210210 -0.041051 -0.088398 10.000000 0.063000
1708.000000 0.006607 0.209705 -0.035581 -0.098394 10.000000 0.063000
1709.000000 0.006491 0.209161 -0.031616 -0.101579 10.000000 0.063000
1710.000000 0.006406 0.208619 -0.026233 -0.105043 10.000000 0.063000
1711.000000 0.006320 0.208076 -0.022007 -0.106789 10.000000 0.063000
1712.000000 0.006227 0.207571 -0.020226 -0.105794 10.000000 0.063000
1713.000000 0.006171 0.207029 -0.017820 -0.105270 10.000000 0.063000
1714.000000 0.006076 0.206524 -0.016699 -0.105009 10.000000 0.063000
1715.000000 0.006013 0.206020 -0.016483 -0.102993 10.000000 0.063000
1716.000000 0.005949 0.205515 -0.014853 -0.101945 10.000000 0.063000
1717.000000 0.005889 0.204972 -0.013882 -0.103315 10.000000 0.063000
1718.000000 0.005822 0.204468 -0.013483 -0.104021 10.000000 0.063000
1719.000000 0.005788 0.203964 -0.011990 -0.102468 10.000000 0.063000
1720.000000 0.005758 0.203421 -0.009460 -0.103555 10.000000 0.063000
1721.000000 0.005722 0.202917 -0.008256 -0.104117 10.000000 0.063000
1722.000000 0.005647 0.202451 -0.009839 -0.100644 10.000000 0.063000
1723.000000 0.005609 0.201947 -0.010734 -0.098883 10.000000 0.063000
1724.000000 0.005570 0.201442 -0.009409 -0.099864 10.000000 0.063000
1725.000000 0.005488 0.201015 -0.010906 -0.096599 10.000000 0.063000
1726.000000 0.005443 0.200549 -0.011973 -0.093045 10.000000 0.063000
1727.000000 0.005354 0.200160 -0.012801 -0.089339 10.000000 0.063000
1728.000000 0.005341 0.199694 -0.011648 -0.087433 10.000000 0.063000
1729.000000 0.005252 0.199305 -0.011122 -0.086464 10.000000 0.063000
1730.000000 0.005157 0.198955 -0.014855 -0.080325 10.000000 0.063000
1731.000000 0.005057 0.198643 -0.017228 -0.073399 10.000000 0.063000
1732.000000 0.004961 0.198293 -0.018492 -0.069870 10.000000 0.063000
1733.000000 0.004864 0.197942 -0.018980 -0.069972 10.000000 0.063000
1734.000000 0.004725 0.197669 -0.021340 -0.066244 10.000000 0.063000
1735.000000 0.004589 0.197357 -0.024458 -0.062465 10.000000 0.063000
1736.000000 0.004449 0.197083 -0.026086 -0.060535 10.000000 0.063000
1737.000000 0.004346 0.196772 -0.025304 -0.059531 10.000000 0.063000
1738.000000 0.004205 0.196498 -0.024946 -0.059015 10.000000 0.063000
1739.000000 0.004056 0.196303 -0.027038 -0.053064 10.000000 0.063000
1740.000000 0.003914 0.196029 -0.028149 -0.050029 10.000000 0.063000
1741.000000 0.003771 0.195756 -0.028372 -0.052280 10.000000 0.063000
1742.000000 0.003587 0.195560 -0.030561 -0.049633 10.000000 0.063000
1743.000000 0.003406 0.195326 -0.033573 -0.046392 10.000000 0.063000
1744.000000 0.003220 0.195130 -0.035135 -0.044731 10.000000 0.063000
1745.000000 0.003076 0.194857 -0.034124 -0.045768 10.000000 0.063000
1746.000000 0.002932 0.194584 -0.031619 -0.050083 10.000000 0.063000
1747.000000 0.002746 0.194388 -0.032403 -0.048481 10.000000 0.063000
1748.000000 0.002593 0.194193 -0.033183 -0.043856 10.000000 0.063000
1749.000000 0.002403 0.194036 -0.033777 -0.039586 10.000000 0.063000
1750.000000 0.002212 0.193880 -0.035949 -0.035509 10.000000 0.063000
1751.000000 0.002021 0.193723 -0.037078 -0.033422 10.000000 0.063000
1752.000000 0.001793 0.193606 -0.039516 -0.030449 10.000000 0.063000
1753.000000 0.001601 0.193449 -0.040781 -0.028926 10.000000 0.063000
1754.000000 0.001406 0.193332 -0.039763 -0.028131 10.000000 0.063000
1755.000000 0.001245 0.193215 -0.037746 -0.025811 10.000000 0.063000
1756.000000 0.001050 0.193098 -0.036734 -0.024618 10.000000 0.063000
1757.000000 0.000848 0.193058 -0.038221 -0.020196 10.000000 0.063000
1758.000000 0.000646 0.193019 -0.039304 -0.014123 10.000000 0.063000
1759.000000 0.000484 0.192902 -0.037873 -0.014829 10.000000 0.063000
1760.000000 0.000282 0.192863 -0.037146 -0.015176 10.000000 0.063000
1761.000000 0.000080 0.192824 -0.038774 -0.011535 10.000000 0.063000
1762.000000 -0.000125 0.192825 -0.039756 -0.007763 10.000000 0.063000
1763.000000 -0.000290 0.192747 -0.038432 -0.007740 10.000000 0.063000
1764.000000 -0.000421 0.192669 -0.034099 -0.011537 10.000000 0.063000
1765.000000 -0.000589 0.192631 -0.032048 -0.011560 10.000000 0.063000
1766.000000 -0.000798 0.192670 -0.034810 -0.005839 10.000000 0.063000
1767.000000 -0.000969 0.192670 -0.036367 -0.001011 10.000000 0.063000
1768.000000 -0.001141 0.192671 -0.035329 -0.000453 10.000000 0.063000
1769.000000 -0.001312 0.192672 -0.034801 -0.000160 10.000000 0.063000
1770.000000 -0.001483 0.192672 -0.034531 -0.000003 10.000000 0.063000
1771.000000 -0.001655 0.192673 -0.034394 0.000084 10.000000 0.063000
1772.000000 -0.001826 0.192674 -0.034324 0.000137 10.000000 0.063000
1773.000000 -0.001963 0.192675 -0.032608 0.000160 10.000000 0.063000
1774.000000 -0.002137 0.192714 -0.031874 0.002085 10.000000 0.063000
1775.000000 -0.002314 0.192793 -0.033459 0.006896 10.000000 0.063000
1776.000000 -0.002451 0.192794 -0.032445 0.007434 10.000000 0.063000
1777.000000 -0.002628 0.192873 -0.031921 0.007718 10.000000 0.063000
1778.000000 -0.002768 0.192913 -0.031794 0.009773 10.000000 0.063000
1779.000000 -0.002945 0.192992 -0.031722 0.010828 10.000000 0.063000
1780.000000 -0.003085 0.193032 -0.031683 0.011371 10.000000 0.063000
1781.000000 -0.003187 0.193033 -0.028029 0.007809 10.000000 0.063000
1782.000000 -0.003256 0.193033 -0.022671 0.004058 10.000000 0.063000
1783.000000 -0.003361 0.193073 -0.020079 0.004056 10.000000 0.063000
1784.000000 -0.003435 0.193152 -0.019032 0.007866 10.000000 0.063000
1785.000000 -0.003504 0.193152 -0.016684 0.007887 10.000000 0.063000
1786.000000 -0.003575 0.193192 -0.015347 0.005993 10.000000 0.063000
1787.000000 -0.003609 0.193192 -0.012990 0.005011 10.000000 0.063000
1788.000000 -0.003680 0.193232 -0.011787 0.004512 10.000000 0.063000
1789.000000 -0.003715 0.193232 -0.011175 0.004258 10.000000 0.063000
1790.000000 -0.003749 0.193233 -0.009048 0.002205 10.000000 0.063000
1791.000000 -0.003746 0.193194 -0.006151 -0.000765 10.000000 0.063000
1792.000000 -0.003746 0.193194 -0.002997 -0.002295 10.000000 0.063000
1793.000000 -0.003749 0.193233 -0.001664 0.000736 10.000000 0.063000
1794.000000 -0.003746 0.193194 -0.000848 0.000375 10.000000 0.063000
1795.000000 -0.003746 0.193194 -0.000295 -0.001715 10.000000 0.063000
1796.000000 -0.003746 0.193194 -0.000150 -0.000874 10.000000 0.063000
1797.000000 -0.003746 0.193194 -0.000077 -0.000445 10.000000 0.063000
1798.000000 -0.003746 0.193194 -0.000039 -0.000227 10.000000 0.063000
1799.000000 -0.003746 0.193194 -0.000020 -0.000116 10.000000 0.063000
1800.000000 -0.003746 0.193194 -0.000010 -0.000059 10.000000 0.063000
1801.000000 -0.003746 0.193194 -0.000005 -0.000030 10.000000 0.063000
1802.000000 -0.003752 0.193271 -0.000278 0.003796 10.000000 0.063000
1803.000000 -0.003754 0.193310 -0.000554 0.007652 10.000000 0.063000
1804.000000 -0.003723 0.193349 0.001118 0.007692 10.000000 0.063000
1805.000000 -0.003692 0.193387 0.003645 0.007696 10.000000 0.063000
1806.000000 -0.003586 0.193347 0.008564 0.003854 10.000000 0.063000
1807.000000 -0.003518 0.193347 0.012886 -0.000024 10.000000 0.063000
1808.000000 -0.003415 0.193346 0.014950 -0.000091 10.000000 0.063000
1809.000000 -0.003384 0.193384 0.014183 0.001797 10.000000 0.063000
1810.000000 -0.003281 0.193383 0.013792 0.002761 10.000000 0.063000
1811.000000 -0.003176 0.193343 0.017230 -0.000586 10.000000 0.063000
1812.000000 -0.003070 0.193304 0.019125 -0.004194 10.000000 0.063000
1813.000000 -0.002968 0.193303 0.019949 -0.004123 10.000000 0.063000
1814.000000 -0.002902 0.193341 0.018405 -0.000262 10.000000 0.063000
1815.000000 -0.002760 0.193262 0.019586 -0.002113 10.000000 0.063000
1816.000000 -0.002657 0.193262 0.022007 -0.004972 10.000000 0.063000
1817.000000 -0.002595 0.193339 0.019307 0.001219 10.000000 0.063000
1818.000000 -0.002529 0.193377 0.016109 0.006291 10.000000 0.063000
1819.000000 -0.002427 0.193376 0.016445 0.005056 10.000000 0.063000
1820.000000 -0.002324 0.193376 0.018438 0.002513 10.000000 0.063000
1821.000000 -0.002221 0.193375 0.019454 0.001220 10.000000 0.063000
1822.000000 -0.002119 0.193374 0.019972 0.000565 10.000000 0.063000
1823.000000 -0.002016 0.193374 0.020236 0.000234 10.000000 0.063000
1824.000000 -0.001880 0.193373 0.022047 0.000061 10.000000 0.063000
1825.000000 -0.001740 0.193334 0.024798 -0.001935 10.000000 0.063000
1826.000000 -0.001640 0.193372 0.024371 -0.001036 10.000000 0.063000
1827.000000 -0.001538 0.193371 0.022328 0.001337 10.000000 0.063000
1828.000000 -0.001438 0.193410 0.021283 0.002549 10.000000 0.063000
1829.000000 -0.001298 0.193370 0.022582 0.001260 10.000000 0.063000
1830.000000 -0.001162 0.193370 0.025071 -0.001302 10.000000 0.063000
1831.000000 -0.001022 0.193331 0.026343 -0.002601 10.000000 0.063000
1832.000000 -0.000885 0.193330 0.026991 -0.003258 10.000000 0.063000
1833.000000 -0.000711 0.193291 0.029002 -0.003588 10.000000 0.063000
1834.000000 -0.000574 0.193291 0.030026 -0.003751 10.000000 0.063000
1835.000000 -0.000437 0.193291 0.028716 -0.001922 10.000000 0.063000
1836.000000 -0.000375 0.193368 0.024376 0.002822 10.000000 0.063000
1837.000000 -0.000238 0.193368 0.022166 0.005244 10.000000 0.063000
1838.000000 -0.000098 0.193329 0.024867 0.000768 10.000000 0.063000
1839.000000 0.000001 0.193368 0.024406 0.000395 10.000000 0.063000
1840.000000 0.000138 0.193368 0.024013 0.002115 10.000000 0.063000
1841.000000 0.000274 0.193368 0.025648 0.001092 10.000000 0.063000
1842.000000 0.000415 0.193330 0.026645 -0.001327 10.000000 0.063000
1843.000000 0.000517 0.193330 0.025475 -0.002559 10.000000 0.063000
1844.000000 0.000654 0.193330 0.024719 -0.001277 10.000000 0.063000
1845.000000 0.000716 0.193408 0.022327 0.003179 10.000000 0.063000
1846.000000 0.000818 0.193408 0.019433 0.005450 10.000000 0.063000
1847.000000 0.000958 0.193369 0.021802 0.000908 10.000000 0.063000
1848.000000 0.001061 0.193370 0.023009 -0.001403 10.000000 0.063000
1849.000000 0.001163 0.193370 0.021784 -0.000679 10.000000 0.063000
1850.000000 0.001304 0.193332 0.023003 -0.002202 10.000000 0.063000
1851.000000 0.001444 0.193293 0.025469 -0.004870 10.000000 0.063000
1852.000000 0.001543 0.193333 0.024715 -0.002427 10.000000 0.063000
1853.000000 0.001683 0.193294 0.024334 -0.001176 10.000000 0.063000
1854.000000 0.001745 0.193372 0.022289 0.001356 10.000000 0.063000
1855.000000 0.001847 0.193373 0.019404 0.004544 10.000000 0.063000
1856.000000 0.001953 0.193335 0.020117 0.000470 10.000000 0.063000
1857.000000 0.002056 0.193335 0.020480 -0.001603 10.000000 0.063000
1858.000000 0.002158 0.193336 0.020496 -0.000753 10.000000 0.063000
1859.000000 0.002261 0.193336 0.020504 -0.000317 10.000000 0.063000
1860.000000 0.002364 0.193337 0.020508 -0.000092 10.000000 0.063000
1861.000000 0.002466 0.193338 0.020510 0.000026 10.000000 0.063000
1862.000000 0.002569 0.193339 0.020511 0.000089 10.000000 0.063000
1863.000000 0.002596 0.193416 0.016810 0.003901 10.000000 0.063000
1864.000000 0.002702 0.193378 0.015100 0.003944 10.000000 0.063000
1865.000000 0.002774 0.193340 0.016424 -0.001730 10.000000 0.063000
1866.000000 0.002839 0.193379 0.015074 -0.000826 10.000000 0.063000
1867.000000 0.002945 0.193341 0.016066 -0.000350 10.000000 0.063000
1868.000000 0.002976 0.193381 0.014891 -0.000121 10.000000 0.063000
1869.000000 0.003082 0.193343 0.014295 -0.000002 10.000000 0.063000
1870.000000 0.003150 0.193343 0.015843 -0.001828 10.000000 0.063000
1871.000000 0.003219 0.193344 0.014779 -0.000869 10.000000 0.063000
1872.000000 0.003211 0.193421 0.010531 0.003392 10.000000 0.063000
1873.000000 0.003280 0.193422 0.008367 0.005566 10.000000 0.063000
1874.000000 0.003355 0.193345 0.011323 -0.000906 10.000000 0.063000
1875.000000 0.003386 0.193384 0.010975 -0.002316 10.000000 0.063000
1876.000000 0.003420 0.193385 0.008769 0.000755 10.000000 0.063000
1877.000000 0.003492 0.193346 0.009675 -0.001468 10.000000 0.063000
1878.000000 0.003564 0.193308 0.011992 -0.004485 10.000000 0.063000
1879.000000 0.003598 0.193309 0.011318 -0.004136 10.000000 0.063000
1880.000000 0.003629 0.193348 0.008943 -0.000170 10.000000 0.063000
1881.000000 0.003625 0.193387 0.005878 0.003735 10.000000 0.063000
1882.000000 0.003659 0.193387 0.004494 0.003823 10.000000 0.063000
1883.000000 0.003663 0.193348 0.004144 0.000063 10.000000 0.063000
1884.000000 0.003697 0.193348 0.003966 -0.001853 10.000000 0.063000
1885.000000 0.003735 0.193310 0.005553 -0.002811 10.000000 0.063000
1886.000000 0.003731 0.193349 0.004506 -0.001415 10.000000 0.063000
1887.000000 0.003807 0.193272 0.005828 -0.002587 10.000000 0.063000
1888.000000 0.003807 0.193272 0.006680 -0.005087 10.000000 0.063000
1889.000000 0.003845 0.193234 0.005259 -0.004476 10.000000 0.063000
1890.000000 0.003807 0.193272 0.002679 -0.002281 10.000000 0.063000
1891.000000 0.003807 0.193272 -0.000490 0.000723 10.000000 0.063000
1892.000000 0.003845 0.193234 0.001605 -0.001516 10.000000 0.063000
1893.000000 0.003845 0.193234 0.002673 -0.002657 10.000000 0.063000
1894.000000 0.003845 0.193234 0.001362 -0.001354 10.000000 0.063000
1895.000000 0.003845 0.193234 0.000694 -0.000690 10.000000 0.063000
1896.000000 0.003845 0.193234 0.000354 -0.000351 10.000000 0.063000
1897.000000 0.003845 0.193234 0.000180 -0.000179 10.000000 0.063000
1898.000000 0.003845 0.193234 0.000092 -0.000091 10.000000 0.063000
1899.000000 0.003845 0.193234 0.000047 -0.000046 10.000000 0.063000
1900.000000 0.003845 0.193234 0.000024 -0.000024 10.000000 0.063000
1901.000000 0.003845 0.193234 0.000012 -0.000012 10.000000 0.063000
1902.000000 0.003845 0.193234 0.000006 -0.000006 10.000000 0.063000
1903.000000 0.003849 0.193195 0.000181 -0.001906 10.000000 0.063000
1904.000000 0.003852 0.193156 0.000447 -0.004776 10.000000 0.063000
1905.000000 0.003856 0.193117 0.000582 -0.006238 10.000000 0.063000
1906.000000 0.003859 0.193078 0.000650 -0.006984 10.000000 0.063000
1907.000000 0.003791 0.193078 -0.002849 -0.005496 10.000000 0.063000
1908.000000 0.003795 0.193039 -0.004632 -0.004739 10.000000 0.063000
1909.000000 0.003760 0.193038 -0.003862 -0.004334 10.000000 0.063000
1910.000000 0.003722 0.193077 -0.005500 -0.000341 10.000000 0.063000
1911.000000 0.003692 0.193038 -0.006159 -0.000208 10.000000 0.063000
1912.000000 0.003658 0.193037 -0.006319 -0.002043 10.000000 0.063000
1913.000000 0.003623 0.193037 -0.006576 -0.001075 10.000000 0.063000
1914.000000 0.003555 0.193036 -0.008386 -0.000597 10.000000 0.063000
1915.000000 0.003521 0.193036 -0.009307 -0.000353 10.000000 0.063000
1916.000000 0.003494 0.192958 -0.007752 -0.004018 10.000000 0.063000
1917.000000 0.003535 0.192881 -0.003253 -0.009659 10.000000 0.063000
1918.000000 0.003504 0.192842 -0.001137 -0.010630 10.000000 0.063000
1919.000000 0.003466 0.192880 -0.003937 -0.005448 10.000000 0.063000
1920.000000 0.003470 0.192841 -0.003686 -0.002792 10.000000 0.063000
1921.000000 0.003439 0.192802 -0.003211 -0.005244 10.000000 0.063000
1922.000000 0.003405 0.192802 -0.004822 -0.004607 10.000000 0.063000
1923.000000 0.003371 0.192802 -0.005816 -0.002379 10.000000 0.063000
1924.000000 0.003340 0.192762 -0.006150 -0.003146 10.000000 0.063000
1925.000000 0.003347 0.192685 -0.004298 -0.007328 10.000000 0.063000
1926.000000 0.003351 0.192646 -0.001674 -0.009442 10.000000 0.063000
1927.000000 0.003354 0.192607 -0.000510 -0.008617 10.000000 0.063000
1928.000000 0.003320 0.192607 -0.001769 -0.006309 10.000000 0.063000
1929.000000 0.003286 0.192607 -0.004262 -0.003245 10.000000 0.063000
1930.000000 0.003289 0.192568 -0.003681 -0.003572 10.000000 0.063000
1931.000000 0.003258 0.192529 -0.003215 -0.005641 10.000000 0.063000
1932.000000 0.003224 0.192528 -0.004829 -0.004807 10.000000 0.063000
1933.000000 0.003193 0.192489 -0.005652 -0.004382 10.000000 0.063000
1934.000000 0.003200 0.192412 -0.004052 -0.007957 10.000000 0.063000
1935.000000 0.003207 0.192334 -0.001387 -0.011667 10.000000 0.063000
1936.000000 0.003211 0.192295 -0.000198 -0.011654 10.000000 0.063000
1937.000000 0.003176 0.192295 -0.001614 -0.007856 10.000000 0.063000
1938.000000 0.003183 0.192217 -0.002168 -0.007824 10.000000 0.063000
1939.000000 0.003149 0.192217 -0.002449 -0.007808 10.000000 0.063000
1940.000000 0.003156 0.192139 -0.002595 -0.007800 10.000000 0.063000
1941.000000 0.003084 0.192178 -0.004519 -0.005906 10.000000 0.063000
1942.000000 0.003091 0.192100 -0.005501 -0.004942 10.000000 0.063000
1943.000000 0.003097 0.192022 -0.002134 -0.010131 10.000000 0.063000
1944.000000 0.003142 0.191906 0.001431 -0.014665 10.000000 0.063000
1945.000000 0.003108 0.191906 0.001230 -0.013182 10.000000 0.063000
1946.000000 0.003108 0.191906 -0.001057 -0.006731 10.000000 0.063000
1947.000000 0.003111 0.191867 -0.000372 -0.005333 10.000000 0.063000
1948.000000 0.003115 0.191828 0.000143 -0.006524 10.000000 0.063000
1949.000000 0.003121 0.191751 0.000571 -0.009035 10.000000 0.063000
1950.000000 0.003125 0.191712 0.000789 -0.010314 10.000000 0.063000
1951.000000 0.003128 0.191673 0.000733 -0.009062 10.000000 0.063000
1952.000000 0.003135 0.191595 0.000869 -0.010328 10.000000 0.063000
1953.000000 0.003138 0.191557 0.000939 -0.010973 10.000000 0.063000
1954.000000 0.003142 0.191518 0.000808 -0.009398 10.000000 0.063000
1955.000000 0.003142 0.191518 0.000577 -0.006692 10.000000 0.063000
1956.000000 0.003148 0.191440 0.000623 -0.007217 10.000000 0.063000
1957.000000 0.003152 0.191401 0.000811 -0.009388 10.000000 0.063000
1958.000000 0.003155 0.191362 0.000742 -0.008591 10.000000 0.063000
1959.000000 0.003158 0.191324 0.000706 -0.008184 10.000000 0.063000
1960.000000 0.003165 0.191246 0.000851 -0.009881 10.000000 0.063000
1961.000000 0.003172 0.191168 0.001087 -0.012649 10.000000 0.063000
1962.000000 0.003175 0.191130 0.001043 -0.012156 10.000000 0.063000
1963.000000 0.003182 0.191052 0.001019 -0.011905 10.000000 0.063000
1964.000000 0.003182 0.191052 0.000845 -0.009873 10.000000 0.063000
1965.000000 0.003185 0.191013 0.000593 -0.006934 10.000000 0.063000
1966.000000 0.003192 0.190935 0.000789 -0.009245 10.000000 0.063000
1967.000000 0.003195 0.190897 0.000888 -0.010422 10.000000 0.063000
1968.000000 0.003236 0.190819 0.002627 -0.011006 10.000000 0.063000
1969.000000 0.003243 0.190742 0.003674 -0.013208 10.000000 0.063000
1970.000000 0.003249 0.190664 0.002516 -0.014345 10.000000 0.063000
1971.000000 0.003256 0.190586 0.001925 -0.014925 10.000000 0.063000
1972.000000 0.003259 0.190547 0.001462 -0.013316 10.000000 0.063000
1973.000000 0.003297 0.190509 0.002757 -0.010577 10.000000 0.063000
1974.000000 0.003303 0.190431 0.003576 -0.011086 10.000000 0.063000
1975.000000 0.003344 0.190354 0.004154 -0.013248 10.000000 0.063000
1976.000000 0.003351 0.190276 0.004446 -0.014351 10.000000 0.063000
1977.000000 0.003430 0.190161 0.006447 -0.016799 10.000000 0.063000
1978.000000 0.003436 0.190083 0.007465 -0.018048 10.000000 0.063000
1979.000000 0.003480 0.189967 0.006290 -0.018699 10.000000 0.063000
1980.000000 0.003487 0.189889 0.005690 -0.019032 10.000000 0.063000
1981.000000 0.003493 0.189811 0.003531 -0.017314 10.000000 0.063000
1982.000000 0.003534 0.189734 0.004124 -0.016421 10.000000 0.063000
1983.000000 0.003575 0.189657 0.006121 -0.015950 10.000000 0.063000
1984.000000 0.003582 0.189579 0.005442 -0.015727 10.000000 0.063000
1985.000000 0.003626 0.189463 0.005253 -0.017517 10.000000 0.063000
1986.000000 0.003708 0.189308 0.008861 -0.022202 10.000000 0.063000
1987.000000 0.003749 0.189231 0.010542 -0.022685 10.000000 0.063000
1988.000000 0.003758 0.189115 0.007847 -0.021062 10.000000 0.063000
1989.000000 0.003765 0.189037 0.004775 -0.020253 10.000000 0.063000
1990.000000 0.003809 0.188921 0.004906 -0.019823 10.000000 0.063000
1991.000000 0.003809 0.188921 0.004663 -0.015795 10.000000 0.063000
1992.000000 0.003853 0.188805 0.004538 -0.013743 10.000000 0.063000
1993.000000 0.003859 0.188727 0.004783 -0.016506 10.000000 0.063000
1994.000000 0.003903 0.188611 0.004906 -0.017914 10.000000 0.063000
1995.000000 0.003985 0.188456 0.008675 -0.022403 10.000000 0.063000
1996.000000 0.003992 0.188379 0.008740 -0.022804 10.000000 0.063000
1997.000000 0.004039 0.188224 0.007070 -0.023027 10.000000 0.063000
1998.000000 0.004007 0.188184 0.004363 -0.021256 10.000000 0.063000
1999.000000 0.004051 0.188068 0.002830 -0.018449 10.000000 0.063000
2000.000000 0.004092 0.187991 0.005606 -0.018885 10.000000 0.063000
2001.000000 0.004101 0.187874 0.005314 -0.019126 10.000000 0.063000
2002.000000 0.004145 0.187758 0.005316 -0.021154 10.000000 0.063000
2003.000000 0.004189 0.187642 0.007019 -0.022167 10.000000 0.063000
2004.000000 0.004233 0.187526 0.007886 -0.022683 10.000000 0.063000
2005.000000 0.004280 0.187371 0.008475 -0.024851 10.000000 0.063000
2006.000000 0.004289 0.187255 0.007066 -0.025976 10.000000 0.063000
2007.000000 0.004296 0.187177 0.004343 -0.022760 10.000000 0.063000
2008.000000 0.004342 0.187022 0.004807 -0.023006 10.000000 0.063000
2009.000000 0.004346 0.186983 0.004896 -0.021226 10.000000 0.063000
2010.000000 0.004392 0.186828 0.004938 -0.020319 10.000000 0.063000
2011.000000 0.004436 0.186712 0.006962 -0.023646 10.000000 0.063000
2012.000000 0.004445 0.186595 0.006133 -0.023458 10.000000 0.063000
2013.000000 0.004530 0.186402 0.007711 -0.027150 10.000000 0.063000
2014.000000 0.004539 0.186285 0.008511 -0.029032 10.000000 0.063000
2015.000000 0.004586 0.186130 0.007060 -0.028107 10.000000 0.063000
2016.000000 0.004594 0.186014 0.006317 -0.027636 10.000000 0.063000
2017.000000 0.004603 0.185897 0.004079 -0.025513 10.000000 0.063000
2018.000000 0.004647 0.185781 0.004651 -0.024409 10.000000 0.063000
2019.000000 0.004691 0.185665 0.006653 -0.023825 10.000000 0.063000
2020.000000 0.004699 0.185549 0.005957 -0.023549 10.000000 0.063000
2021.000000 0.004746 0.185394 0.005742 -0.025314 10.000000 0.063000
2022.000000 0.004793 0.185239 0.007486 -0.028096 10.000000 0.063000
2023.000000 0.004839 0.185084 0.008371 -0.029514 10.000000 0.063000
2024.000000 0.004888 0.184890 0.008958 -0.032142 10.000000 0.063000
2025.000000 0.004859 0.184812 0.005539 -0.029716 10.000000 0.063000
2026.000000 0.004905 0.184657 0.003654 -0.026575 10.000000 0.063000
2027.000000 0.004952 0.184502 0.006405 -0.028739 10.000000 0.063000
2028.000000 0.004960 0.184385 0.005946 -0.027960 10.000000 0.063000
2029.000000 0.005007 0.184230 0.005709 -0.027562 10.000000 0.063000
2030.000000 0.005053 0.184075 0.007443 -0.029242 10.000000 0.063000
2031.000000 0.005137 0.183882 0.010182 -0.031979 10.000000 0.063000
2032.000000 0.005148 0.183726 0.009850 -0.033398 10.000000 0.063000
2033.000000 0.005197 0.183533 0.007952 -0.034146 10.000000 0.063000
2034.000000 0.005208 0.183377 0.006979 -0.034527 10.000000 0.063000
2035.000000 0.005219 0.183222 0.004619 -0.032841 10.000000 0.063000
2036.000000 0.005262 0.183106 0.005008 -0.030050 10.000000 0.063000
2037.000000 0.005311 0.182912 0.007058 -0.030510 10.000000 0.063000
2038.000000 0.005357 0.182757 0.008234 -0.032650 10.000000 0.063000
2039.000000 0.005406 0.182563 0.008826 -0.033741 10.000000 0.063000
2040.000000 0.005452 0.182408 0.009126 -0.034296 10.000000 0.063000
2041.000000 0.005500 0.182214 0.009273 -0.034579 10.000000 0.063000
2042.000000 0.005551 0.181981 0.009598 -0.038536 10.000000 0.063000
2043.000000 0.005562 0.181826 0.007898 -0.038673 10.000000 0.063000
2044.000000 0.005610 0.181632 0.006898 -0.036836 10.000000 0.063000
2045.000000 0.005656 0.181477 0.008119 -0.035874 10.000000 0.063000
2046.000000 0.005704 0.181283 0.008735 -0.035383 10.000000 0.063000
2047.000000 0.005752 0.181089 0.009170 -0.037040 10.000000 0.063000
2048.000000 0.005800 0.180896 0.009386 -0.037884 10.000000 0.063000
2049.000000 0.005886 0.180663 0.011351 -0.040192 10.000000 0.063000
2050.000000 0.005899 0.180469 0.010606 -0.041398 10.000000 0.063000
2051.000000 0.005949 0.180236 0.008480 -0.042039 10.000000 0.063000
2052.000000 0.005962 0.180042 0.007386 -0.042367 10.000000 0.063000
2053.000000 0.006010 0.179848 0.006703 -0.040628 10.000000 0.063000
2054.000000 0.006055 0.179693 0.007973 -0.037806 10.000000 0.063000
2055.000000 0.006105 0.179460 0.008731 -0.038275 10.000000 0.063000
2056.000000 0.006117 0.179266 0.007484 -0.040451 10.000000 0.063000
2057.000000 0.006165 0.179072 0.006726 -0.039652 10.000000 0.063000
2058.000000 0.006253 0.178801 0.010054 -0.043001 10.000000 0.063000
2059.000000 0.006302 0.178568 0.011857 -0.046614 10.000000 0.063000
2060.000000 0.006355 0.178297 0.011016 -0.048486 10.000000 0.063000
2061.000000 0.006366 0.178102 0.008715 -0.047562 10.000000 0.063000
2062.000000 0.006378 0.177908 0.005558 -0.043308 10.000000 0.063000
2063.000000 0.006425 0.177714 0.005695 -0.041110 10.000000 0.063000
2064.000000 0.006476 0.177442 0.007725 -0.043776 10.000000 0.063000
2065.000000 0.006526 0.177209 0.008863 -0.047041 10.000000 0.063000
2066.000000 0.006575 0.176977 0.009323 -0.046797 10.000000 0.063000
2067.000000 0.006662 0.176706 0.011413 -0.048549 10.000000 0.063000
2068.000000 0.006713 0.176434 0.012572 -0.051350 10.000000 0.063000
2069.000000 0.006764 0.176162 0.011393 -0.052809 10.000000 0.063000
2070.000000 0.006737 0.176006 0.006950 -0.047893 10.000000 0.063000
2071.000000 0.006788 0.175734 0.004672 -0.045389 10.000000 0.063000
2072.000000 0.006836 0.175502 0.007231 -0.047866 10.000000 0.063000
2073.000000 0.006885 0.175269 0.008424 -0.047219 10.000000 0.063000
2074.000000 0.006935 0.174997 0.009120 -0.048798 10.000000 0.063000
2075.000000 0.006985 0.174725 0.009563 -0.051511 10.000000 0.063000
2076.000000 0.007074 0.174415 0.011641 -0.054768 10.000000 0.063000
2077.000000 0.007126 0.174105 0.012779 -0.058336 10.000000 0.063000
2078.000000 0.007138 0.173871 0.009616 -0.056406 10.000000 0.063000
2079.000000 0.007149 0.173638 0.006030 -0.051640 10.000000 0.063000
2080.000000 0.007199 0.173366 0.006055 -0.051087 10.000000 0.063000
2081.000000 0.007248 0.173094 0.007920 -0.052680 10.000000 0.063000
2082.000000 0.007260 0.172861 0.006992 -0.051618 10.000000 0.063000
2083.000000 0.007309 0.172589 0.006506 -0.051077 10.000000 0.063000
2084.000000 0.007360 0.172279 0.008197 -0.054585 10.000000 0.063000
2085.000000 0.007411 0.171968 0.009129 -0.058281 10.000000 0.063000
2086.000000 0.007461 0.171657 0.009586 -0.060165 10.000000 0.063000
2087.000000 0.007512 0.171347 0.009801 -0.061125 10.000000 0.063000
2088.000000 0.007486 0.171112 0.006159 -0.057869 10.000000 0.063000
2089.000000 0.007534 0.170840 0.004208 -0.054301 10.000000 0.063000
2090.000000 0.007544 0.170607 0.004983 -0.052448 10.000000 0.063000
2091.000000 0.007558 0.170296 0.003653 -0.053450 10.000000 0.063000
2092.000000 0.007607 0.169985 0.004904 -0.057743 10.000000 0.063000
2093.000000 0.007618 0.169712 0.005443 -0.058022 10.000000 0.063000
2094.000000 0.007668 0.169402 0.005700 -0.058165 10.000000 0.063000
2095.000000 0.007718 0.169052 0.007751 -0.062020 10.000000 0.063000
2096.000000 0.007730 0.168740 0.006980 -0.064022 10.000000 0.063000
2097.000000 0.007703 0.168506 0.002762 -0.059388 10.000000 0.063000
2098.000000 0.007753 0.168156 0.002456 -0.058900 10.000000 0.063000
2099.000000 0.007763 0.167884 0.004150 -0.060525 10.000000 0.063000
2100.000000 0.007773 0.167611 0.003058 -0.057571 10.000000 0.063000
2101.000000 0.007784 0.167300 0.002547 -0.057977 10.000000 0.063000
2102.000000 0.007795 0.166988 0.002330 -0.060094 10.000000 0.063000
2103.000000 0.007843 0.166639 0.004062 -0.063046 10.000000 0.063000
2104.000000 0.007854 0.166327 0.004920 -0.064551 10.000000 0.063000
2105.000000 0.007864 0.166016 0.003467 -0.063446 10.000000 0.063000
2106.000000 0.007874 0.165704 0.002703 -0.062883 10.000000 0.063000
2107.000000 0.007883 0.165392 0.002290 -0.062597 10.000000 0.063000
2108.000000 0.007893 0.165081 0.002057 -0.062452 10.000000 0.063000
2109.000000 0.007902 0.164769 0.001914 -0.062379 10.000000 0.063000
2110.000000 0.007911 0.164458 0.001818 -0.062343 10.000000 0.063000
2111.000000 0.007921 0.164107 0.001792 -0.064235 10.000000 0.063000
2112.000000 0.007929 0.163796 0.001757 -0.065199 10.000000 0.063000
2113.000000 0.007938 0.163484 0.001663 -0.063782 10.000000 0.063000
2114.000000 0.007946 0.163133 0.001635 -0.064970 10.000000 0.063000
2115.000000 0.007955 0.162783 0.001638 -0.067486 10.000000 0.063000
2116.000000 0.007963 0.162471 0.001571 -0.066859 10.000000 0.063000
2117.000000 0.007970 0.162160 0.001469 -0.064629 10.000000 0.063000
2118.000000 0.007978 0.161809 0.001429 -0.065404 10.000000 0.063000
2119.000000 0.007985 0.161458 0.001421 -0.067710 10.000000 0.063000
2120.000000 0.007992 0.161108 0.001386 -0.068885 10.000000 0.063000
2121.000000 0.007998 0.160796 0.001308 -0.067574 10.000000 0.063000
2122.000000 0.008005 0.160446 0.001238 -0.066907 10.000000 0.063000
2123.000000 0.008012 0.160056 0.001234 -0.070388 10.000000 0.063000
2124.000000 0.008018 0.159705 0.001203 -0.072163 10.000000 0.063000
2125.000000 0.008024 0.159355 0.001125 -0.071157 10.000000 0.063000
2126.000000 0.008029 0.159004 0.001056 -0.070644 10.000000 0.063000
2127.000000 0.008034 0.158654 0.000991 -0.070384 10.000000 0.063000
2128.000000 0.008039 0.158303 0.000929 -0.070252 10.000000 0.063000
2129.000000 0.008044 0.157913 0.000884 -0.072095 10.000000 0.063000
2130.000000 0.008049 0.157524 0.000847 -0.074945 10.000000 0.063000
2131.000000 0.008052 0.157173 0.000778 -0.074487 10.000000 0.063000
2132.000000 0.007980 0.156860 -0.003029 -0.070508 10.000000 0.063000
2133.000000 0.008022 0.156432 -0.003121 -0.072265 10.000000 0.063000
2134.000000 0.007987 0.156081 -0.001338 -0.075033 10.000000 0.063000
2135.000000 0.007989 0.155769 -0.002345 -0.070749 10.000000 0.063000
2136.000000 0.007953 0.155418 -0.002896 -0.068566 10.000000 0.063000
2137.000000 0.007917 0.155066 -0.005056 -0.069402 10.000000 0.063000
2138.000000 0.007919 0.154676 -0.004329 -0.071702 10.000000 0.063000
2139.000000 0.007844 0.154363 -0.005861 -0.070999 10.000000 0.063000
2140.000000 0.007807 0.154012 -0.008544 -0.068767 10.000000 0.063000
2141.000000 0.007846 0.153584 -0.004351 -0.073252 10.000000 0.063000
2142.000000 0.007808 0.153233 -0.002252 -0.075537 10.000000 0.063000
2143.000000 0.007770 0.152881 -0.004949 -0.072952 10.000000 0.063000
2144.000000 0.007731 0.152569 -0.006349 -0.069724 10.000000 0.063000
2145.000000 0.007693 0.152217 -0.007100 -0.068079 10.000000 0.063000
2146.000000 0.007691 0.151789 -0.005673 -0.072937 10.000000 0.063000
2147.000000 0.007652 0.151437 -0.004982 -0.075412 10.000000 0.063000
2148.000000 0.007573 0.151124 -0.008387 -0.071011 10.000000 0.063000
2149.000000 0.007533 0.150734 -0.010178 -0.070678 10.000000 0.063000
2150.000000 0.007492 0.150382 -0.009261 -0.072383 10.000000 0.063000
2151.000000 0.007489 0.149993 -0.006952 -0.073217 10.000000 0.063000
2152.000000 0.007447 0.149602 -0.005838 -0.075552 10.000000 0.063000
2153.000000 0.007405 0.149251 -0.007168 -0.074865 10.000000 0.063000
2154.000000 0.007363 0.148900 -0.007863 -0.072603 10.000000 0.063000
2155.000000 0.007319 0.148509 -0.008284 -0.073361 10.000000 0.063000
2156.000000 0.007276 0.148158 -0.008533 -0.073746 10.000000 0.063000
2157.000000 0.007194 0.147806 -0.010568 -0.072063 10.000000 0.063000
2158.000000 0.007150 0.147416 -0.011677 -0.073116 10.000000 0.063000
2159.000000 0.007105 0.147026 -0.010425 -0.075528 10.000000 0.063000
2160.000000 0.007098 0.146636 -0.007927 -0.076723 10.000000 0.063000
2161.000000 0.007052 0.146246 -0.006700 -0.077331 10.000000 0.063000
2162.000000 0.007007 0.145894 -0.007971 -0.075762 10.000000 0.063000
2163.000000 0.006961 0.145543 -0.008617 -0.073051 10.000000 0.063000
2164.000000 0.006876 0.145191 -0.010891 -0.071700 10.000000 0.063000
2165.000000 0.006828 0.144801 -0.012136 -0.072921 10.000000 0.063000
2166.000000 0.006743 0.144488 -0.012761 -0.071630 10.000000 0.063000
2167.000000 0.006694 0.144059 -0.013180 -0.072881 10.000000 0.063000
2168.000000 0.006683 0.143631 -0.009764 -0.079186 10.000000 0.063000
2169.000000 0.006635 0.143279 -0.007959 -0.078576 10.000000 0.063000
2170.000000 0.006584 0.142850 -0.009006 -0.078295 10.000000 0.063000
2171.000000 0.006498 0.142576 -0.011368 -0.074360 10.000000 0.063000
2172.000000 0.006448 0.142186 -0.012564 -0.070444 10.000000 0.063000
