# imt log
s logheadsize 000234
s logcolumns 7
s logname /home/testac/lgames/fitts/20180710_Tue/run1.092050.dat
s logversion 2.0
s logdate "Tue Jul 10 09:20:50 EDT 2018"
s logidate 1531228850

# begin user data

# end user data

#####
1795.000000 -0.002688 0.003097 -0.000000 0.000000 0.000000 1.000000
1796.000000 -0.002688 0.003097 -0.000000 0.000000 0.000000 1.000000
1797.000000 -0.002688 0.003097 -0.000000 0.000000 7.000000 0.000000
1798.000000 -0.002688 0.003097 -0.000000 0.000000 7.000000 0.000000
1799.000000 -0.002688 0.003097 -0.000000 0.000000 7.000000 0.000000
1800.000000 -0.002688 0.003097 -0.000000 0.000000 7.000000 0.000000
1801.000000 -0.002688 0.003097 -0.000000 0.000000 7.000000 0.000000
1802.000000 -0.002688 0.003097 -0.000000 0.000000 7.000000 0.000000
1803.000000 -0.002688 0.003097 -0.000000 0.000000 7.000000 0.000000
1804.000000 -0.002688 0.003097 -0.000000 0.000000 7.000000 0.000000
1805.000000 -0.002688 0.003097 -0.000000 0.000000 7.000000 0.000000
1806.000000 -0.002688 0.003097 -0.000000 0.000000 7.000000 0.000000
1807.000000 -0.002688 0.003097 -0.000000 0.000000 7.000000 0.000000
1808.000000 -0.002688 0.003097 -0.000000 0.000000 7.000000 0.000000
1809.000000 -0.002688 0.003097 -0.000000 0.000000 7.000000 0.000000
1810.000000 -0.002688 0.003097 -0.000000 0.000000 7.000000 0.000000
1811.000000 -0.002688 0.003097 -0.000000 0.000000 7.000000 0.000000
1812.000000 -0.002688 0.003097 -0.000000 0.000000 7.000000 0.000000
1813.000000 -0.002688 0.003097 -0.000000 0.000000 7.000000 0.000000
1814.000000 -0.002688 0.003097 -0.000000 0.000000 7.000000 0.000000
1815.000000 -0.002688 0.003097 -0.000000 0.000000 7.000000 0.000000
1816.000000 -0.002688 0.003097 -0.000000 0.000000 7.000000 0.000000
1817.000000 -0.002688 0.003097 -0.000000 0.000000 7.000000 0.000000
1818.000000 -0.002688 0.003097 -0.000000 0.000000 7.000000 0.000000
1819.000000 -0.002688 0.003097 -0.000000 0.000000 7.000000 0.000000
1820.000000 -0.002688 0.003097 -0.000000 0.000000 7.000000 0.000000
1821.000000 -0.002688 0.003097 -0.000000 0.000000 7.000000 0.000000
1822.000000 -0.002688 0.003097 -0.000000 0.000000 7.000000 0.000000
1823.000000 -0.002688 0.003097 -0.000000 0.000000 7.000000 0.000000
1824.000000 -0.002688 0.003097 -0.000000 0.000000 7.000000 0.000000
1825.000000 -0.002688 0.003097 -0.000000 0.000000 7.000000 0.000000
1826.000000 -0.002688 0.003097 -0.000000 0.000000 7.000000 0.000000
1827.000000 -0.002688 0.003097 -0.000000 0.000000 7.000000 0.000000
1828.000000 -0.002688 0.003097 -0.000000 0.000000 7.000000 0.000000
1829.000000 -0.002688 0.003097 -0.000000 0.000000 7.000000 0.000000
1830.000000 -0.002688 0.003097 -0.000000 0.000000 7.000000 0.000000
1831.000000 -0.002688 0.003097 -0.000000 0.000000 7.000000 0.000000
1832.000000 -0.002688 0.003097 -0.000000 0.000000 7.000000 0.000000
1833.000000 -0.002688 0.003097 -0.000000 0.000000 7.000000 0.000000
1834.000000 -0.002688 0.003097 -0.000000 0.000000 7.000000 0.000000
1835.000000 -0.002688 0.003097 -0.000000 0.000000 7.000000 0.000000
1836.000000 -0.002688 0.003097 -0.000000 0.000000 7.000000 0.000000
1837.000000 -0.002688 0.003097 -0.000000 0.000000 7.000000 0.000000
1838.000000 -0.002688 0.003097 -0.000000 0.000000 7.000000 0.000000
1839.000000 -0.002688 0.003097 -0.000000 0.000000 7.000000 0.000000
1840.000000 -0.002688 0.003097 -0.000000 0.000000 7.000000 0.000000
1841.000000 -0.002688 0.003097 -0.000000 0.000000 7.000000 0.000000
1842.000000 -0.002688 0.003097 -0.000000 0.000000 7.000000 0.000000
1843.000000 -0.002688 0.003097 -0.000000 0.000000 7.000000 0.000000
1844.000000 -0.002688 0.003097 -0.000000 0.000000 7.000000 0.000000
1845.000000 -0.002688 0.003097 -0.000000 0.000000 7.000000 0.000000
1846.000000 -0.002688 0.003097 -0.000000 0.000000 7.000000 0.000000
1847.000000 -0.002688 0.003097 -0.000000 0.000000 7.000000 0.000000
1848.000000 -0.002688 0.003097 -0.000000 0.000000 7.000000 0.000000
1849.000000 -0.002688 0.003097 -0.000000 0.000000 7.000000 0.000000
1850.000000 -0.002688 0.003097 -0.000000 0.000000 7.000000 0.000000
1851.000000 -0.002688 0.003097 -0.000000 0.000000 7.000000 0.000000
1852.000000 -0.002688 0.003097 -0.000000 0.000000 7.000000 0.000000
1853.000000 -0.002688 0.003097 -0.000000 0.000000 7.000000 0.000000
1854.000000 -0.002688 0.003097 -0.000000 0.000000 7.000000 0.000000
1855.000000 -0.002688 0.003097 -0.000000 0.000000 7.000000 0.000000
1856.000000 -0.002688 0.003097 -0.000000 0.000000 7.000000 0.000000
1857.000000 -0.002688 0.003097 -0.000000 0.000000 7.000000 0.000000
1858.000000 -0.002688 0.003097 -0.000000 0.000000 7.000000 0.000000
1859.000000 -0.002688 0.003097 -0.000000 0.000000 7.000000 0.000000
1860.000000 -0.002688 0.003097 -0.000000 0.000000 7.000000 0.000000
1861.000000 -0.002688 0.003097 -0.000000 0.000000 7.000000 0.000000
1862.000000 -0.002688 0.003097 -0.000000 0.000000 7.000000 0.000000
1863.000000 -0.002688 0.003097 -0.000000 0.000000 7.000000 0.000000
1864.000000 -0.002688 0.003097 -0.000000 0.000000 7.000000 0.000000
1865.000000 -0.002688 0.003097 -0.000000 0.000000 7.000000 0.000000
1866.000000 -0.002688 0.003097 -0.000000 0.000000 7.000000 0.000000
1867.000000 -0.002688 0.003097 -0.000000 0.000000 7.000000 0.000000
1868.000000 -0.002688 0.003097 -0.000000 0.000000 7.000000 0.000000
1869.000000 -0.002688 0.003097 -0.000000 0.000000 7.000000 0.000000
1870.000000 -0.002688 0.003097 -0.000000 0.000000 7.000000 0.000000
1871.000000 -0.002688 0.003097 -0.000000 0.000000 7.000000 0.000000
1872.000000 -0.002688 0.003097 -0.000000 0.000000 7.000000 0.000000
1873.000000 -0.002688 0.003097 -0.000000 0.000000 7.000000 0.000000
1874.000000 -0.002688 0.003097 -0.000000 0.000000 7.000000 0.000000
1875.000000 -0.002688 0.003097 -0.000000 0.000000 7.000000 0.000000
1876.000000 -0.002688 0.003097 -0.000000 0.000000 7.000000 0.000000
1877.000000 -0.002688 0.003097 -0.000000 0.000000 7.000000 0.000000
1878.000000 -0.002688 0.003097 -0.000000 0.000000 7.000000 0.000000
1879.000000 -0.002688 0.003097 -0.000000 0.000000 7.000000 0.000000
1880.000000 -0.002688 0.003097 -0.000000 0.000000 7.000000 0.000000
1881.000000 -0.002688 0.003097 -0.000000 0.000000 7.000000 0.000000
1882.000000 -0.002688 0.003097 -0.000000 0.000000 7.000000 0.000000
1883.000000 -0.002688 0.003097 -0.000000 0.000000 7.000000 0.000000
1884.000000 -0.002688 0.003097 -0.000000 0.000000 7.000000 0.000000
1885.000000 -0.002688 0.003097 -0.000000 0.000000 7.000000 0.000000
1886.000000 -0.002688 0.003097 -0.000000 0.000000 7.000000 0.000000
1887.000000 -0.002688 0.003097 -0.000000 0.000000 7.000000 0.000000
1888.000000 -0.002688 0.003097 -0.000000 0.000000 7.000000 0.000000
1889.000000 -0.002688 0.003097 -0.000000 0.000000 7.000000 0.000000
1890.000000 -0.002688 0.003097 -0.000000 0.000000 7.000000 0.000000
1891.000000 -0.002688 0.003097 -0.000000 0.000000 7.000000 0.000000
1892.000000 -0.002688 0.003097 -0.000000 0.000000 7.000000 0.000000
1893.000000 -0.002688 0.003097 -0.000000 0.000000 7.000000 0.000000
1894.000000 -0.002688 0.003097 -0.000000 0.000000 7.000000 0.000000
1895.000000 -0.002688 0.003097 -0.000000 0.000000 7.000000 0.000000
1896.000000 -0.002688 0.003097 -0.000000 0.000000 7.000000 0.000000
1897.000000 -0.002688 0.003097 -0.000000 0.000000 7.000000 0.000000
1898.000000 -0.002688 0.003097 -0.000000 0.000000 7.000000 0.000000
1899.000000 -0.002688 0.003097 -0.000000 0.000000 7.000000 0.000000
1900.000000 -0.002688 0.003097 -0.000000 0.000000 7.000000 0.000000
1901.000000 -0.002688 0.003097 -0.000000 0.000000 7.000000 0.000000
1902.000000 -0.002688 0.003097 -0.000000 0.000000 7.000000 0.000000
1903.000000 -0.002688 0.003097 -0.000000 0.000000 7.000000 0.000000
1904.000000 -0.002688 0.003097 -0.000000 0.000000 7.000000 0.000000
1905.000000 -0.002688 0.003097 -0.000000 0.000000 7.000000 0.000000
1906.000000 -0.002688 0.003097 -0.000000 0.000000 7.000000 0.000000
1907.000000 -0.002688 0.003097 -0.000000 0.000000 7.000000 0.000000
1908.000000 -0.002688 0.003097 -0.000000 0.000000 7.000000 0.000000
1909.000000 -0.002688 0.003097 -0.000000 0.000000 7.000000 0.000000
1910.000000 -0.002688 0.003097 -0.000000 0.000000 7.000000 0.000000
1911.000000 -0.002688 0.003097 -0.000000 0.000000 7.000000 0.000000
1912.000000 -0.002688 0.003097 -0.000000 0.000000 7.000000 0.000000
1913.000000 -0.002688 0.003097 -0.000000 0.000000 7.000000 0.000000
1914.000000 -0.002688 0.003097 -0.000000 0.000000 7.000000 0.000000
1915.000000 -0.002688 0.003097 -0.000000 0.000000 7.000000 0.000000
1916.000000 -0.002688 0.003097 -0.000000 0.000000 7.000000 0.000000
1917.000000 -0.002727 0.003134 -0.001926 0.001812 7.000000 0.000000
1918.000000 -0.002727 0.003134 -0.002908 0.002734 7.000000 0.000000
1919.000000 -0.002767 0.003171 -0.003408 0.003205 7.000000 0.000000
1920.000000 -0.002819 0.003171 -0.006233 0.003458 7.000000 0.000000
1921.000000 -0.002885 0.003135 -0.008963 -0.000009 7.000000 0.000000
1922.000000 -0.002950 0.003098 -0.011001 -0.003573 7.000000 0.000000
1923.000000 -0.002937 0.002988 -0.008190 -0.009013 7.000000 0.000000
1924.000000 -0.002977 0.002878 -0.005481 -0.015394 7.000000 0.000000
1925.000000 -0.003016 0.002768 -0.006677 -0.018630 7.000000 0.000000
1926.000000 -0.003043 0.002695 -0.006641 -0.018480 7.000000 0.000000
1927.000000 -0.002991 0.002548 -0.002123 -0.020229 7.000000 0.000000
1928.000000 -0.002834 0.002253 0.009165 -0.031967 7.000000 0.000000
1929.000000 -0.002651 0.001885 0.021338 -0.048768 7.000000 0.000000
1930.000000 -0.002455 0.001554 0.029481 -0.059119 13.000000 0.000000
1931.000000 -0.002232 0.001149 0.035572 -0.066178 13.000000 0.000000
1932.000000 -0.002036 0.000818 0.038687 -0.069759 13.000000 0.000000
1933.000000 -0.001682 0.000340 0.046753 -0.075165 13.000000 0.000000
1934.000000 -0.001380 -0.000137 0.056036 -0.085093 13.000000 0.000000
1935.000000 -0.000999 -0.000688 0.062090 -0.093697 13.000000 0.000000
1936.000000 -0.000551 -0.001202 0.072344 -0.099832 13.000000 0.000000
1937.000000 -0.000117 -0.001751 0.080211 -0.102900 13.000000 0.000000
1938.000000 0.000385 -0.002410 0.086863 -0.111564 13.000000 0.000000
1939.000000 0.000939 -0.003068 0.096162 -0.121267 13.000000 0.000000
1940.000000 0.001481 -0.003762 0.102923 -0.127908 13.000000 0.000000
1941.000000 0.002077 -0.004454 0.108408 -0.132976 13.000000 0.000000
1942.000000 0.002687 -0.005256 0.114545 -0.140804 13.000000 0.000000
1943.000000 0.003405 -0.006055 0.123664 -0.149990 13.000000 0.000000
1944.000000 0.004150 -0.006926 0.134979 -0.158047 13.000000 0.000000
1945.000000 0.004964 -0.007758 0.145486 -0.163727 13.000000 0.000000
1946.000000 0.005792 -0.008697 0.154937 -0.169964 13.000000 0.000000
1947.000000 0.006662 -0.009671 0.162555 -0.180047 13.000000 0.000000
1948.000000 0.007534 -0.010643 0.168589 -0.186734 13.000000 0.000000
1949.000000 0.008488 -0.011684 0.175832 -0.193401 13.000000 0.000000
1950.000000 0.009445 -0.012722 0.183693 -0.200055 13.000000 0.000000
1951.000000 0.010484 -0.013830 0.191920 -0.206643 13.000000 0.000000
1952.000000 0.011554 -0.015006 0.201681 -0.216703 13.000000 0.000000
1953.000000 0.012652 -0.016106 0.209580 -0.221459 13.000000 0.000000
1954.000000 0.013795 -0.017239 0.217219 -0.221692 13.000000 0.000000
1955.000000 0.014940 -0.018368 0.223394 -0.223204 13.000000 0.000000
1956.000000 0.016156 -0.019600 0.230217 -0.228818 13.000000 0.000000
1957.000000 0.017376 -0.020828 0.237370 -0.236515 13.000000 0.000000
1958.000000 0.018653 -0.022051 0.244043 -0.239939 13.000000 0.000000
1959.000000 0.019852 -0.023201 0.246373 -0.237843 13.000000 0.000000
1960.000000 0.021177 -0.024450 0.249954 -0.238026 13.000000 0.000000
1961.000000 0.022451 -0.025697 0.255500 -0.242891 13.000000 0.000000
1962.000000 0.023839 -0.026936 0.261421 -0.244789 13.000000 0.000000
1963.000000 0.025174 -0.028029 0.267437 -0.238201 13.000000 0.000000
1964.000000 0.026583 -0.029222 0.271553 -0.232581 13.000000 0.000000
1965.000000 0.027912 -0.030343 0.273296 -0.231114 13.000000 0.000000
1966.000000 0.029342 -0.031490 0.275230 -0.228104 13.000000 0.000000
1967.000000 0.030775 -0.032633 0.281379 -0.227625 13.000000 0.000000
1968.000000 0.032156 -0.033774 0.282114 -0.227091 13.000000 0.000000
1969.000000 0.033555 -0.034875 0.280753 -0.224746 13.000000 0.000000
1970.000000 0.034999 -0.036004 0.283172 -0.222926 13.000000 0.000000
1971.000000 0.036447 -0.037128 0.286850 -0.223158 13.000000 0.000000
1972.000000 0.037856 -0.038215 0.286966 -0.221223 13.000000 0.000000
1973.000000 0.039311 -0.039330 0.287384 -0.219764 13.000000 0.000000
1974.000000 0.040770 -0.040441 0.290052 -0.220159 13.000000 0.000000
1975.000000 0.042246 -0.041510 0.292435 -0.218098 13.000000 0.000000
1976.000000 0.043769 -0.042606 0.296807 -0.216343 13.000000 0.000000
1977.000000 0.045253 -0.043666 0.299381 -0.214980 13.000000 0.000000
1978.000000 0.046726 -0.044757 0.298250 -0.214025 13.000000 0.000000
1979.000000 0.048317 -0.045834 0.302993 -0.214345 13.000000 0.000000
1980.000000 0.049798 -0.046915 0.305747 -0.214043 13.000000 0.000000
1981.000000 0.051312 -0.048059 0.303378 -0.217189 13.000000 0.000000
1982.000000 0.052888 -0.049193 0.306844 -0.221349 13.000000 0.000000
1983.000000 0.054423 -0.050291 0.309636 -0.221174 13.000000 0.000000
1984.000000 0.055962 -0.051383 0.309265 -0.219039 13.000000 0.000000
1985.000000 0.057549 -0.052501 0.311616 -0.218934 13.000000 0.000000
1986.000000 0.059095 -0.053583 0.313164 -0.218376 13.000000 0.000000
1987.000000 0.060645 -0.054660 0.312137 -0.216067 13.000000 0.000000
1988.000000 0.062243 -0.055762 0.314163 -0.215848 13.000000 0.000000
1989.000000 0.063787 -0.056864 0.314871 -0.217018 13.000000 0.000000
1990.000000 0.065334 -0.057962 0.312726 -0.217398 13.000000 0.000000
1991.000000 0.066930 -0.059084 0.314191 -0.218524 13.000000 0.000000
1992.000000 0.068471 -0.060207 0.314607 -0.220375 13.000000 0.000000
1993.000000 0.070015 -0.061325 0.312291 -0.221120 13.000000 0.000000
1994.000000 0.071577 -0.062401 0.312119 -0.219193 13.000000 0.000000
1995.000000 0.073083 -0.063479 0.310133 -0.216277 13.000000 0.000000
1996.000000 0.074592 -0.064552 0.306551 -0.214646 13.000000 0.000000
1997.000000 0.076150 -0.065649 0.307279 -0.214728 13.000000 0.000000
1998.000000 0.077680 -0.066675 0.308631 -0.212494 13.000000 0.000000
1999.000000 0.079167 -0.067667 0.305824 -0.206260 13.000000 0.000000
2000.000000 0.080657 -0.068654 0.302450 -0.201206 13.000000 0.000000
2001.000000 0.082183 -0.069702 0.302606 -0.201332 13.000000 0.000000
2002.000000 0.083633 -0.070651 0.300706 -0.199568 13.000000 0.000000
2003.000000 0.085133 -0.071625 0.298455 -0.195010 13.000000 0.000000
2004.000000 0.086543 -0.072537 0.295298 -0.190905 13.000000 0.000000
2005.000000 0.088048 -0.073500 0.293981 -0.188332 13.000000 0.000000
2006.000000 0.089496 -0.074468 0.295156 -0.189750 13.000000 0.000000
2007.000000 0.090960 -0.075395 0.293759 -0.188657 13.000000 0.000000
2008.000000 0.092349 -0.076225 0.290081 -0.181429 13.000000 0.000000
2009.000000 0.093818 -0.077143 0.288474 -0.177292 13.000000 0.000000
2010.000000 0.095198 -0.078001 0.287201 -0.176598 13.000000 0.000000
2011.000000 0.096626 -0.078883 0.284521 -0.174477 13.000000 0.000000
2012.000000 0.098024 -0.079697 0.284050 -0.171225 13.000000 0.000000
2013.000000 0.099364 -0.080517 0.279442 -0.166554 13.000000 0.000000
2014.000000 0.100753 -0.081359 0.276647 -0.165566 13.000000 0.000000
2015.000000 0.102097 -0.082171 0.275426 -0.164703 13.000000 0.000000
2016.000000 0.103443 -0.082979 0.272713 -0.162586 13.000000 0.000000
2017.000000 0.104772 -0.083684 0.270566 -0.156294 13.000000 0.000000
2018.000000 0.106123 -0.084484 0.269680 -0.152715 13.000000 0.000000
2019.000000 0.107381 -0.085229 0.265740 -0.152871 13.000000 0.000000
2020.000000 0.108750 -0.085986 0.264617 -0.150780 13.000000 0.000000
2021.000000 0.110012 -0.086723 0.264213 -0.149407 13.000000 0.000000
2022.000000 0.111243 -0.087395 0.257208 -0.144603 13.000000 0.000000
2023.000000 0.112508 -0.088126 0.253813 -0.141832 13.000000 0.000000
2024.000000 0.113728 -0.088829 0.251564 -0.141918 13.000000 0.000000
2025.000000 0.114998 -0.089553 0.250593 -0.141631 13.000000 0.000000
2026.000000 0.116187 -0.090187 0.248583 -0.138186 13.000000 0.000000
2027.000000 0.117378 -0.090819 0.243709 -0.131883 13.000000 0.000000
2028.000000 0.118571 -0.091447 0.241369 -0.128399 13.000000 0.000000
2029.000000 0.119717 -0.092048 0.237966 -0.125145 13.000000 0.000000
2030.000000 0.120899 -0.092707 0.235703 -0.124991 13.000000 0.000000
2031.000000 0.122000 -0.093278 0.232318 -0.123471 13.000000 0.000000
2032.000000 0.123150 -0.093871 0.229054 -0.119433 13.000000 0.000000
2033.000000 0.124288 -0.094497 0.229198 -0.120116 13.000000 0.000000
2034.000000 0.125345 -0.095036 0.224666 -0.117851 13.000000 0.000000
2035.000000 0.126452 -0.095596 0.220796 -0.113471 13.000000 0.000000
2036.000000 0.127559 -0.096155 0.221302 -0.112198 13.000000 0.000000
2037.000000 0.128523 -0.096638 0.214553 -0.107823 13.000000 0.000000
2038.000000 0.129633 -0.097192 0.211238 -0.105345 13.000000 0.000000
2039.000000 0.130647 -0.097695 0.212008 -0.105076 13.000000 0.000000
2040.000000 0.131566 -0.098149 0.202995 -0.100093 13.000000 0.000000
2041.000000 0.132630 -0.098672 0.200886 -0.098496 13.000000 0.000000
2042.000000 0.133599 -0.099146 0.202269 -0.098677 13.000000 0.000000
2043.000000 0.134520 -0.099594 0.195920 -0.095131 13.000000 0.000000
2044.000000 0.135491 -0.100064 0.192774 -0.093143 13.000000 0.000000
2045.000000 0.136414 -0.100509 0.191245 -0.091973 13.000000 0.000000
2046.000000 0.137338 -0.100952 0.188162 -0.090067 13.000000 0.000000
2047.000000 0.138165 -0.101347 0.181877 -0.086694 13.000000 0.000000
2048.000000 0.139090 -0.101787 0.178754 -0.084806 13.000000 0.000000
2049.000000 0.139919 -0.102180 0.177220 -0.083725 13.000000 0.000000
2050.000000 0.140748 -0.102570 0.171718 -0.080783 13.000000 0.000000
2051.000000 0.141578 -0.102960 0.168974 -0.079156 13.000000 0.000000
2052.000000 0.142457 -0.103371 0.170041 -0.079299 13.000000 0.000000
2053.000000 0.143288 -0.103758 0.170645 -0.079242 13.000000 0.000000
2054.000000 0.144071 -0.104120 0.166208 -0.076872 13.000000 0.000000
2055.000000 0.144903 -0.104505 0.164009 -0.075530 13.000000 0.000000
2056.000000 0.145687 -0.104865 0.162940 -0.074735 13.000000 0.000000
2057.000000 0.146471 -0.105224 0.160045 -0.073110 13.000000 0.000000
2058.000000 0.147207 -0.105560 0.156208 -0.071087 13.000000 0.000000
2059.000000 0.147993 -0.105916 0.154308 -0.069936 13.000000 0.000000
2060.000000 0.148779 -0.106272 0.155801 -0.070325 13.000000 0.000000
2061.000000 0.149566 -0.106626 0.156615 -0.070403 13.000000 0.000000
2062.000000 0.150254 -0.106935 0.152243 -0.068193 13.000000 0.000000
2063.000000 0.151042 -0.107287 0.150070 -0.066943 13.000000 0.000000
2064.000000 0.151781 -0.107616 0.151422 -0.067285 13.000000 0.000000
2065.000000 0.152520 -0.107944 0.149740 -0.066280 13.000000 0.000000
2066.000000 0.153211 -0.108249 0.146503 -0.064612 13.000000 0.000000
2067.000000 0.153852 -0.108532 0.140047 -0.061556 13.000000 0.000000
2068.000000 0.154607 -0.108820 0.139900 -0.059169 13.000000 0.000000
2069.000000 0.155326 -0.109050 0.143634 -0.055351 13.000000 0.000000
2070.000000 0.156032 -0.109315 0.143153 -0.052255 13.000000 0.000000
2071.000000 0.156689 -0.109557 0.139839 -0.051338 13.000000 0.000000
2072.000000 0.157332 -0.109835 0.135083 -0.051530 13.000000 0.000000
2073.000000 0.158039 -0.110098 0.135127 -0.052584 13.000000 0.000000
2074.000000 0.158711 -0.110301 0.136529 -0.049470 13.000000 0.000000
2075.000000 0.159369 -0.110541 0.134846 -0.046762 13.000000 0.000000
2076.000000 0.159992 -0.110721 0.131581 -0.044281 13.000000 0.000000
2077.000000 0.160601 -0.110938 0.127513 -0.041916 13.000000 0.000000
2078.000000 0.161288 -0.111102 0.128577 -0.039875 13.000000 0.000000
2079.000000 0.161961 -0.111302 0.132260 -0.037997 13.000000 0.000000
2080.000000 0.162585 -0.111480 0.131053 -0.037736 13.000000 0.000000
2081.000000 0.163209 -0.111657 0.128027 -0.036511 13.000000 0.000000
2082.000000 0.163883 -0.111855 0.128956 -0.036828 13.000000 0.000000
2083.000000 0.164571 -0.112015 0.132571 -0.036138 13.000000 0.000000
2084.000000 0.165196 -0.112190 0.131998 -0.034705 13.000000 0.000000
2085.000000 0.165821 -0.112364 0.128618 -0.034684 13.000000 0.000000
2086.000000 0.166411 -0.112481 0.125140 -0.031821 13.000000 0.000000
2087.000000 0.167050 -0.112618 0.124063 -0.028503 13.000000 0.000000
2088.000000 0.167740 -0.112774 0.128436 -0.028739 13.000000 0.000000
2089.000000 0.168380 -0.112909 0.130688 -0.028792 13.000000 0.000000
2090.000000 0.168992 -0.113117 0.128080 -0.031332 13.000000 0.000000
2091.000000 0.169633 -0.113250 0.126774 -0.032557 13.000000 0.000000
2092.000000 0.170274 -0.113384 0.127468 -0.029533 13.000000 0.000000
2093.000000 0.170965 -0.113536 0.130304 -0.028899 13.000000 0.000000
2094.000000 0.171656 -0.113688 0.134230 -0.029480 13.000000 0.000000
2095.000000 0.172247 -0.113799 0.131340 -0.027755 13.000000 0.000000
2096.000000 0.172939 -0.113949 0.129897 -0.026791 13.000000 0.000000
2097.000000 0.173581 -0.114078 0.131641 -0.027214 13.000000 0.000000
2098.000000 0.174273 -0.114227 0.132560 -0.027344 13.000000 0.000000
2099.000000 0.174939 -0.114447 0.134192 -0.031886 13.000000 0.000000
2100.000000 0.175582 -0.114575 0.132586 -0.033164 13.000000 0.000000
2101.000000 0.176275 -0.114721 0.133123 -0.030147 13.000000 0.000000
2102.000000 0.176918 -0.114847 0.133418 -0.028545 13.000000 0.000000
2103.000000 0.177662 -0.115011 0.136067 -0.028589 13.000000 0.000000
2104.000000 0.178256 -0.115115 0.134967 -0.027606 13.000000 0.000000
2105.000000 0.178963 -0.115222 0.132629 -0.024269 13.000000 0.000000
2106.000000 0.179608 -0.115345 0.133926 -0.023457 13.000000 0.000000
2107.000000 0.180266 -0.115430 0.132138 -0.022024 13.000000 0.000000
2108.000000 0.180947 -0.115607 0.133069 -0.023951 13.000000 0.000000
2109.000000 0.181592 -0.115728 0.132906 -0.026659 13.000000 0.000000
2110.000000 0.182288 -0.115867 0.133511 -0.026161 13.000000 0.000000
2111.000000 0.182947 -0.115950 0.134495 -0.024045 13.000000 0.000000
2112.000000 0.183542 -0.116049 0.130066 -0.021044 13.000000 0.000000
2113.000000 0.184151 -0.116111 0.125349 -0.018527 13.000000 0.000000
2114.000000 0.184810 -0.116192 0.126097 -0.016308 13.000000 0.000000
2115.000000 0.185419 -0.116253 0.126493 -0.015120 13.000000 0.000000
2116.000000 0.186028 -0.116313 0.124232 -0.013533 13.000000 0.000000
2117.000000 0.186611 -0.116446 0.121794 -0.016258 13.000000 0.000000
2118.000000 0.187221 -0.116505 0.120567 -0.017588 13.000000 0.000000
2119.000000 0.187817 -0.116601 0.120613 -0.016412 13.000000 0.000000
2120.000000 0.188427 -0.116659 0.120651 -0.015753 13.000000 0.000000
2121.000000 0.189037 -0.116716 0.121338 -0.013561 13.000000 0.000000
2122.000000 0.189546 -0.116736 0.116726 -0.010595 13.000000 0.000000
2123.000000 0.190170 -0.116755 0.115039 -0.007223 13.000000 0.000000
2124.000000 0.190717 -0.116829 0.116030 -0.008161 13.000000 0.000000
2125.000000 0.191277 -0.116866 0.113411 -0.009485 13.000000 0.000000
2126.000000 0.191824 -0.116939 0.112091 -0.010112 13.000000 0.000000
2127.000000 0.192371 -0.117012 0.110785 -0.012181 13.000000 0.000000
2128.000000 0.192931 -0.117047 0.110778 -0.011387 13.000000 0.000000
2129.000000 0.193478 -0.117118 0.110789 -0.010935 13.000000 0.000000
2130.000000 0.193988 -0.117134 0.108311 -0.009777 13.000000 0.000000
2131.000000 0.194434 -0.117169 0.102072 -0.007388 13.000000 0.000000
2132.000000 0.194944 -0.117184 0.098901 -0.006129 13.000000 0.000000
2133.000000 0.195454 -0.117199 0.100430 -0.004532 13.000000 0.000000
2134.000000 0.195964 -0.117214 0.101217 -0.003677 13.000000 0.000000
2135.000000 0.196397 -0.117284 0.097849 -0.005934 13.000000 0.000000
2136.000000 0.196895 -0.117334 0.095501 -0.008842 13.000000 0.000000
2137.000000 0.197405 -0.117347 0.098092 -0.007559 13.000000 0.000000
2138.000000 0.197801 -0.117362 0.094423 -0.005141 13.000000 0.000000
2139.000000 0.198260 -0.117357 0.090061 -0.003005 13.000000 0.000000
2140.000000 0.198720 -0.117351 0.090981 -0.000954 13.000000 0.000000
2141.000000 0.199116 -0.117365 0.088316 -0.000821 13.000000 0.000000
2142.000000 0.199589 -0.117322 0.087599 0.001083 13.000000 0.000000
2143.000000 0.199984 -0.117335 0.087239 0.002074 13.000000 0.000000
2144.000000 0.200431 -0.117365 0.085789 -0.000990 13.000000 0.000000
2145.000000 0.200827 -0.117377 0.085054 -0.002529 13.000000 0.000000
2146.000000 0.201223 -0.117389 0.082184 -0.002431 13.000000 0.000000
2147.000000 0.201632 -0.117364 0.081359 -0.000554 13.000000 0.000000
2148.000000 0.201977 -0.117358 0.078439 0.001272 13.000000 0.000000
2149.000000 0.202322 -0.117352 0.073815 0.001270 13.000000 0.000000
2150.000000 0.202731 -0.117327 0.074600 0.002246 13.000000 0.000000
2151.000000 0.203141 -0.117301 0.078139 0.003722 13.000000 0.000000
2152.000000 0.203486 -0.117294 0.076808 0.003536 13.000000 0.000000
2153.000000 0.203831 -0.117287 0.072995 0.002503 13.000000 0.000000
2154.000000 0.204227 -0.117298 0.073563 0.001157 13.000000 0.000000
2155.000000 0.204624 -0.117307 0.076364 -0.000348 13.000000 0.000000
2156.000000 0.204969 -0.117300 0.075287 -0.000255 13.000000 0.000000
2157.000000 0.205263 -0.117275 0.069723 0.001483 13.000000 0.000000
2158.000000 0.205609 -0.117267 0.066891 0.002388 13.000000 0.000000
2159.000000 0.205954 -0.117259 0.067959 0.002028 13.000000 0.000000
2160.000000 0.206312 -0.117214 0.069132 0.003669 13.000000 0.000000
2161.000000 0.206670 -0.117169 0.070357 0.006330 13.000000 0.000000
2162.000000 0.206990 -0.117234 0.069108 0.002287 13.000000 0.000000
2163.000000 0.207336 -0.117226 0.067846 -0.001559 13.000000 0.000000
2164.000000 0.207681 -0.117217 0.068459 0.000110 13.000000 0.000000
2165.000000 0.208027 -0.117208 0.068774 0.000979 13.000000 0.000000
2166.000000 0.208308 -0.117218 0.065800 0.000454 13.000000 0.000000
2167.000000 0.208603 -0.117192 0.061773 0.001026 13.000000 0.000000
2168.000000 0.208897 -0.117166 0.060347 0.003135 13.000000 0.000000
2169.000000 0.209191 -0.117139 0.059620 0.004222 13.000000 0.000000
2170.000000 0.209524 -0.117166 0.061145 0.002166 13.000000 0.000000
2171.000000 0.209857 -0.117193 0.063817 -0.001491 13.000000 0.000000
2172.000000 0.210139 -0.117202 0.062667 -0.002523 13.000000 0.000000
2173.000000 0.210485 -0.117192 0.062706 -0.001222 13.000000 0.000000
2174.000000 0.210715 -0.117185 0.060211 0.000262 13.000000 0.000000
2175.000000 0.210997 -0.117194 0.055806 0.000041 13.000000 0.000000
2176.000000 0.211228 -0.117187 0.053562 -0.000066 13.000000 0.000000
2177.000000 0.211509 -0.117196 0.052422 -0.000107 13.000000 0.000000
2178.000000 0.211740 -0.117189 0.051841 -0.000122 13.000000 0.000000
2179.000000 0.212022 -0.117198 0.051548 -0.000115 13.000000 0.000000
2180.000000 0.212240 -0.117227 0.050782 -0.001913 13.000000 0.000000
2181.000000 0.212458 -0.117256 0.047256 -0.003820 13.000000 0.000000
2182.000000 0.212740 -0.117265 0.048599 -0.003779 13.000000 0.000000
2183.000000 0.212958 -0.117294 0.049286 -0.003751 13.000000 0.000000
2184.000000 0.213189 -0.117286 0.047119 -0.002922 13.000000 0.000000
2185.000000 0.213304 -0.117282 0.040976 -0.000891 13.000000 0.000000
2186.000000 0.213535 -0.117274 0.037848 0.000153 13.000000 0.000000
2187.000000 0.213714 -0.117249 0.039391 0.001693 13.000000 0.000000
2188.000000 0.213881 -0.117261 0.037041 0.001477 13.000000 0.000000
2189.000000 0.214047 -0.117274 0.035227 -0.000437 13.000000 0.000000
2190.000000 0.214214 -0.117286 0.034304 -0.001408 13.000000 0.000000
2191.000000 0.214329 -0.117282 0.031314 -0.001101 13.000000 0.000000
2192.000000 0.214496 -0.117294 0.029792 -0.000939 13.000000 0.000000
2193.000000 0.214612 -0.117289 0.029016 -0.000856 13.000000 0.000000
2194.000000 0.214688 -0.117232 0.024194 0.002594 13.000000 0.000000
2195.000000 0.214804 -0.117228 0.021739 0.004353 13.000000 0.000000
2196.000000 0.214880 -0.117170 0.020485 0.005250 13.000000 0.000000
2197.000000 0.214995 -0.117166 0.019848 0.005709 13.000000 0.000000
2198.000000 0.215047 -0.117182 0.018292 0.002325 13.000000 0.000000
2199.000000 0.215111 -0.117161 0.014978 0.001399 13.000000 0.000000
2200.000000 0.215111 -0.117161 0.010768 0.001724 13.000000 0.000000
2201.000000 0.215226 -0.117157 0.011144 0.001094 13.000000 0.000000
2202.000000 0.215290 -0.117136 0.014473 0.001786 13.000000 0.000000
2203.000000 0.215239 -0.117120 0.007989 0.002718 13.000000 0.000000
2204.000000 0.215239 -0.117120 0.001549 0.002182 13.000000 0.000000
2205.000000 0.215264 -0.117046 0.002019 0.004730 13.000000 0.000000
2206.000000 0.215315 -0.117063 0.004780 0.005231 13.000000 0.000000
2207.000000 0.215303 -0.117100 0.004342 0.000059 13.000000 0.000000
2208.000000 0.215303 -0.117100 0.001597 -0.001779 13.000000 0.000000
2209.000000 0.215303 -0.117100 0.000814 -0.000906 13.000000 0.000000
2210.000000 0.215354 -0.117116 0.002936 -0.001258 4.000000 0.000000
2211.000000 0.215354 -0.117116 0.004018 -0.001438 4.000000 0.000000
2212.000000 0.215354 -0.117116 0.002047 -0.000732 4.000000 0.000000
2213.000000 0.215354 -0.117116 0.001043 -0.000373 4.000000 0.000000
2214.000000 0.215354 -0.117116 0.000531 -0.000190 4.000000 0.000000
2215.000000 0.215354 -0.117116 0.000271 -0.000097 4.000000 0.000000
2216.000000 0.215354 -0.117116 0.000138 -0.000049 4.000000 0.000000
2217.000000 0.215354 -0.117116 0.000070 -0.000025 4.000000 0.000000
2218.000000 0.215354 -0.117116 0.000036 -0.000013 4.000000 0.000000
2219.000000 0.215251 -0.117083 -0.005025 0.001588 4.000000 0.000000
2220.000000 0.215187 -0.117104 -0.010739 0.001392 4.000000 0.000000
2221.000000 0.215175 -0.117141 -0.009224 -0.002111 4.000000 0.000000
2222.000000 0.215111 -0.117161 -0.008452 -0.003896 4.000000 0.000000
2223.000000 0.215034 -0.117219 -0.011197 -0.005815 4.000000 0.000000
2224.000000 0.214958 -0.117276 -0.013212 -0.008601 4.000000 0.000000
2225.000000 0.214842 -0.117281 -0.016144 -0.007411 4.000000 0.000000
2226.000000 0.214791 -0.117264 -0.016404 -0.003188 4.000000 0.000000
2227.000000 0.214727 -0.117285 -0.014016 -0.001834 4.000000 0.000000
2228.000000 0.214599 -0.117326 -0.016554 -0.003960 4.000000 0.000000
2229.000000 0.214484 -0.117330 -0.020367 -0.004241 4.000000 0.000000
2230.000000 0.214471 -0.117367 -0.016653 -0.004178 4.000000 0.000000
2231.000000 0.214394 -0.117425 -0.012859 -0.006752 4.000000 0.000000
2232.000000 0.214318 -0.117482 -0.014065 -0.009071 4.000000 0.000000
2233.000000 0.214203 -0.117486 -0.016581 -0.007642 4.000000 0.000000
2234.000000 0.214139 -0.117507 -0.017245 -0.005105 4.000000 0.000000
2235.000000 0.214087 -0.117491 -0.014445 -0.002806 4.000000 0.000000
2236.000000 0.213959 -0.117532 -0.016157 -0.002638 4.000000 0.000000
2237.000000 0.213844 -0.117536 -0.020167 -0.003557 4.000000 0.000000
2238.000000 0.213780 -0.117556 -0.019072 -0.003019 4.000000 0.000000
2239.000000 0.213767 -0.117593 -0.013476 -0.004351 4.000000 0.000000
2240.000000 0.213652 -0.117597 -0.013143 -0.004224 4.000000 0.000000
2241.000000 0.213575 -0.117655 -0.016114 -0.005164 4.000000 0.000000
2242.000000 0.213460 -0.117659 -0.017628 -0.005641 4.000000 0.000000
2243.000000 0.213396 -0.117679 -0.017779 -0.004076 4.000000 0.000000
2244.000000 0.213344 -0.117663 -0.014716 -0.002275 4.000000 0.000000
2245.000000 0.213229 -0.117667 -0.015675 -0.000551 4.000000 0.000000
2246.000000 0.213101 -0.117708 -0.019923 -0.002480 4.000000 0.000000
2247.000000 0.213037 -0.117728 -0.019569 -0.004267 4.000000 0.000000
2248.000000 0.212973 -0.117749 -0.016250 -0.004176 4.000000 0.000000
2249.000000 0.212909 -0.117769 -0.014559 -0.004129 4.000000 0.000000
2250.000000 0.212832 -0.117826 -0.014319 -0.005911 4.000000 0.000000
2251.000000 0.212768 -0.117847 -0.014198 -0.006818 4.000000 0.000000
2252.000000 0.212704 -0.117867 -0.013514 -0.005473 4.000000 0.000000
2253.000000 0.212653 -0.117851 -0.012544 -0.002981 4.000000 0.000000
2254.000000 0.212601 -0.117834 -0.011427 0.000096 4.000000 0.000000
2255.000000 0.212486 -0.117838 -0.013998 0.000666 4.000000 0.000000
2256.000000 0.212473 -0.117875 -0.013412 -0.001658 4.000000 0.000000
2257.000000 0.212409 -0.117895 -0.010596 -0.003650 4.000000 0.000000
2258.000000 0.212397 -0.117932 -0.009162 -0.004664 4.000000 0.000000
2259.000000 0.212384 -0.117969 -0.005914 -0.005989 4.000000 0.000000
2260.000000 0.212320 -0.117989 -0.006777 -0.005856 4.000000 0.000000
2261.000000 0.212320 -0.117989 -0.006593 -0.003982 4.000000 0.000000
2262.000000 0.212269 -0.117973 -0.005877 -0.001220 4.000000 0.000000
2263.000000 0.212269 -0.117973 -0.005512 0.000187 4.000000 0.000000
2264.000000 0.212205 -0.117993 -0.005949 -0.000902 4.000000 0.000000
2265.000000 0.212153 -0.117977 -0.008689 -0.000648 4.000000 0.000000
2266.000000 0.212153 -0.117977 -0.006945 0.000479 4.000000 0.000000
2267.000000 0.212205 -0.117993 -0.001021 -0.000565 4.000000 0.000000
2268.000000 0.212192 -0.118030 0.001374 -0.002903 4.000000 0.000000
2269.000000 0.212192 -0.118030 0.000077 -0.003285 4.000000 0.000000
2270.000000 0.212192 -0.118030 0.000039 -0.001674 4.000000 0.000000
2271.000000 0.212192 -0.118030 0.000020 -0.000853 4.000000 0.000000
2272.000000 0.212192 -0.118030 0.000010 -0.000435 4.000000 0.000000
2273.000000 0.212192 -0.118030 0.000005 -0.000221 4.000000 0.000000
2274.000000 0.212192 -0.118030 0.000003 -0.000113 4.000000 0.000000
2275.000000 0.212192 -0.118030 0.000001 -0.000057 4.000000 0.000000
2276.000000 0.212192 -0.118030 0.000001 -0.000029 4.000000 0.000000
2277.000000 0.212192 -0.118030 0.000000 -0.000015 4.000000 0.000000
2278.000000 0.212192 -0.118030 0.000000 -0.000008 4.000000 0.000000
2279.000000 0.212192 -0.118030 0.000000 -0.000004 4.000000 0.000000
2280.000000 0.212192 -0.118030 0.000000 -0.000002 4.000000 0.000000
2281.000000 0.212192 -0.118030 0.000000 -0.000001 4.000000 0.000000
2282.000000 0.212192 -0.118030 0.000000 -0.000001 4.000000 0.000000
2283.000000 0.212192 -0.118030 0.000000 -0.000000 4.000000 0.000000
2284.000000 0.212192 -0.118030 0.000000 -0.000000 4.000000 0.000000
2285.000000 0.212192 -0.118030 0.000000 -0.000000 4.000000 0.000000
2286.000000 0.212192 -0.118030 0.000000 -0.000000 4.000000 0.000000
2287.000000 0.212192 -0.118030 0.000000 -0.000000 4.000000 0.000000
2288.000000 0.212192 -0.118030 0.000000 -0.000000 4.000000 0.000000
2289.000000 0.212192 -0.118030 0.000000 -0.000000 4.000000 0.000000
2290.000000 0.212205 -0.117993 0.000623 0.001806 4.000000 0.000000
2291.000000 0.212269 -0.117973 0.004081 0.003725 4.000000 0.000000
2292.000000 0.212320 -0.117989 0.007738 0.002088 4.000000 0.000000
2293.000000 0.212333 -0.117952 0.007083 0.002062 4.000000 0.000000
2294.000000 0.212281 -0.117936 0.001713 0.003665 4.000000 0.000000
2295.000000 0.212358 -0.117879 0.002117 0.005481 4.000000 0.000000
2296.000000 0.212358 -0.117879 0.004841 0.005597 4.000000 0.000000
2297.000000 0.212371 -0.117842 0.003088 0.004659 4.000000 0.000000
2298.000000 0.212422 -0.117858 0.004714 0.003372 4.000000 0.000000
2299.000000 0.212422 -0.117858 0.004919 0.000910 4.000000 0.000000
2300.000000 0.212486 -0.117838 0.005646 0.001463 4.000000 0.000000
2301.000000 0.212486 -0.117838 0.006017 0.001744 4.000000 0.000000
2302.000000 0.212550 -0.117818 0.006205 0.001888 4.000000 0.000000
2303.000000 0.212499 -0.117801 0.003783 0.002769 4.000000 0.000000
2304.000000 0.212511 -0.117764 0.000031 0.004025 4.000000 0.000000
2305.000000 0.212524 -0.117727 0.001258 0.005665 4.000000 0.000000
2306.000000 0.212575 -0.117744 0.003781 0.003886 4.000000 0.000000
2307.000000 0.212563 -0.117781 0.003823 -0.000635 4.000000 0.000000
2308.000000 0.212575 -0.117744 0.001948 -0.000323 4.000000 0.000000
2309.000000 0.212627 -0.117760 0.004132 0.000835 4.000000 0.000000
2310.000000 0.212627 -0.117760 0.004623 -0.000382 4.000000 0.000000
2311.000000 0.212627 -0.117760 0.002356 -0.000194 4.000000 0.000000
2312.000000 0.212627 -0.117760 0.001200 -0.000099 4.000000 0.000000
2313.000000 0.212627 -0.117760 0.000611 -0.000050 4.000000 0.000000
2314.000000 0.212627 -0.117760 0.000312 -0.000026 4.000000 0.000000
2315.000000 0.212627 -0.117760 0.000159 -0.000013 4.000000 0.000000
2316.000000 0.212678 -0.117777 0.002599 -0.000814 4.000000 0.000000
2317.000000 0.212678 -0.117777 0.003842 -0.001221 4.000000 0.000000
2318.000000 0.212678 -0.117777 0.001958 -0.000622 4.000000 0.000000
2319.000000 0.212678 -0.117777 0.000997 -0.000317 4.000000 0.000000
2320.000000 0.212678 -0.117777 0.000508 -0.000162 4.000000 0.000000
2321.000000 0.212678 -0.117777 0.000259 -0.000082 4.000000 0.000000
2322.000000 0.212678 -0.117777 0.000132 -0.000042 4.000000 0.000000
2323.000000 0.212678 -0.117777 0.000067 -0.000021 4.000000 0.000000
2324.000000 0.212678 -0.117777 0.000034 -0.000011 4.000000 0.000000
2325.000000 0.212678 -0.117777 0.000017 -0.000006 4.000000 0.000000
2326.000000 0.212678 -0.117777 0.000009 -0.000003 4.000000 0.000000
2327.000000 0.212678 -0.117777 0.000005 -0.000001 4.000000 0.000000
2328.000000 0.212678 -0.117777 0.000002 -0.000001 4.000000 0.000000
2329.000000 0.212678 -0.117777 0.000001 -0.000000 4.000000 0.000000
2330.000000 0.212678 -0.117777 0.000001 -0.000000 4.000000 0.000000
2331.000000 0.212627 -0.117760 -0.002518 0.000807 4.000000 0.000000
2332.000000 0.212575 -0.117744 -0.006319 0.002026 4.000000 0.000000
2333.000000 0.212524 -0.117727 -0.008255 0.002648 4.000000 0.000000
2334.000000 0.212473 -0.117711 -0.009242 0.002965 4.000000 0.000000
2335.000000 0.212409 -0.117731 -0.010366 0.001321 4.000000 0.000000
2336.000000 0.212255 -0.117682 -0.015973 0.002103 4.000000 0.000000
2337.000000 0.212191 -0.117702 -0.018830 0.002502 4.000000 0.000000
2338.000000 0.212127 -0.117723 -0.015873 -0.000719 4.000000 0.000000
2339.000000 0.212063 -0.117743 -0.014366 -0.002360 4.000000 0.000000
2340.000000 0.211947 -0.117747 -0.016116 -0.002384 4.000000 0.000000
2341.000000 0.211871 -0.117804 -0.017631 -0.004202 4.000000 0.000000
2342.000000 0.211755 -0.117808 -0.018402 -0.005126 4.000000 0.000000
2343.000000 0.211653 -0.117775 -0.020066 -0.001172 4.000000 0.000000
2344.000000 0.211537 -0.117778 -0.020913 0.000846 4.000000 0.000000
2345.000000 0.211422 -0.117782 -0.021967 0.000069 4.000000 0.000000
2346.000000 0.211307 -0.117786 -0.022504 -0.000324 4.000000 0.000000
2347.000000 0.211191 -0.117789 -0.022777 -0.000523 4.000000 0.000000
2348.000000 0.211127 -0.117810 -0.020401 -0.001437 4.000000 0.000000
2349.000000 0.211012 -0.117813 -0.019190 -0.001901 4.000000 0.000000
2350.000000 0.210871 -0.117891 -0.022338 -0.004932 4.000000 0.000000
2351.000000 0.210807 -0.117911 -0.021427 -0.007291 4.000000 0.000000
2352.000000 0.210704 -0.117878 -0.019088 -0.003074 4.000000 0.000000
2353.000000 0.210576 -0.117918 -0.021037 -0.001913 4.000000 0.000000
2354.000000 0.210410 -0.117905 -0.025169 -0.002307 4.000000 0.000000
2355.000000 0.210282 -0.117945 -0.027275 -0.002505 4.000000 0.000000
2356.000000 0.210166 -0.117949 -0.025833 -0.003421 4.000000 0.000000
2357.000000 0.210090 -0.118006 -0.022585 -0.004705 4.000000 0.000000
2358.000000 0.209961 -0.118046 -0.021556 -0.007162 4.000000 0.000000
2359.000000 0.209769 -0.118106 -0.026690 -0.008577 4.000000 0.000000
2360.000000 0.209641 -0.118146 -0.029306 -0.009296 4.000000 0.000000
2361.000000 0.209526 -0.118150 -0.026870 -0.006869 4.000000 0.000000
2362.000000 0.209398 -0.118190 -0.025630 -0.005631 4.000000 0.000000
2363.000000 0.209218 -0.118213 -0.028139 -0.005979 4.000000 0.000000
2364.000000 0.209039 -0.118237 -0.031931 -0.005330 4.000000 0.000000
2365.000000 0.208911 -0.118277 -0.031351 -0.005820 4.000000 0.000000
2366.000000 0.208770 -0.118354 -0.029173 -0.008692 4.000000 0.000000
2367.000000 0.208642 -0.118394 -0.028064 -0.010154 4.000000 0.000000
2368.000000 0.208514 -0.118434 -0.026871 -0.009092 4.000000 0.000000
2369.000000 0.208334 -0.118457 -0.028775 -0.007722 4.000000 0.000000
2370.000000 0.208168 -0.118443 -0.031626 -0.004392 4.000000 0.000000
2371.000000 0.208027 -0.118520 -0.031199 -0.005321 4.000000 0.000000
2372.000000 0.207847 -0.118543 -0.031612 -0.007593 4.000000 0.000000
2373.000000 0.207617 -0.118549 -0.036214 -0.005286 4.000000 0.000000
2374.000000 0.207437 -0.118572 -0.038559 -0.004106 4.000000 0.000000
2375.000000 0.207309 -0.118612 -0.034732 -0.005158 4.000000 0.000000
2376.000000 0.207130 -0.118635 -0.032782 -0.005690 4.000000 0.000000
2377.000000 0.206937 -0.118694 -0.034934 -0.006929 4.000000 0.000000
2378.000000 0.206745 -0.118754 -0.036665 -0.009357 4.000000 0.000000
2379.000000 0.206578 -0.118740 -0.036278 -0.006985 4.000000 0.000000
2380.000000 0.206348 -0.118745 -0.037956 -0.003134 4.000000 0.000000
2381.000000 0.206168 -0.118768 -0.039445 -0.002970 4.000000 0.000000
2382.000000 0.205938 -0.118773 -0.040202 -0.002877 4.000000 0.000000
2383.000000 0.205707 -0.118779 -0.043096 -0.001988 4.000000 0.000000
2384.000000 0.205528 -0.118801 -0.042061 -0.002365 4.000000 0.000000
2385.000000 0.205361 -0.118787 -0.038388 -0.001587 4.000000 0.000000
2386.000000 0.205118 -0.118829 -0.039662 -0.002147 4.000000 0.000000
2387.000000 0.204887 -0.118834 -0.043454 -0.003388 4.000000 0.000000
2388.000000 0.204721 -0.118819 -0.041603 -0.001252 4.000000 0.000000
2389.000000 0.204490 -0.118824 -0.040659 -0.000155 4.000000 0.000000
2390.000000 0.204260 -0.118829 -0.043321 -0.000549 4.000000 0.000000
2391.000000 0.203978 -0.118817 -0.047182 0.000104 4.000000 0.000000
2392.000000 0.203735 -0.118858 -0.049788 -0.001355 4.000000 0.000000
2393.000000 0.203555 -0.118880 -0.046103 -0.003781 4.000000 0.000000
2394.000000 0.203325 -0.118885 -0.043585 -0.003208 4.000000 0.000000
2395.000000 0.203081 -0.118926 -0.045448 -0.003863 4.000000 0.000000
2396.000000 0.202851 -0.118930 -0.046396 -0.004189 4.000000 0.000000
2397.000000 0.202556 -0.118954 -0.049383 -0.003494 4.000000 0.000000
2398.000000 0.202339 -0.118922 -0.050261 -0.001332 4.000000 0.000000
2399.000000 0.202058 -0.118908 -0.050065 0.001583 4.000000 0.000000
2400.000000 0.201776 -0.118895 -0.053107 0.002131 4.000000 0.000000
2401.000000 0.201482 -0.118918 -0.055297 0.000624 4.000000 0.000000
2402.000000 0.201251 -0.118922 -0.053909 -0.000990 4.000000 0.000000
2403.000000 0.201008 -0.118963 -0.050700 -0.002656 4.000000 0.000000
2404.000000 0.200714 -0.118985 -0.052209 -0.004437 4.000000 0.000000
2405.000000 0.200419 -0.119008 -0.055479 -0.004475 4.000000 0.000000
2406.000000 0.200125 -0.119031 -0.057144 -0.004481 4.000000 0.000000
2407.000000 0.199843 -0.119017 -0.057345 -0.002673 4.000000 0.000000
2408.000000 0.199511 -0.118985 -0.059298 0.000926 4.000000 0.000000
2409.000000 0.199217 -0.119007 -0.060938 0.000973 4.000000 0.000000
2410.000000 0.198871 -0.119012 -0.062415 -0.000781 4.000000 0.000000
2411.000000 0.198628 -0.119051 -0.060670 -0.002533 4.000000 0.000000
2412.000000 0.198283 -0.119055 -0.059778 -0.003405 4.000000 0.000000
2413.000000 0.197924 -0.119096 -0.064967 -0.003897 4.000000 0.000000
2414.000000 0.197630 -0.119117 -0.065112 -0.005002 4.000000 0.000000
2415.000000 0.197285 -0.119121 -0.064535 -0.003747 4.000000 0.000000
2416.000000 0.197004 -0.119106 -0.063588 -0.001301 4.000000 0.000000
2417.000000 0.196645 -0.119146 -0.063755 -0.001831 7.000000 0.000000
2418.000000 0.196249 -0.119131 -0.069476 -0.002127 7.000000 0.000000
2419.000000 0.195904 -0.119134 -0.071738 -0.000463 7.000000 0.000000
2420.000000 0.195546 -0.119173 -0.071046 -0.002267 7.000000 0.000000
2421.000000 0.195251 -0.119193 -0.068197 -0.004052 7.000000 0.000000
2422.000000 0.194893 -0.119232 -0.066746 -0.004942 7.000000 0.000000
2423.000000 0.194497 -0.119217 -0.070988 -0.003611 7.000000 0.000000
2424.000000 0.194088 -0.119237 -0.075640 -0.002025 7.000000 0.000000
2425.000000 0.193756 -0.119202 -0.074857 -0.000287 7.000000 0.000000
2426.000000 0.193398 -0.119240 -0.071966 -0.000267 7.000000 0.000000
2427.000000 0.192989 -0.119260 -0.074292 -0.002935 7.000000 0.000000
2428.000000 0.192593 -0.119243 -0.077306 -0.001587 7.000000 0.000000
2429.000000 0.192235 -0.119281 -0.076352 -0.001771 7.000000 0.000000
2430.000000 0.191840 -0.119263 -0.075859 -0.001839 7.000000 0.000000
2431.000000 0.191417 -0.119319 -0.078756 -0.002749 7.000000 0.000000
2432.000000 0.191022 -0.119301 -0.080225 -0.003187 7.000000 0.000000
2433.000000 0.190613 -0.119319 -0.080312 -0.001591 7.000000 0.000000
2434.000000 0.190167 -0.119282 -0.082835 0.000152 7.000000 0.000000
2435.000000 0.189809 -0.119319 -0.081634 0.000157 7.000000 0.000000
2436.000000 0.189349 -0.119318 -0.081676 -0.001597 7.000000 0.000000
2437.000000 0.188954 -0.119298 -0.083517 0.000226 7.000000 0.000000
2438.000000 0.188495 -0.119297 -0.084449 0.001190 7.000000 0.000000
2439.000000 0.188137 -0.119332 -0.083102 -0.001002 7.000000 0.000000
2440.000000 0.187678 -0.119330 -0.082410 -0.002083 7.000000 0.000000
2441.000000 0.187269 -0.119346 -0.084538 -0.001702 7.000000 0.000000
2442.000000 0.186810 -0.119344 -0.085616 -0.001472 7.000000 0.000000
2443.000000 0.186364 -0.119304 -0.087972 0.001380 7.000000 0.000000
2444.000000 0.185956 -0.119320 -0.086689 0.001943 7.000000 0.000000
2445.000000 0.185511 -0.119279 -0.086026 0.002263 7.000000 0.000000
2446.000000 0.185052 -0.119276 -0.088163 0.003377 7.000000 0.000000
2447.000000 0.184593 -0.119271 -0.089913 0.002187 7.000000 0.000000
2448.000000 0.184185 -0.119286 -0.088324 0.000683 7.000000 0.000000
2449.000000 0.183726 -0.119281 -0.087508 -0.000050 7.000000 0.000000
2450.000000 0.183267 -0.119275 -0.089564 0.000534 7.000000 0.000000
2451.000000 0.182808 -0.119270 -0.090605 0.000865 7.000000 0.000000
2452.000000 0.182350 -0.119264 -0.091129 0.001067 7.000000 0.000000
2453.000000 0.181891 -0.119258 -0.091391 0.001202 7.000000 0.000000
2454.000000 0.181433 -0.119251 -0.091518 0.001304 7.000000 0.000000
2455.000000 0.180975 -0.119244 -0.091576 0.001388 7.000000 0.000000
2456.000000 0.180466 -0.119218 -0.094069 0.002410 7.000000 0.000000
2457.000000 0.180058 -0.119230 -0.092865 0.002013 7.000000 0.000000
2458.000000 0.179536 -0.119239 -0.092920 0.000069 7.000000 0.000000
2459.000000 0.179078 -0.119231 -0.095413 0.000051 7.000000 0.000000
2460.000000 0.178620 -0.119222 -0.093531 0.000917 7.000000 0.000000
2461.000000 0.178111 -0.119194 -0.095030 0.002347 7.000000 0.000000
2462.000000 0.177603 -0.119165 -0.098253 0.004065 7.000000 0.000000
2463.000000 0.177095 -0.119136 -0.099885 0.004983 7.000000 0.000000
2464.000000 0.176637 -0.119126 -0.098244 0.004528 7.000000 0.000000
2465.000000 0.176065 -0.119113 -0.100544 0.003519 7.000000 0.000000
2466.000000 0.175607 -0.119103 -0.101710 0.003033 7.000000 0.000000
2467.000000 0.175072 -0.119145 -0.100520 0.000088 7.000000 0.000000
2468.000000 0.174564 -0.119114 -0.102366 -0.000413 7.000000 0.000000
2469.000000 0.174042 -0.119118 -0.102618 0.001159 7.000000 0.000000
2470.000000 0.173499 -0.119030 -0.104504 0.004759 7.000000 0.000000
2471.000000 0.172977 -0.119034 -0.105460 0.006635 7.000000 0.000000
2472.000000 0.172370 -0.118962 -0.109073 0.006840 7.000000 0.000000
2473.000000 0.171798 -0.118945 -0.113364 0.007968 7.000000 0.000000
2474.000000 0.171277 -0.118948 -0.111315 0.004850 7.000000 0.000000
2475.000000 0.170756 -0.118950 -0.107808 0.002324 7.000000 0.000000
2476.000000 0.170135 -0.118912 -0.110919 0.003059 7.000000 0.000000
2477.000000 0.169564 -0.118893 -0.114949 0.004465 7.000000 0.000000
2478.000000 0.168943 -0.118853 -0.116987 0.005246 7.000000 0.000000
2479.000000 0.168337 -0.118777 -0.119768 0.008472 7.000000 0.000000
2480.000000 0.167752 -0.118793 -0.119419 0.007396 7.000000 0.000000
2481.000000 0.167131 -0.118752 -0.119919 0.005129 7.000000 0.000000
2482.000000 0.166497 -0.118746 -0.122614 0.005031 7.000000 0.000000
2483.000000 0.165827 -0.118683 -0.126415 0.006052 7.000000 0.000000
2484.000000 0.165257 -0.118660 -0.125199 0.007398 7.000000 0.000000
2485.000000 0.164559 -0.118669 -0.125960 0.004605 7.000000 0.000000
2486.000000 0.163875 -0.118640 -0.131923 0.003485 7.000000 0.000000
2487.000000 0.163191 -0.118611 -0.134246 0.004769 7.000000 0.000000
2488.000000 0.162522 -0.118544 -0.134708 0.007272 7.000000 0.000000
2489.000000 0.161839 -0.118513 -0.134928 0.008621 7.000000 0.000000
2490.000000 0.161106 -0.118461 -0.138161 0.008634 7.000000 0.000000
2491.000000 0.160423 -0.118429 -0.139793 0.008712 7.000000 0.000000
2492.000000 0.159676 -0.118411 -0.141311 0.007065 7.000000 0.000000
2493.000000 0.158979 -0.118413 -0.142780 0.004521 7.000000 0.000000
2494.000000 0.158232 -0.118394 -0.143511 0.003314 7.000000 0.000000
2495.000000 0.157451 -0.118316 -0.148018 0.006635 7.000000 0.000000
2496.000000 0.156704 -0.118295 -0.150297 0.008413 7.000000 0.000000
2497.000000 0.155909 -0.118251 -0.152144 0.007648 7.000000 0.000000
2498.000000 0.155178 -0.118192 -0.152352 0.009112 7.000000 0.000000
2499.000000 0.154318 -0.118161 -0.155576 0.009249 7.000000 0.000000
2500.000000 0.153523 -0.118115 -0.160336 0.008690 7.000000 0.000000
2501.000000 0.152714 -0.118104 -0.160318 0.007458 7.000000 0.000000
2502.000000 0.151905 -0.118091 -0.161007 0.005158 7.000000 0.000000
2503.000000 0.151111 -0.118042 -0.160617 0.005855 7.000000 0.000000
2504.000000 0.150189 -0.118020 -0.165957 0.006696 7.000000 0.000000
2505.000000 0.149331 -0.117983 -0.171793 0.006532 7.000000 0.000000
2506.000000 0.148488 -0.117909 -0.170873 0.009034 7.000000 0.000000
2507.000000 0.147582 -0.117847 -0.172789 0.011511 7.000000 0.000000
2508.000000 0.146661 -0.117821 -0.177604 0.010443 7.000000 0.000000
2509.000000 0.145755 -0.117757 -0.180024 0.010029 7.000000 0.000000
2510.000000 0.144834 -0.117727 -0.181233 0.009949 7.000000 0.000000
2511.000000 0.143929 -0.117661 -0.181815 0.010037 7.000000 0.000000
2512.000000 0.142911 -0.117584 -0.186888 0.012429 7.000000 0.000000
2513.000000 0.141991 -0.117551 -0.190180 0.012007 7.000000 0.000000
2514.000000 0.140989 -0.117435 -0.191072 0.013725 7.000000 0.000000
2515.000000 0.139987 -0.117318 -0.195553 0.018726 7.000000 0.000000
2516.000000 0.138921 -0.117212 -0.200920 0.020803 7.000000 0.000000
2517.000000 0.137905 -0.117128 -0.204350 0.020259 7.000000 0.000000
2518.000000 0.136841 -0.117019 -0.206045 0.020166 7.000000 0.000000
2519.000000 0.135743 -0.116849 -0.210893 0.024315 7.000000 0.000000
2520.000000 0.134680 -0.116736 -0.213312 0.026606 7.000000 0.000000
2521.000000 0.133584 -0.116563 -0.214475 0.027973 7.000000 0.000000
2522.000000 0.132375 -0.116377 -0.222155 0.032308 7.000000 0.000000
2523.000000 0.131280 -0.116199 -0.226001 0.034707 7.000000 0.000000
2524.000000 0.130089 -0.115973 -0.227122 0.037931 7.000000 0.000000
2525.000000 0.128850 -0.115720 -0.234742 0.043270 7.000000 0.000000
2526.000000 0.127724 -0.115477 -0.235412 0.046802 7.000000 0.000000
2527.000000 0.126486 -0.115220 -0.235651 0.048864 7.000000 0.000000
2528.000000 0.125235 -0.114996 -0.241938 0.048978 7.000000 0.000000
2529.000000 0.124048 -0.114758 -0.242680 0.048099 7.000000 0.000000
2530.000000 0.122813 -0.114493 -0.242202 0.049662 7.000000 0.000000
2531.000000 0.121516 -0.114238 -0.247346 0.051336 7.000000 0.000000
2532.000000 0.120236 -0.113944 -0.252218 0.053647 7.000000 0.000000
2533.000000 0.118956 -0.113647 -0.253828 0.056854 7.000000 0.000000
2534.000000 0.117678 -0.113347 -0.254535 0.058760 7.000000 0.000000
2535.000000 0.116418 -0.113141 -0.253977 0.055277 7.000000 0.000000
2536.000000 0.115078 -0.112847 -0.256688 0.053258 7.000000 0.000000
2537.000000 0.113787 -0.112575 -0.259552 0.055457 7.000000 0.000000
2538.000000 0.112530 -0.112361 -0.256993 0.052648 7.000000 0.000000
2539.000000 0.111210 -0.112154 -0.257132 0.047997 7.000000 0.000000
2540.000000 0.109907 -0.111910 -0.259444 0.047125 7.000000 0.000000
2541.000000 0.108589 -0.111698 -0.260528 0.046960 7.000000 0.000000
2542.000000 0.107288 -0.111447 -0.260974 0.047149 7.000000 0.000000
2543.000000 0.105972 -0.111230 -0.261106 0.047521 7.000000 0.000000
2544.000000 0.104704 -0.111035 -0.259534 0.044967 7.000000 0.000000
2545.000000 0.103374 -0.110848 -0.259423 0.042204 7.000000 0.000000
2546.000000 0.102045 -0.110658 -0.262384 0.040587 7.000000 0.000000
2547.000000 0.100765 -0.110490 -0.261492 0.038754 7.000000 0.000000
2548.000000 0.099437 -0.110294 -0.260944 0.038102 7.000000 0.000000
2549.000000 0.098142 -0.110157 -0.261384 0.036283 7.000000 0.000000
2550.000000 0.096801 -0.109991 -0.262310 0.033903 7.000000 0.000000
2551.000000 0.095476 -0.109787 -0.264207 0.035990 7.000000 0.000000
2552.000000 0.094230 -0.109668 -0.260500 0.034706 7.000000 0.000000
2553.000000 0.092875 -0.109529 -0.260121 0.030869 7.000000 0.000000
2554.000000 0.091584 -0.109379 -0.262159 0.030465 7.000000 0.000000
2555.000000 0.090214 -0.109270 -0.263928 0.028822 7.000000 0.000000
2556.000000 0.088955 -0.109176 -0.263284 0.025173 7.000000 0.000000
2557.000000 0.087602 -0.109026 -0.262067 0.025339 7.000000 0.000000
2558.000000 0.086234 -0.108908 -0.266768 0.026619 7.000000 0.000000
2559.000000 0.084961 -0.108842 -0.265352 0.023131 7.000000 0.000000
2560.000000 0.083611 -0.108683 -0.263730 0.023373 7.000000 0.000000
2561.000000 0.082291 -0.108584 -0.265131 0.025093 7.000000 0.000000
2562.000000 0.081002 -0.108545 -0.262883 0.020082 7.000000 0.000000
2563.000000 0.079621 -0.108448 -0.264769 0.017447 7.000000 0.000000
2564.000000 0.078333 -0.108404 -0.265697 0.016346 7.000000 0.000000
2565.000000 0.077046 -0.108357 -0.261588 0.013327 7.000000 0.000000
2566.000000 0.075649 -0.108287 -0.264802 0.013089 7.000000 0.000000
2567.000000 0.074345 -0.108270 -0.267244 0.011495 7.000000 0.000000
2568.000000 0.072996 -0.108222 -0.266181 0.009596 7.000000 0.000000
2569.000000 0.071664 -0.108136 -0.267005 0.011989 7.000000 0.000000
2570.000000 0.070362 -0.108111 -0.265140 0.012081 7.000000 0.000000
2571.000000 0.069071 -0.108181 -0.262218 0.004455 7.000000 0.000000
2572.000000 0.067677 -0.108094 -0.265164 0.003652 7.000000 0.000000
2573.000000 0.066359 -0.108096 -0.268050 0.006604 7.000000 0.000000
2574.000000 0.065086 -0.108124 -0.263627 0.002440 7.000000 0.000000
2575.000000 0.063704 -0.108126 -0.264445 0.000306 7.000000 0.000000
2576.000000 0.062432 -0.108149 -0.264854 -0.000551 7.000000 0.000000
2577.000000 0.061096 -0.108175 -0.262814 -0.002127 7.000000 0.000000
2578.000000 0.059733 -0.108134 -0.266196 0.000186 7.000000 0.000000
2579.000000 0.058443 -0.108184 -0.265695 0.000185 7.000000 0.000000
2580.000000 0.057153 -0.108231 -0.261853 -0.004124 7.000000 0.000000
2581.000000 0.055801 -0.108280 -0.262992 -0.006312 7.000000 0.000000
2582.000000 0.054466 -0.108293 -0.265775 -0.005725 7.000000 0.000000
2583.000000 0.053203 -0.108396 -0.262787 -0.008077 7.000000 0.000000
2584.000000 0.051869 -0.108403 -0.261241 -0.009004 7.000000 0.000000
2585.000000 0.050561 -0.108472 -0.262679 -0.007776 7.000000 0.000000
2586.000000 0.049253 -0.108538 -0.262095 -0.010041 7.000000 0.000000
2587.000000 0.047901 -0.108571 -0.263997 -0.009459 7.000000 0.000000
2588.000000 0.046593 -0.108632 -0.264974 -0.008911 7.000000 0.000000
2589.000000 0.045393 -0.108716 -0.257994 -0.011146 7.000000 0.000000
2590.000000 0.044022 -0.108776 -0.257540 -0.012207 7.000000 0.000000
2591.000000 0.042696 -0.108863 -0.263525 -0.012906 7.000000 0.000000
2592.000000 0.041432 -0.108944 -0.261301 -0.014305 7.000000 0.000000
2593.000000 0.040124 -0.108992 -0.259259 -0.013080 7.000000 0.000000
2594.000000 0.038842 -0.109101 -0.259165 -0.013895 7.000000 0.000000
2595.000000 0.037533 -0.109144 -0.259114 -0.014052 7.000000 0.000000
2596.000000 0.036206 -0.109218 -0.261285 -0.012371 7.000000 0.000000
2597.000000 0.034961 -0.109253 -0.259286 -0.011120 7.000000 0.000000
2598.000000 0.033697 -0.109318 -0.255182 -0.010080 7.000000 0.000000
2599.000000 0.032369 -0.109385 -0.257134 -0.011114 7.000000 0.000000
2600.000000 0.031105 -0.109446 -0.258140 -0.011407 7.000000 0.000000
2601.000000 0.029821 -0.109538 -0.256516 -0.012828 7.000000 0.000000
2602.000000 0.028537 -0.109628 -0.256654 -0.014972 7.000000 0.000000
2603.000000 0.027292 -0.109648 -0.254830 -0.012514 7.000000 0.000000
2604.000000 0.026007 -0.109733 -0.253928 -0.011014 7.000000 0.000000
2605.000000 0.024718 -0.109716 -0.255594 -0.008467 7.000000 0.000000
2606.000000 0.023516 -0.109760 -0.252400 -0.005190 7.000000 0.000000
2607.000000 0.022251 -0.109804 -0.249587 -0.006478 7.000000 0.000000
2608.000000 0.021049 -0.109843 -0.248162 -0.006928 7.000000 0.000000
2609.000000 0.019803 -0.109849 -0.246467 -0.005273 7.000000 0.000000
2610.000000 0.018582 -0.109917 -0.246591 -0.005861 7.000000 0.000000
2611.000000 0.017423 -0.109982 -0.242402 -0.009088 7.000000 0.000000
2612.000000 0.016221 -0.110013 -0.239302 -0.008871 7.000000 0.000000
2613.000000 0.015082 -0.110040 -0.236753 -0.006933 7.000000 0.000000
2614.000000 0.013923 -0.110098 -0.233345 -0.007318 7.000000 0.000000
2615.000000 0.012784 -0.110121 -0.231610 -0.007326 7.000000 0.000000
2616.000000 0.011644 -0.110142 -0.229747 -0.005500 7.000000 0.000000
2617.000000 0.010548 -0.110194 -0.226694 -0.005979 7.000000 0.000000
2618.000000 0.009409 -0.110211 -0.225140 -0.006029 7.000000 0.000000
2619.000000 0.008270 -0.110226 -0.226463 -0.004274 7.000000 0.000000
2620.000000 0.007237 -0.110271 -0.221937 -0.004784 7.000000 0.000000
2621.000000 0.006160 -0.110282 -0.216525 -0.004838 7.000000 0.000000
2622.000000 0.005105 -0.110258 -0.214863 -0.001477 7.000000 0.000000
2623.000000 0.004028 -0.110266 -0.214017 0.000407 7.000000 0.000000
2624.000000 0.003036 -0.110238 -0.210468 0.001525 7.000000 0.000000
2625.000000 0.002023 -0.110242 -0.205559 0.002260 7.000000 0.000000
2626.000000 0.001074 -0.110244 -0.200962 0.001145 7.000000 0.000000
2627.000000 0.000061 -0.110245 -0.198620 0.000732 7.000000 0.000000
2628.000000 -0.000868 -0.110211 -0.196402 0.002260 3.000000 0.000000
2629.000000 -0.001753 -0.110309 -0.189044 -0.001717 3.000000 0.000000
2630.000000 -0.002661 -0.110240 -0.184248 -0.002008 3.000000 0.000000
2631.000000 -0.003547 -0.110235 -0.181852 0.002815 3.000000 0.000000
2632.000000 -0.004433 -0.110230 -0.179568 0.002142 3.000000 0.000000
2633.000000 -0.005193 -0.110225 -0.172197 0.001831 3.000000 0.000000
2634.000000 -0.006016 -0.110218 -0.165336 0.001750 3.000000 0.000000
2635.000000 -0.006796 -0.110243 -0.162878 0.000181 3.000000 0.000000
2636.000000 -0.007556 -0.110235 -0.158519 -0.000568 3.000000 0.000000
2637.000000 -0.008315 -0.110226 -0.155265 0.000742 3.000000 0.000000
2638.000000 -0.008991 -0.110283 -0.149485 -0.001822 3.000000 0.000000
2639.000000 -0.009708 -0.110306 -0.144476 -0.004700 3.000000 0.000000
2640.000000 -0.010362 -0.110329 -0.140894 -0.004504 3.000000 0.000000
2641.000000 -0.011038 -0.110285 -0.136977 -0.001132 3.000000 0.000000
2642.000000 -0.011671 -0.110274 -0.133939 0.002244 3.000000 0.000000
2643.000000 -0.012304 -0.110262 -0.130327 0.002365 3.000000 0.000000
2644.000000 -0.012895 -0.110284 -0.126434 0.000817 3.000000 0.000000
2645.000000 -0.013486 -0.110305 -0.122397 -0.001581 3.000000 0.000000
2646.000000 -0.014077 -0.110326 -0.120346 -0.002752 3.000000 0.000000
2647.000000 -0.014605 -0.110348 -0.116202 -0.003378 3.000000 0.000000
2648.000000 -0.015133 -0.110369 -0.110990 -0.003726 3.000000 0.000000
2649.000000 -0.015661 -0.110389 -0.108338 -0.003864 3.000000 0.000000
2650.000000 -0.016209 -0.110343 -0.107977 -0.000627 3.000000 0.000000
2651.000000 -0.016672 -0.110266 -0.104617 0.005830 3.000000 0.000000
2652.000000 -0.017137 -0.110287 -0.098813 0.005809 3.000000 0.000000
2653.000000 -0.017643 -0.110273 -0.097966 0.002651 3.000000 0.000000
2654.000000 -0.018087 -0.110261 -0.096478 0.002660 3.000000 0.000000
2655.000000 -0.018550 -0.110183 -0.093590 0.005878 3.000000 0.000000
2656.000000 -0.018951 -0.110204 -0.090080 0.005860 3.000000 0.000000
2657.000000 -0.019394 -0.110191 -0.087308 0.002614 3.000000 0.000000
2658.000000 -0.019816 -0.110146 -0.086870 0.004252 3.000000 0.000000
2659.000000 -0.020237 -0.110100 -0.085580 0.006702 3.000000 0.000000
2660.000000 -0.020615 -0.109989 -0.082780 0.011145 3.000000 0.000000
2661.000000 -0.020973 -0.109945 -0.078249 0.013329 3.000000 0.000000
2662.000000 -0.021352 -0.109933 -0.076031 0.009605 3.000000 0.000000
2663.000000 -0.021710 -0.109888 -0.074898 0.007725 3.000000 0.000000
2664.000000 -0.022090 -0.109875 -0.074321 0.006789 3.000000 0.000000
2665.000000 -0.022365 -0.109899 -0.069961 0.002942 3.000000 0.000000
2666.000000 -0.022723 -0.109854 -0.066667 0.002587 3.000000 0.000000
2667.000000 -0.023017 -0.109811 -0.065949 0.005690 3.000000 0.000000
2668.000000 -0.023270 -0.109802 -0.060449 0.005480 3.000000 0.000000
2669.000000 -0.023564 -0.109758 -0.057643 0.005385 3.000000 0.000000
2670.000000 -0.023859 -0.109715 -0.058241 0.007043 3.000000 0.000000
2671.000000 -0.024153 -0.109671 -0.058542 0.007901 3.000000 0.000000
2672.000000 -0.024406 -0.109662 -0.056666 0.006651 3.000000 0.000000
2673.000000 -0.024596 -0.109654 -0.050581 0.004206 3.000000 0.000000
2674.000000 -0.024808 -0.109680 -0.045455 0.001271 3.000000 0.000000
2675.000000 -0.025019 -0.109705 -0.043919 -0.001800 3.000000 0.000000
2676.000000 -0.025209 -0.109697 -0.042062 -0.001779 3.000000 0.000000
2677.000000 -0.025399 -0.109690 -0.040041 -0.000184 3.000000 0.000000
2678.000000 -0.025547 -0.109717 -0.036986 -0.001068 3.000000 0.000000
2679.000000 -0.025737 -0.109710 -0.035429 -0.001512 3.000000 0.000000
2680.000000 -0.025905 -0.109670 -0.035583 0.001543 3.000000 0.000000
2681.000000 -0.026053 -0.109698 -0.033639 0.001403 3.000000 0.000000
2682.000000 -0.026180 -0.109693 -0.030623 -0.000368 3.000000 0.000000
2683.000000 -0.026287 -0.109755 -0.027065 -0.002970 3.000000 0.000000
2684.000000 -0.026413 -0.109749 -0.025252 -0.004293 3.000000 0.000000
2685.000000 -0.026540 -0.109744 -0.025274 -0.001686 3.000000 0.000000
2686.000000 -0.026666 -0.109739 -0.025285 -0.000355 3.000000 0.000000
2687.000000 -0.026708 -0.109705 -0.021108 0.001774 3.000000 0.000000
2688.000000 -0.026793 -0.109734 -0.016959 0.001157 3.000000 0.000000
2689.000000 -0.026897 -0.109697 -0.017945 0.000970 3.000000 0.000000
2690.000000 -0.026961 -0.109694 -0.017369 0.002452 3.000000 0.000000
2691.000000 -0.027024 -0.109692 -0.015053 0.001504 3.000000 0.000000
2692.000000 -0.027046 -0.109724 -0.011851 -0.000683 3.000000 0.000000
2693.000000 -0.027109 -0.109721 -0.010219 -0.001796 3.000000 0.000000
2694.000000 -0.027194 -0.109751 -0.012491 -0.002235 3.000000 0.000000
2695.000000 -0.027194 -0.109751 -0.010546 -0.002587 3.000000 0.000000
2696.000000 -0.027236 -0.109716 -0.007395 0.000386 3.000000 0.000000
2697.000000 -0.027258 -0.109748 -0.006870 0.000325 3.000000 0.000000
2698.000000 -0.027299 -0.109713 -0.006602 0.000294 3.000000 0.000000
2699.000000 -0.027362 -0.109711 -0.008487 0.001984 3.000000 0.000000
2700.000000 -0.027362 -0.109711 -0.007426 0.001139 3.000000 0.000000
2701.000000 -0.027321 -0.109746 -0.001762 -0.001124 3.000000 0.000000
2702.000000 -0.027343 -0.109778 0.000043 -0.003853 3.000000 0.000000
2703.000000 -0.027365 -0.109810 -0.002139 -0.005115 3.000000 0.000000
2704.000000 -0.027365 -0.109810 -0.002170 -0.004182 3.000000 0.000000
2705.000000 -0.027365 -0.109810 -0.001106 -0.002131 3.000000 0.000000
2706.000000 -0.027365 -0.109810 -0.000563 -0.001086 3.000000 0.000000
2707.000000 -0.027365 -0.109810 -0.000287 -0.000553 3.000000 0.000000
2708.000000 -0.027365 -0.109810 -0.000146 -0.000282 3.000000 0.000000
2709.000000 -0.027365 -0.109810 -0.000075 -0.000144 3.000000 0.000000
2710.000000 -0.027365 -0.109810 -0.000038 -0.000073 3.000000 0.000000
2711.000000 -0.027365 -0.109810 -0.000019 -0.000037 3.000000 0.000000
2712.000000 -0.027365 -0.109810 -0.000010 -0.000019 3.000000 0.000000
2713.000000 -0.027365 -0.109810 -0.000005 -0.000010 3.000000 0.000000
2714.000000 -0.027365 -0.109810 -0.000003 -0.000005 3.000000 0.000000
2715.000000 -0.027365 -0.109810 -0.000001 -0.000003 3.000000 0.000000
2716.000000 -0.027365 -0.109810 -0.000001 -0.000001 3.000000 0.000000
2717.000000 -0.027365 -0.109810 -0.000000 -0.000001 3.000000 0.000000
2718.000000 -0.027365 -0.109810 -0.000000 -0.000000 3.000000 0.000000
2719.000000 -0.027365 -0.109810 -0.000000 -0.000000 3.000000 0.000000
2720.000000 -0.027343 -0.109778 0.001080 0.001576 3.000000 0.000000
2721.000000 -0.027299 -0.109713 0.003791 0.005532 3.000000 0.000000
2722.000000 -0.027236 -0.109716 0.007193 0.005843 3.000000 0.000000
2723.000000 -0.027194 -0.109751 0.008789 0.001145 3.000000 0.000000
2724.000000 -0.027131 -0.109753 0.009602 -0.001248 3.000000 0.000000
2725.000000 -0.027068 -0.109756 0.011096 -0.000890 3.000000 0.000000
2726.000000 -0.026941 -0.109761 0.014959 -0.000832 3.000000 0.000000
2727.000000 -0.026878 -0.109764 0.016928 -0.000802 3.000000 0.000000
2728.000000 -0.026834 -0.109699 0.013883 0.002620 3.000000 0.000000
2729.000000 -0.026730 -0.109737 0.014356 0.002662 3.000000 0.000000
2730.000000 -0.026622 -0.109675 0.017696 0.002559 3.000000 0.000000
2731.000000 -0.026496 -0.109680 0.020477 0.004087 3.000000 0.000000
2732.000000 -0.026455 -0.109715 0.018661 0.000132 3.000000 0.000000
2733.000000 -0.026328 -0.109720 0.017735 -0.001880 3.000000 0.000000
2734.000000 -0.026202 -0.109725 0.021443 -0.001449 3.000000 0.000000
2735.000000 -0.026075 -0.109730 0.023333 -0.001227 3.000000 0.000000
2736.000000 -0.025927 -0.109703 0.025371 0.000469 3.000000 0.000000
2737.000000 -0.025841 -0.109673 0.024383 0.003034 3.000000 0.000000
2738.000000 -0.025715 -0.109678 0.022804 0.002764 3.000000 0.000000
2739.000000 -0.025567 -0.109651 0.025099 0.002510 3.000000 0.000000
2740.000000 -0.025440 -0.109656 0.026269 0.002382 3.000000 0.000000
2741.000000 -0.025336 -0.109693 0.024716 -0.000840 3.000000 0.000000
2742.000000 -0.025209 -0.109697 0.023925 -0.002480 3.000000 0.000000
2743.000000 -0.025083 -0.109702 0.024597 -0.001733 3.000000 0.000000
2744.000000 -0.024893 -0.109709 0.028041 -0.001464 3.000000 0.000000
2745.000000 -0.024766 -0.109714 0.029796 -0.001326 3.000000 0.000000
2746.000000 -0.024681 -0.109684 0.025558 0.000559 3.000000 0.000000
2747.000000 -0.024513 -0.109724 0.025430 -0.000173 3.000000 0.000000
2748.000000 -0.024343 -0.109664 0.029535 0.000924 3.000000 0.000000
2749.000000 -0.024175 -0.109703 0.031630 0.001488 3.000000 0.000000
2750.000000 -0.024049 -0.109708 0.030552 -0.001386 3.000000 0.000000
2751.000000 -0.023881 -0.109747 0.030005 -0.002846 3.000000 0.000000
2752.000000 -0.023754 -0.109751 0.029726 -0.003587 3.000000 0.000000
2753.000000 -0.023523 -0.109793 0.032689 -0.004069 3.000000 0.000000
2754.000000 -0.023397 -0.109797 0.034198 -0.004312 3.000000 0.000000
2755.000000 -0.023270 -0.109802 0.029833 -0.002631 3.000000 0.000000
2756.000000 -0.023122 -0.109774 0.028677 -0.000189 3.000000 0.000000
2757.000000 -0.022932 -0.109781 0.031191 0.000952 3.000000 0.000000
2758.000000 -0.022805 -0.109785 0.031402 -0.000048 3.000000 0.000000
2759.000000 -0.022637 -0.109824 0.030443 -0.002136 3.000000 0.000000
2760.000000 -0.022511 -0.109828 0.029954 -0.003199 3.000000 0.000000
2761.000000 -0.022321 -0.109835 0.030773 -0.002150 3.000000 0.000000
2762.000000 -0.022131 -0.109841 0.034293 -0.001715 3.000000 0.000000
2763.000000 -0.021963 -0.109880 0.035022 -0.003074 3.000000 0.000000
2764.000000 -0.021857 -0.109817 0.031318 -0.000389 3.000000 0.000000
2765.000000 -0.021667 -0.109823 0.030498 0.002570 3.000000 0.000000
2766.000000 -0.021497 -0.109763 0.033178 0.003980 3.000000 0.000000
2767.000000 -0.021349 -0.109735 0.032506 0.006389 3.000000 0.000000
2768.000000 -0.021181 -0.109773 0.032072 0.002761 3.000000 0.000000
2769.000000 -0.021054 -0.109777 0.030786 -0.000672 3.000000 0.000000
2770.000000 -0.020906 -0.109749 0.029157 0.000855 3.000000 0.000000
2771.000000 -0.020674 -0.109789 0.033468 -0.000142 3.000000 0.000000
2772.000000 -0.020526 -0.109761 0.035663 -0.000648 3.000000 0.000000
2773.000000 -0.020378 -0.109732 0.032702 0.002467 3.000000 0.000000
2774.000000 -0.020208 -0.109671 0.032253 0.005646 3.000000 0.000000
2775.000000 -0.019997 -0.109645 0.035123 0.007178 3.000000 0.000000
2776.000000 -0.019807 -0.109650 0.037564 0.004693 3.000000 0.000000
2777.000000 -0.019659 -0.109622 0.035704 0.003523 3.000000 0.000000
2778.000000 -0.019491 -0.109660 0.033699 0.001341 3.000000 0.000000
2779.000000 -0.019301 -0.109665 0.034719 -0.001446 3.000000 0.000000
2780.000000 -0.019090 -0.109638 0.037356 0.000321 3.000000 0.000000
2781.000000 -0.018900 -0.109644 0.038700 0.001226 3.000000 0.000000
2782.000000 -0.018772 -0.109548 0.035293 0.005049 3.000000 0.000000
2783.000000 -0.018561 -0.109521 0.034614 0.008595 3.000000 0.000000
2784.000000 -0.018350 -0.109494 0.038352 0.007051 3.000000 0.000000
2785.000000 -0.018138 -0.109467 0.040254 0.006271 3.000000 0.000000
2786.000000 -0.017927 -0.109440 0.041222 0.005881 3.000000 0.000000
2787.000000 -0.017759 -0.109477 0.039607 0.002501 3.000000 0.000000
2788.000000 -0.017548 -0.109450 0.038781 0.000786 3.000000 0.000000
2789.000000 -0.017337 -0.109422 0.040469 0.003105 3.000000 0.000000
2790.000000 -0.017126 -0.109395 0.041326 0.004293 3.000000 0.000000
2791.000000 -0.016956 -0.109333 0.039712 0.006578 3.000000 0.000000
2792.000000 -0.016745 -0.109305 0.038887 0.007749 3.000000 0.000000
2793.000000 -0.016471 -0.109279 0.043611 0.006605 3.000000 0.000000
2794.000000 -0.016260 -0.109251 0.046017 0.006029 3.000000 0.000000
2795.000000 -0.016070 -0.109256 0.043093 0.004221 3.000000 0.000000
2796.000000 -0.015839 -0.109295 0.042605 0.000041 3.000000 0.000000
2797.000000 -0.015586 -0.109301 0.045456 -0.002154 3.000000 0.000000
2798.000000 -0.015333 -0.109307 0.047959 -0.001665 3.000000 0.000000
2799.000000 -0.015059 -0.109280 0.050280 0.000193 3.000000 0.000000
2800.000000 -0.014806 -0.109286 0.051463 0.001149 3.000000 0.000000
2801.000000 -0.014574 -0.109225 0.050007 0.003312 3.000000 0.000000
2802.000000 -0.014299 -0.109198 0.050310 0.006025 3.000000 0.000000
2803.000000 -0.014089 -0.109169 0.049415 0.005813 3.000000 0.000000
2804.000000 -0.013836 -0.109175 0.047915 0.004116 3.000000 0.000000
2805.000000 -0.013583 -0.109180 0.049206 0.001596 3.000000 0.000000
2806.000000 -0.013330 -0.109185 0.049864 0.000321 3.000000 0.000000
2807.000000 -0.013014 -0.109191 0.053299 -0.000375 3.000000 0.000000
2808.000000 -0.012761 -0.109196 0.055050 -0.000721 3.000000 0.000000
2809.000000 -0.012487 -0.109168 0.053881 0.000777 3.000000 0.000000
2810.000000 -0.012277 -0.109139 0.051226 0.003205 3.000000 0.000000
2811.000000 -0.012003 -0.109111 0.049870 0.004455 3.000000 0.000000
2812.000000 -0.011687 -0.109117 0.054337 0.003391 3.000000 0.000000
2813.000000 -0.011434 -0.109121 0.055575 0.001254 3.000000 0.000000
2814.000000 -0.011139 -0.109159 0.055171 -0.001424 3.000000 0.000000
2815.000000 -0.010865 -0.109131 0.055999 -0.001174 3.000000 0.000000
2816.000000 -0.010549 -0.109136 0.057460 0.000575 3.000000 0.000000
2817.000000 -0.010254 -0.109174 0.059233 -0.001782 3.000000 0.000000
2818.000000 -0.009980 -0.109145 0.058070 -0.001318 3.000000 0.000000
2819.000000 -0.009770 -0.109115 0.053347 0.002230 3.000000 0.000000
2820.000000 -0.009454 -0.109120 0.053005 0.002400 3.000000 0.000000
2821.000000 -0.009180 -0.109090 0.055926 0.002453 3.000000 0.000000
2822.000000 -0.008864 -0.109095 0.057416 0.002497 3.000000 0.000000
2823.000000 -0.008611 -0.109098 0.057142 0.000919 3.000000 0.000000
2824.000000 -0.008337 -0.109069 0.054933 0.001776 3.000000 0.000000
2825.000000 -0.008042 -0.109105 0.055879 0.000577 3.000000 0.000000
2826.000000 -0.007769 -0.109076 0.056358 -0.000023 3.000000 0.000000
2827.000000 -0.007453 -0.109079 0.057632 0.001297 3.000000 0.000000
2828.000000 -0.007179 -0.109049 0.058277 0.001980 3.000000 0.000000
2829.000000 -0.006884 -0.108986 0.057556 0.005597 3.000000 0.000000
2830.000000 -0.006611 -0.108956 0.057186 0.007451 3.000000 0.000000
2831.000000 -0.006295 -0.108959 0.058043 0.005156 3.000000 0.000000
2832.000000 -0.006042 -0.108961 0.057456 0.002383 3.000000 0.000000
2833.000000 -0.005769 -0.108931 0.055080 0.002622 3.000000 0.000000
2834.000000 -0.005453 -0.108933 0.056969 0.002733 3.000000 0.000000
2835.000000 -0.005137 -0.108936 0.060006 0.001165 3.000000 0.000000
2836.000000 -0.004863 -0.108905 0.059474 0.002015 3.000000 0.000000
2837.000000 -0.004632 -0.108840 0.055045 0.005730 3.000000 0.000000
2838.000000 -0.004338 -0.108776 0.053802 0.009253 3.000000 0.000000
2839.000000 -0.004065 -0.108745 0.055244 0.009422 3.000000 0.000000
2840.000000 -0.003749 -0.108747 0.057038 0.006272 3.000000 0.000000
2841.000000 -0.003475 -0.108715 0.057949 0.004678 3.000000 0.000000
2842.000000 -0.003202 -0.108684 0.056331 0.005511 3.000000 0.000000
2843.000000 -0.002866 -0.108652 0.058600 0.005938 3.000000 0.000000
2844.000000 -0.002550 -0.108653 0.061838 0.004539 3.000000 0.000000
2845.000000 -0.002277 -0.108621 0.060388 0.003849 3.000000 0.000000
2846.000000 -0.002025 -0.108523 0.056489 0.008386 3.000000 0.000000
2847.000000 -0.001731 -0.108457 0.055509 0.012331 3.000000 0.000000
2848.000000 -0.001416 -0.108458 0.058165 0.009478 3.000000 0.000000
2849.000000 -0.001122 -0.108392 0.059511 0.008038 3.000000 0.000000
2850.000000 -0.000869 -0.108393 0.057104 0.007318 3.000000 0.000000
2851.000000 -0.000533 -0.108360 0.057959 0.005344 3.000000 0.000000
2852.000000 -0.000218 -0.108360 0.061491 0.004349 3.000000 0.000000
2853.000000 0.000076 -0.108294 0.061196 0.005480 3.000000 0.000000
2854.000000 0.000370 -0.108228 0.059959 0.009317 3.000000 0.000000
2855.000000 0.000600 -0.108161 0.056228 0.011276 3.000000 0.000000
2856.000000 0.000914 -0.108062 0.055322 0.013916 3.000000 0.000000
2857.000000 0.001229 -0.108061 0.059041 0.012033 3.000000 0.000000
2858.000000 0.001522 -0.107994 0.059924 0.009462 3.000000 0.000000
2859.000000 0.001838 -0.107994 0.060376 0.008167 3.000000 0.000000
2860.000000 0.002131 -0.107926 0.060599 0.007520 3.000000 0.000000
2861.000000 0.002446 -0.107925 0.060714 0.007205 3.000000 0.000000
2862.000000 0.002782 -0.107891 0.062862 0.005446 3.000000 0.000000
2863.000000 0.003096 -0.107790 0.063850 0.009438 3.000000 0.000000
2864.000000 0.003389 -0.107722 0.062252 0.013099 3.000000 0.000000
2865.000000 0.003681 -0.107655 0.060434 0.013348 3.000000 0.000000
2866.000000 0.004017 -0.107620 0.061600 0.011879 3.000000 0.000000
2867.000000 0.004310 -0.107551 0.062187 0.011144 3.000000 0.000000
2868.000000 0.004625 -0.107549 0.061494 0.009152 3.000000 0.000000
2869.000000 0.004938 -0.107448 0.062122 0.009785 3.000000 0.000000
2870.000000 0.005273 -0.107412 0.063433 0.011758 3.000000 0.000000
2871.000000 0.005609 -0.107376 0.065204 0.009538 3.000000 0.000000
2872.000000 0.005944 -0.107340 0.066103 0.008425 3.000000 0.000000
2873.000000 0.006236 -0.107271 0.064453 0.009476 3.000000 0.000000
2874.000000 0.006592 -0.107201 0.064594 0.011667 3.000000 0.000000
2875.000000 0.006947 -0.107131 0.067747 0.012834 3.000000 0.000000
2876.000000 0.007282 -0.107094 0.068364 0.011809 3.000000 0.000000
2877.000000 0.007597 -0.107091 0.066708 0.008028 3.000000 0.000000
2878.000000 0.007952 -0.107020 0.066841 0.007758 3.000000 0.000000
2879.000000 0.008330 -0.107016 0.069999 0.007680 3.000000 0.000000
2880.000000 0.008685 -0.106945 0.071599 0.007660 3.000000 0.000000
2881.000000 0.009020 -0.106907 0.070304 0.009265 3.000000 0.000000
2882.000000 0.009332 -0.106803 0.067524 0.011694 3.000000 0.000000
2883.000000 0.009667 -0.106765 0.066106 0.012948 3.000000 0.000000
2884.000000 0.010085 -0.106693 0.070569 0.012065 3.000000 0.000000
2885.000000 0.010482 -0.106653 0.075927 0.011688 3.000000 0.000000
2886.000000 0.010817 -0.106615 0.074590 0.009820 3.000000 0.000000
2887.000000 0.011195 -0.106608 0.072934 0.007247 3.000000 0.000000
2888.000000 0.011592 -0.106568 0.075173 0.006013 3.000000 0.000000
2889.000000 0.011990 -0.106528 0.077283 0.007053 3.000000 0.000000
2890.000000 0.012387 -0.106487 0.078353 0.007607 3.000000 0.000000
2891.000000 0.012741 -0.106414 0.076774 0.009495 3.000000 0.000000
2892.000000 0.013139 -0.106373 0.075966 0.010481 3.000000 0.000000
2893.000000 0.013513 -0.106266 0.076508 0.012651 3.000000 0.000000
2894.000000 0.013930 -0.106191 0.077743 0.015432 3.000000 0.000000
2895.000000 0.014350 -0.106215 0.080682 0.010414 3.000000 0.000000
2896.000000 0.014747 -0.106173 0.081208 0.006232 3.000000 0.000000
2897.000000 0.015188 -0.106163 0.082443 0.005781 3.000000 0.000000
2898.000000 0.015648 -0.106119 0.086150 0.005656 3.000000 0.000000
2899.000000 0.016045 -0.106076 0.085912 0.007192 3.000000 0.000000
2900.000000 0.016442 -0.106033 0.082701 0.007922 3.000000 0.000000
2901.000000 0.016858 -0.105956 0.082015 0.009973 3.000000 0.000000
2902.000000 0.017338 -0.105877 0.085696 0.012786 3.000000 0.000000
2903.000000 0.017754 -0.105800 0.087561 0.014245 3.000000 0.000000
2904.000000 0.018131 -0.105789 0.083518 0.011616 3.000000 0.000000
2905.000000 0.018591 -0.105743 0.083580 0.008740 3.000000 0.000000
2906.000000 0.019050 -0.105697 0.087644 0.009050 3.000000 0.000000
2907.000000 0.019553 -0.105682 0.091844 0.007681 3.000000 0.000000
2908.000000 0.020013 -0.105635 0.093978 0.007016 3.000000 0.000000
2909.000000 0.020385 -0.105524 0.088652 0.011386 3.000000 0.000000
2910.000000 0.020863 -0.105442 0.086876 0.015308 3.000000 0.000000
2911.000000 0.021323 -0.105394 0.090234 0.014215 3.000000 0.000000
2912.000000 0.021782 -0.105346 0.090993 0.012030 3.000000 0.000000
2913.000000 0.022241 -0.105297 0.091375 0.010949 3.000000 0.000000
2914.000000 0.022700 -0.105249 0.091564 0.010430 3.000000 0.000000
2915.000000 0.023222 -0.105197 0.094735 0.010315 3.000000 0.000000
2916.000000 0.023680 -0.105147 0.096344 0.010287 3.000000 0.000000
2917.000000 0.024202 -0.105095 0.097157 0.010316 3.000000 0.000000
2918.000000 0.024636 -0.104979 0.096350 0.013573 3.000000 0.000000
2919.000000 0.025095 -0.104928 0.092855 0.015148 3.000000 0.000000
2920.000000 0.025616 -0.104875 0.095354 0.012896 3.000000 0.000000
2921.000000 0.026094 -0.104790 0.097549 0.013450 3.000000 0.000000
2922.000000 0.026552 -0.104738 0.095584 0.013641 3.000000 0.000000
2923.000000 0.027054 -0.104717 0.095799 0.010564 3.000000 0.000000
2924.000000 0.027575 -0.104662 0.098979 0.009166 3.000000 0.000000
2925.000000 0.028096 -0.104607 0.101521 0.010165 3.000000 0.000000
2926.000000 0.028573 -0.104520 0.100653 0.012247 3.000000 0.000000
2927.000000 0.029050 -0.104432 0.098046 0.014879 3.000000 0.000000
2928.000000 0.029571 -0.104376 0.098864 0.014726 3.000000 0.000000
2929.000000 0.030048 -0.104288 0.099268 0.014681 3.000000 0.000000
2930.000000 0.030568 -0.104230 0.099467 0.014700 3.000000 0.000000
2931.000000 0.031070 -0.104206 0.100805 0.011541 3.000000 0.000000
2932.000000 0.031591 -0.104148 0.101479 0.009974 3.000000 0.000000
2933.000000 0.032130 -0.104055 0.103643 0.012573 3.000000 0.000000
2934.000000 0.032694 -0.104027 0.106904 0.012420 3.000000 0.000000
2935.000000 0.033214 -0.103968 0.107643 0.010705 3.000000 0.000000
2936.000000 0.033690 -0.103877 0.103682 0.012909 3.000000 0.000000
2937.000000 0.034210 -0.103817 0.101658 0.014073 3.000000 0.000000
2938.000000 0.034749 -0.103722 0.103685 0.014870 3.000000 0.000000
2939.000000 0.035332 -0.103657 0.107783 0.015494 3.000000 0.000000
2940.000000 0.035877 -0.103661 0.110231 0.010976 3.000000 0.000000
2941.000000 0.036441 -0.103630 0.110570 0.007041 3.000000 0.000000
2942.000000 0.037023 -0.103564 0.112543 0.008455 3.000000 0.000000
2943.000000 0.037606 -0.103497 0.114440 0.010912 3.000000 0.000000
2944.000000 0.038170 -0.103464 0.114504 0.010526 3.000000 0.000000
2945.000000 0.038689 -0.103401 0.111455 0.010189 3.000000 0.000000
2946.000000 0.039289 -0.103298 0.111680 0.013447 3.000000 0.000000
2947.000000 0.039916 -0.103260 0.117040 0.013849 3.000000 0.000000
2948.000000 0.040524 -0.103256 0.120163 0.009232 3.000000 0.000000
2949.000000 0.041088 -0.103221 0.118681 0.006737 3.000000 0.000000
2950.000000 0.041714 -0.103181 0.118814 0.007217 3.000000 0.000000
2951.000000 0.042340 -0.103141 0.121949 0.007716 3.000000 0.000000
2952.000000 0.042966 -0.103100 0.123542 0.008031 3.000000 0.000000
2953.000000 0.043655 -0.103054 0.127419 0.008469 3.000000 0.000000
2954.000000 0.044236 -0.102982 0.127198 0.010227 3.000000 0.000000
2955.000000 0.044907 -0.102969 0.126206 0.009500 3.000000 0.000000
2956.000000 0.045551 -0.102891 0.128757 0.009401 3.000000 0.000000
2957.000000 0.046222 -0.102878 0.130062 0.009421 3.000000 0.000000
2958.000000 0.046865 -0.102798 0.130712 0.009493 3.000000 0.000000
2959.000000 0.047536 -0.102783 0.131049 0.009598 3.000000 0.000000
2960.000000 0.048269 -0.102763 0.135610 0.006786 3.000000 0.000000
2961.000000 0.048940 -0.102746 0.137937 0.005419 3.000000 0.000000
2962.000000 0.049691 -0.102689 0.139987 0.006514 3.000000 0.000000
2963.000000 0.050316 -0.102641 0.138827 0.008592 3.000000 0.000000
2964.000000 0.051022 -0.102553 0.136019 0.011195 3.000000 0.000000
2965.000000 0.051773 -0.102494 0.140718 0.013087 3.000000 0.000000
2966.000000 0.052506 -0.102469 0.144455 0.010968 3.000000 0.000000
2967.000000 0.053239 -0.102443 0.145498 0.008266 3.000000 0.000000
2968.000000 0.053972 -0.102416 0.146032 0.006971 3.000000 0.000000
2969.000000 0.054660 -0.102359 0.144088 0.007833 3.000000 0.000000
2970.000000 0.055456 -0.102325 0.146165 0.008629 3.000000 0.000000
2971.000000 0.056206 -0.102261 0.150281 0.009379 3.000000 0.000000
2972.000000 0.056985 -0.102260 0.151536 0.008146 3.000000 0.000000
2973.000000 0.057707 -0.102130 0.150781 0.010747 3.000000 0.000000
2974.000000 0.058440 -0.102098 0.148184 0.013595 3.000000 0.000000
2975.000000 0.059253 -0.102024 0.151286 0.012271 3.000000 0.000000
2976.000000 0.060048 -0.101985 0.155934 0.011972 3.000000 0.000000
2977.000000 0.060826 -0.101980 0.156626 0.008483 3.000000 0.000000
2978.000000 0.061639 -0.101903 0.157809 0.008523 3.000000 0.000000
2979.000000 0.062389 -0.101832 0.157016 0.011768 3.000000 0.000000
2980.000000 0.063184 -0.101789 0.155773 0.011802 3.000000 0.000000
2981.000000 0.064059 -0.101703 0.161256 0.012532 3.000000 0.000000
2982.000000 0.064809 -0.101629 0.161810 0.014402 3.000000 0.000000
2983.000000 0.065621 -0.101548 0.159017 0.015154 3.000000 0.000000
2984.000000 0.066433 -0.101466 0.160646 0.015943 3.000000 0.000000
2985.000000 0.067274 -0.101446 0.162896 0.013321 3.000000 0.000000
2986.000000 0.068131 -0.101391 0.166278 0.010691 3.000000 0.000000
2987.000000 0.068926 -0.101340 0.165760 0.010849 3.000000 0.000000
2988.000000 0.069801 -0.101247 0.166302 0.012775 3.000000 0.000000
2989.000000 0.070612 -0.101160 0.167384 0.015578 3.000000 0.000000
2990.000000 0.071515 -0.101128 0.169371 0.014012 3.000000 0.000000
2991.000000 0.072343 -0.101003 0.171172 0.015043 3.000000 0.000000
2992.000000 0.073184 -0.100976 0.169040 0.015336 3.000000 0.000000
2993.000000 0.074058 -0.100877 0.170187 0.014215 3.000000 0.000000
2994.000000 0.074915 -0.100813 0.171577 0.015486 3.000000 0.000000
2995.000000 0.075802 -0.100810 0.172947 0.011409 3.000000 0.000000
2996.000000 0.076721 -0.100736 0.176697 0.009819 3.000000 0.000000
2997.000000 0.077578 -0.100668 0.177145 0.012227 3.000000 0.000000
2998.000000 0.078498 -0.100591 0.177366 0.013586 3.000000 0.000000
2999.000000 0.079401 -0.100548 0.179746 0.013033 3.000000 0.000000
3000.000000 0.080274 -0.100441 0.178675 0.014230 3.000000 0.000000
3001.000000 0.081193 -0.100360 0.178915 0.016709 3.000000 0.000000
3002.000000 0.082096 -0.100314 0.180520 0.014996 3.000000 0.000000
3003.000000 0.083062 -0.100258 0.183611 0.012915 3.000000 0.000000
3004.000000 0.083949 -0.100245 0.184415 0.010228 3.000000 0.000000
3005.000000 0.084915 -0.100186 0.184825 0.009007 3.000000 0.000000
3006.000000 0.085818 -0.100135 0.185817 0.010248 3.000000 0.000000
3007.000000 0.086737 -0.100046 0.184032 0.012351 3.000000 0.000000
3008.000000 0.087703 -0.099984 0.186180 0.013973 3.000000 0.000000
3009.000000 0.088606 -0.099928 0.186501 0.013173 3.000000 0.000000
3010.000000 0.089571 -0.099863 0.186664 0.012911 3.000000 0.000000
3011.000000 0.090490 -0.099769 0.187506 0.014651 3.000000 0.000000
3012.000000 0.091487 -0.099764 0.189479 0.012620 3.000000 0.000000
3013.000000 0.092390 -0.099703 0.189717 0.009952 3.000000 0.000000
3014.000000 0.093340 -0.099668 0.187557 0.010051 3.000000 0.000000
3015.000000 0.094306 -0.099595 0.189507 0.010682 3.000000 0.000000
3016.000000 0.095256 -0.099557 0.190510 0.011140 3.000000 0.000000
3017.000000 0.096206 -0.099518 0.190273 0.009757 3.000000 0.000000
3018.000000 0.097109 -0.099450 0.187849 0.010476 3.000000 0.000000
3019.000000 0.098060 -0.099408 0.186623 0.010981 3.000000 0.000000
3020.000000 0.099010 -0.099365 0.188308 0.010078 3.000000 0.000000
3021.000000 0.099961 -0.099320 0.189174 0.009757 3.000000 0.000000
3022.000000 0.100896 -0.099309 0.188889 0.007967 3.000000 0.000000
3023.000000 0.101784 -0.099271 0.185696 0.006697 3.000000 0.000000
3024.000000 0.102720 -0.099258 0.184086 0.006185 3.000000 0.000000
3025.000000 0.103624 -0.099182 0.183998 0.007806 3.000000 0.000000
3026.000000 0.104497 -0.099176 0.180919 0.008260 3.000000 0.000000
3027.000000 0.105291 -0.099081 0.173965 0.009358 3.000000 0.000000
3028.000000 0.106180 -0.099037 0.171163 0.011806 3.000000 0.000000
3029.000000 0.107054 -0.099028 0.173662 0.008868 3.000000 0.000000
3030.000000 0.107895 -0.098955 0.172609 0.008741 3.000000 0.000000
3031.000000 0.108660 -0.098929 0.166706 0.009512 3.000000 0.000000
3032.000000 0.109439 -0.098865 0.160644 0.009483 3.000000 0.000000
3033.000000 0.110266 -0.098826 0.160613 0.010087 3.000000 0.000000
3034.000000 0.111045 -0.098760 0.160595 0.010483 3.000000 0.000000
3035.000000 0.111762 -0.098704 0.155205 0.011485 3.000000 0.000000
3036.000000 0.112446 -0.098586 0.147777 0.014551 3.000000 0.000000
3037.000000 0.113130 -0.098467 0.142359 0.019195 3.000000 0.000000
3038.000000 0.113847 -0.098409 0.141222 0.018625 3.000000 0.000000
3039.000000 0.114564 -0.098349 0.142268 0.015401 3.000000 0.000000
3040.000000 0.115157 -0.098312 0.136709 0.012727 3.000000 0.000000
3041.000000 0.115811 -0.098262 0.130830 0.010890 3.000000 0.000000
3042.000000 0.116433 -0.098151 0.129236 0.013557 3.000000 0.000000
3043.000000 0.117040 -0.098075 0.126079 0.016198 3.000000 0.000000
3044.000000 0.117647 -0.097999 0.123761 0.015822 3.000000 0.000000
3045.000000 0.118192 -0.097933 0.119531 0.015118 3.000000 0.000000
3046.000000 0.118751 -0.097831 0.115020 0.016027 3.000000 0.000000
3047.000000 0.119295 -0.097765 0.112721 0.016532 3.000000 0.000000
3048.000000 0.119840 -0.097698 0.110848 0.015055 3.000000 0.000000
3049.000000 0.120308 -0.097678 0.106157 0.011989 3.000000 0.000000
3050.000000 0.120791 -0.097622 0.100719 0.009896 3.000000 0.000000
3051.000000 0.121288 -0.097529 0.099331 0.012425 3.000000 0.000000
3052.000000 0.121818 -0.097497 0.100978 0.012547 3.000000 0.000000
3053.000000 0.122239 -0.097452 0.098079 0.010277 3.000000 0.000000
3054.000000 0.122611 -0.097381 0.088847 0.010978 3.000000 0.000000
3055.000000 0.123031 -0.097335 0.084143 0.011360 3.000000 0.000000
3056.000000 0.123452 -0.097289 0.084100 0.010377 3.000000 0.000000
3057.000000 0.123858 -0.097278 0.083394 0.008118 3.000000 0.000000
3058.000000 0.124202 -0.097280 0.079308 0.004618 3.000000 0.000000
3059.000000 0.124499 -0.097257 0.071825 0.003460 3.000000 0.000000
3060.000000 0.124857 -0.097221 0.068699 0.004673 3.000000 0.000000
3061.000000 0.125202 -0.097222 0.069467 0.004112 3.000000 0.000000
3062.000000 0.125498 -0.097198 0.066815 0.003249 3.000000 0.000000
3063.000000 0.125746 -0.097150 0.060743 0.005205 3.000000 0.000000
3064.000000 0.126042 -0.097126 0.057650 0.006215 3.000000 0.000000
3065.000000 0.126228 -0.097090 0.053029 0.006138 3.000000 0.000000
3066.000000 0.126463 -0.097078 0.047634 0.005514 3.000000 0.000000
3067.000000 0.126683 -0.097102 0.046568 0.002227 3.000000 0.000000
3068.000000 0.126855 -0.097102 0.042983 -0.000040 3.000000 0.000000
3069.000000 0.127028 -0.097102 0.038795 -0.000002 3.000000 0.000000
3070.000000 0.127186 -0.097138 0.035983 -0.001765 3.000000 0.000000
3071.000000 0.127296 -0.097150 0.031508 -0.003261 3.000000 0.000000
3072.000000 0.127358 -0.097138 0.024502 -0.001649 3.000000 0.000000
3073.000000 0.127420 -0.097126 0.018569 0.000359 3.000000 0.000000
3074.000000 0.127544 -0.097101 0.018588 0.001984 3.000000 0.000000
3075.000000 0.127544 -0.097101 0.015556 0.002210 3.000000 0.000000
3076.000000 0.127579 -0.097162 0.009610 -0.001846 3.000000 0.000000
3077.000000 0.127579 -0.097162 0.006581 -0.003912 3.000000 0.000000
3078.000000 0.127579 -0.097162 0.003353 -0.001993 3.000000 0.000000
3079.000000 0.127627 -0.097186 0.004072 -0.002201 3.000000 0.000000
3080.000000 0.127627 -0.097186 0.004438 -0.002307 3.000000 0.000000
3081.000000 0.127627 -0.097186 0.002261 -0.001176 3.000000 0.000000
3082.000000 0.127627 -0.097186 0.001152 -0.000599 8.000000 0.000000
3083.000000 0.127599 -0.097259 -0.000772 -0.003877 8.000000 0.000000
3084.000000 0.127475 -0.097283 -0.007840 -0.006745 8.000000 0.000000
3085.000000 0.127351 -0.097308 -0.016169 -0.005831 8.000000 0.000000
