# imt log
s logheadsize 000234
s logcolumns 7
s logname /home/testac/lgames/fitts/20180723_Mon/run1.123528.dat
s logversion 2.0
s logdate "Mon Jul 23 12:35:28 EDT 2018"
s logidate 1532363728

# begin user data

# end user data

#####
699.000000 -0.004378 -0.010895 -0.116036 -0.203838 0.000000 0.000000
700.000000 -0.004925 -0.011872 -0.114025 -0.201277 0.000000 0.000000
701.000000 -0.005437 -0.012884 -0.110659 -0.199875 0.000000 0.000000
702.000000 -0.006030 -0.013822 -0.111176 -0.197232 7.000000 0.033000
703.000000 -0.006587 -0.014796 -0.113676 -0.193959 7.000000 0.033000
704.000000 -0.007157 -0.015659 -0.113757 -0.188640 7.000000 0.033000
705.000000 -0.007705 -0.016594 -0.113357 -0.184041 7.000000 0.033000
706.000000 -0.008280 -0.017455 -0.113400 -0.181585 7.000000 0.033000
707.000000 -0.008873 -0.018350 -0.115638 -0.178403 7.000000 0.033000
708.000000 -0.009463 -0.019100 -0.117434 -0.171355 7.000000 0.033000
709.000000 -0.010031 -0.019921 -0.117104 -0.164133 7.000000 0.033000
710.000000 -0.010547 -0.020743 -0.113284 -0.163969 7.000000 0.033000
711.000000 -0.011144 -0.021489 -0.112732 -0.160216 7.000000 0.033000
712.000000 -0.011703 -0.022272 -0.114599 -0.156394 7.000000 0.033000
713.000000 -0.012234 -0.022981 -0.112274 -0.152664 7.000000 0.033000
714.000000 -0.012806 -0.023654 -0.111668 -0.145360 7.000000 0.033000
715.000000 -0.013380 -0.024325 -0.113465 -0.139736 7.000000 0.033000
716.000000 -0.013955 -0.024995 -0.114560 -0.136777 7.000000 0.033000
717.000000 -0.014501 -0.025593 -0.113706 -0.131700 7.000000 0.033000
718.000000 -0.015048 -0.026190 -0.111858 -0.125545 7.000000 0.033000
719.000000 -0.015558 -0.026823 -0.109143 -0.124147 7.000000 0.033000
720.000000 -0.016108 -0.027419 -0.107908 -0.123353 7.000000 0.033000
721.000000 -0.016628 -0.027943 -0.107734 -0.117590 7.000000 0.033000
722.000000 -0.017204 -0.028464 -0.108905 -0.111018 7.000000 0.033000
723.000000 -0.017710 -0.028951 -0.108803 -0.105875 7.000000 0.033000
724.000000 -0.018217 -0.029438 -0.105335 -0.101539 7.000000 0.033000
725.000000 -0.018764 -0.029886 -0.105589 -0.097444 7.000000 0.033000
726.000000 -0.019240 -0.030301 -0.104181 -0.091846 7.000000 0.033000
727.000000 -0.019773 -0.030713 -0.102745 -0.087198 7.000000 0.033000
728.000000 -0.020234 -0.031091 -0.101267 -0.083059 7.000000 0.033000
729.000000 -0.020752 -0.031466 -0.099779 -0.079162 7.000000 0.033000
730.000000 -0.021198 -0.031808 -0.098259 -0.075411 7.000000 0.033000
731.000000 -0.021701 -0.032148 -0.096734 -0.071720 7.000000 0.033000
732.000000 -0.022170 -0.032416 -0.097089 -0.066250 7.000000 0.033000
733.000000 -0.022679 -0.032647 -0.097572 -0.058141 7.000000 0.033000
734.000000 -0.023133 -0.032879 -0.097026 -0.052251 7.000000 0.033000
735.000000 -0.023570 -0.033076 -0.093205 -0.047605 7.000000 0.033000
736.000000 -0.024008 -0.033273 -0.090457 -0.043483 7.000000 0.033000
737.000000 -0.024390 -0.033472 -0.086342 -0.041472 7.000000 0.033000
738.000000 -0.024850 -0.033595 -0.085334 -0.036859 7.000000 0.033000
739.000000 -0.025271 -0.033756 -0.086752 -0.032645 7.000000 0.033000
740.000000 -0.025658 -0.033846 -0.083897 -0.028876 7.000000 0.033000
741.000000 -0.026046 -0.033936 -0.080771 -0.023500 7.000000 0.033000
742.000000 -0.026472 -0.033988 -0.081086 -0.018894 7.000000 0.033000
743.000000 -0.026881 -0.034005 -0.082302 -0.012967 7.000000 0.033000
744.000000 -0.027256 -0.033952 -0.080372 -0.004786 7.000000 0.033000
745.000000 -0.027553 -0.033974 -0.073901 -0.000863 7.000000 0.033000
746.000000 -0.027889 -0.033958 -0.068703 -0.000687 7.000000 0.033000
747.000000 -0.028225 -0.033942 -0.067950 0.001262 7.000000 0.033000
748.000000 -0.028526 -0.033856 -0.065856 0.005692 7.000000 0.033000
749.000000 -0.028866 -0.033732 -0.064967 0.013237 7.000000 0.033000
750.000000 -0.029167 -0.033646 -0.064507 0.017096 7.000000 0.033000
751.000000 -0.029412 -0.033562 -0.059629 0.017086 7.000000 0.033000
752.000000 -0.029734 -0.033402 -0.058167 0.020659 7.000000 0.033000
753.000000 -0.029965 -0.033176 -0.056737 0.029468 7.000000 0.033000
754.000000 -0.030154 -0.033095 -0.049488 0.030119 7.000000 0.033000
755.000000 -0.030385 -0.032868 -0.045779 0.030464 7.000000 0.033000
756.000000 -0.030595 -0.032714 -0.044917 0.034209 7.000000 0.033000
757.000000 -0.030787 -0.032525 -0.042581 0.034273 7.000000 0.033000
758.000000 -0.030941 -0.032374 -0.038649 0.034165 7.000000 0.033000
759.000000 -0.031150 -0.032220 -0.037490 0.032410 7.000000 0.033000
760.000000 -0.031304 -0.032068 -0.036894 0.031520 7.000000 0.033000
761.000000 -0.031443 -0.031774 -0.033168 0.037914 7.000000 0.033000
762.000000 -0.031579 -0.031588 -0.030413 0.042887 7.000000 0.033000
763.000000 -0.031625 -0.031335 -0.024396 0.043419 7.000000 0.033000
764.000000 -0.031726 -0.031078 -0.019623 0.047118 7.000000 0.033000
765.000000 -0.031754 -0.030790 -0.016347 0.050719 7.000000 0.033000
766.000000 -0.031783 -0.030502 -0.011102 0.054123 7.000000 0.033000
767.000000 -0.031811 -0.030214 -0.008436 0.055865 7.000000 0.033000
768.000000 -0.031822 -0.029890 -0.006239 0.058474 7.000000 0.033000
769.000000 -0.031795 -0.029605 -0.002405 0.059660 7.000000 0.033000
770.000000 -0.031806 -0.029282 -0.000461 0.060275 7.000000 0.033000
771.000000 -0.031779 -0.028996 0.000518 0.060594 7.000000 0.033000
772.000000 -0.031680 -0.028678 0.006438 0.060469 7.000000 0.033000
773.000000 -0.031597 -0.028396 0.012158 0.060265 7.000000 0.033000
774.000000 -0.031498 -0.028078 0.015050 0.060172 7.000000 0.033000
775.000000 -0.031399 -0.027760 0.017343 0.061851 7.000000 0.033000
776.000000 -0.031283 -0.027407 0.019323 0.064437 7.000000 0.033000
777.000000 -0.031113 -0.027057 0.023850 0.067341 7.000000 0.033000
778.000000 -0.030959 -0.026742 0.028005 0.066970 7.000000 0.033000
779.000000 -0.030806 -0.026426 0.029258 0.065077 7.000000 0.033000
780.000000 -0.030636 -0.026076 0.030697 0.065847 7.000000 0.033000
781.000000 -0.030466 -0.025725 0.032228 0.067976 7.000000 0.033000
782.000000 -0.030280 -0.025339 0.033797 0.070802 7.000000 0.033000
783.000000 -0.030094 -0.024953 0.035384 0.073983 7.000000 0.033000
784.000000 -0.029909 -0.024566 0.036151 0.075624 7.000000 0.033000
785.000000 -0.029707 -0.024144 0.037317 0.078207 7.000000 0.033000
786.000000 -0.029429 -0.023798 0.042438 0.077543 7.000000 0.033000
787.000000 -0.029114 -0.023490 0.050630 0.071642 7.000000 0.033000
788.000000 -0.028853 -0.023179 0.053947 0.066930 7.000000 0.033000
789.000000 -0.028522 -0.022835 0.056400 0.066287 7.000000 0.033000
790.000000 -0.028230 -0.022452 0.059225 0.069444 7.000000 0.033000
791.000000 -0.027899 -0.022108 0.060610 0.071083 7.000000 0.033000
792.000000 -0.027570 -0.021763 0.063139 0.070088 7.000000 0.033000
793.000000 -0.027224 -0.021383 0.065173 0.071346 7.000000 0.033000
794.000000 -0.026841 -0.021040 0.068835 0.071897 7.000000 0.033000
795.000000 -0.026458 -0.020696 0.072520 0.070355 7.000000 0.033000
796.000000 -0.026059 -0.020317 0.075128 0.071347 7.000000 0.033000
797.000000 -0.025656 -0.020046 0.077496 0.068292 7.000000 0.033000
798.000000 -0.025259 -0.019667 0.078629 0.066778 7.000000 0.033000
799.000000 -0.024917 -0.019284 0.076174 0.071488 7.000000 0.033000
800.000000 -0.024466 -0.018906 0.077518 0.073821 7.000000 0.033000
801.000000 -0.024071 -0.018525 0.080808 0.074933 7.000000 0.033000
802.000000 -0.023623 -0.018145 0.082404 0.075551 7.000000 0.033000
803.000000 -0.023191 -0.017801 0.085039 0.074055 7.000000 0.033000
804.000000 -0.022689 -0.017423 0.088963 0.073243 7.000000 0.033000
805.000000 -0.022220 -0.017116 0.092793 0.071024 7.000000 0.033000
806.000000 -0.021774 -0.016735 0.091997 0.070047 7.000000 0.033000
807.000000 -0.021290 -0.016391 0.092295 0.071347 7.000000 0.033000
808.000000 -0.020831 -0.015973 0.093125 0.073809 7.000000 0.033000
809.000000 -0.020387 -0.015590 0.091580 0.076957 7.000000 0.033000
810.000000 -0.019890 -0.015209 0.092598 0.076772 7.000000 0.033000
811.000000 -0.019395 -0.014828 0.095690 0.076640 7.000000 0.033000
812.000000 -0.018899 -0.014445 0.097179 0.076629 7.000000 0.033000
813.000000 -0.018405 -0.014062 0.097853 0.076679 7.000000 0.033000
814.000000 -0.017873 -0.013716 0.100014 0.074924 7.000000 0.033000
815.000000 -0.017357 -0.013406 0.102197 0.070486 7.000000 0.033000
816.000000 -0.016812 -0.013023 0.103963 0.070049 7.000000 0.033000
817.000000 -0.016360 -0.012600 0.101717 0.075309 7.000000 0.033000
818.000000 -0.015831 -0.012252 0.099749 0.076290 7.000000 0.033000
819.000000 -0.015288 -0.011867 0.103197 0.074943 7.000000 0.033000
820.000000 -0.014746 -0.011482 0.105599 0.076085 7.000000 0.033000
821.000000 -0.014205 -0.011096 0.106729 0.076731 7.000000 0.033000
822.000000 -0.013733 -0.010743 0.103866 0.075407 7.000000 0.033000
823.000000 -0.013140 -0.010357 0.104938 0.074746 7.000000 0.033000
824.000000 -0.012632 -0.010042 0.107334 0.072628 7.000000 0.033000
825.000000 -0.012055 -0.009690 0.107740 0.069852 7.000000 0.033000
826.000000 -0.011572 -0.009300 0.106671 0.072083 7.000000 0.033000
827.000000 -0.011037 -0.008910 0.104117 0.075111 7.000000 0.033000
828.000000 -0.010502 -0.008519 0.105349 0.076662 7.000000 0.033000
829.000000 -0.009944 -0.008202 0.107109 0.073920 7.000000 0.033000
830.000000 -0.009411 -0.007810 0.107909 0.072584 7.000000 0.033000
831.000000 -0.008893 -0.007454 0.106321 0.073780 7.000000 0.033000
832.000000 -0.008362 -0.007061 0.105416 0.074451 7.000000 0.033000
833.000000 -0.007821 -0.006777 0.106119 0.071253 7.000000 0.033000
834.000000 -0.007292 -0.006383 0.106378 0.069685 7.000000 0.033000
835.000000 -0.006778 -0.006024 0.105202 0.072537 7.000000 0.033000
836.000000 -0.006250 -0.005629 0.104505 0.074052 7.000000 0.033000
837.000000 -0.005738 -0.005269 0.104070 0.074879 7.000000 0.033000
838.000000 -0.005187 -0.004946 0.105015 0.071767 7.000000 0.033000
839.000000 -0.004676 -0.004585 0.105415 0.070236 7.000000 0.033000
840.000000 -0.004205 -0.004186 0.101673 0.073121 7.000000 0.033000
841.000000 -0.003656 -0.003861 0.101622 0.072847 7.000000 0.033000
842.000000 -0.003122 -0.003572 0.104725 0.067362 7.000000 0.033000
843.000000 -0.002615 -0.003209 0.104288 0.066427 7.000000 0.033000
844.000000 -0.002161 -0.002845 0.100124 0.069599 7.000000 0.033000
845.000000 -0.001694 -0.002444 0.095977 0.073067 7.000000 0.033000
846.000000 -0.001203 -0.002116 0.095732 0.073083 7.000000 0.033000
847.000000 -0.000698 -0.001751 0.097460 0.071347 7.000000 0.033000
848.000000 -0.000222 -0.001458 0.097631 0.068712 7.000000 0.033000
849.000000 0.000242 -0.001055 0.095686 0.069216 7.000000 0.033000
850.000000 0.000717 -0.000762 0.094642 0.069517 7.000000 0.033000
851.000000 0.001192 -0.000468 0.094697 0.064326 7.000000 0.033000
852.000000 0.001640 -0.000100 0.093350 0.065317 7.000000 0.033000
853.000000 0.002087 0.000268 0.091284 0.069458 7.000000 0.033000
854.000000 0.002520 0.000600 0.089528 0.069807 7.000000 0.033000
855.000000 0.002952 0.000932 0.087932 0.068223 7.000000 0.033000
856.000000 0.003384 0.001265 0.087055 0.067456 7.000000 0.033000
857.000000 0.003803 0.001561 0.085925 0.065297 7.000000 0.033000
858.000000 0.004233 0.001895 0.085282 0.064238 7.000000 0.033000
859.000000 0.004650 0.002192 0.084903 0.063734 7.000000 0.033000
860.000000 0.005027 0.002526 0.082074 0.063486 7.000000 0.033000
861.000000 0.005403 0.002860 0.078622 0.065175 7.000000 0.033000
862.000000 0.005779 0.003195 0.076803 0.066067 7.000000 0.033000
863.000000 0.006181 0.003456 0.077172 0.062964 7.000000 0.033000
864.000000 0.006556 0.003791 0.077298 0.061415 7.000000 0.033000
865.000000 0.006877 0.004126 0.073399 0.064208 7.000000 0.033000
866.000000 0.007238 0.004425 0.070753 0.063849 7.000000 0.033000
867.000000 0.007598 0.004724 0.071314 0.061917 7.000000 0.033000
868.000000 0.007958 0.005024 0.071550 0.060961 7.000000 0.033000
869.000000 0.008253 0.005286 0.068474 0.058641 7.000000 0.033000
870.000000 0.008532 0.005658 0.062926 0.061030 7.000000 0.033000
871.000000 0.008826 0.005920 0.060070 0.062266 7.000000 0.033000
872.000000 0.009144 0.006257 0.060518 0.061148 7.000000 0.033000
873.000000 0.009397 0.006556 0.058750 0.062365 7.000000 0.033000
874.000000 0.009690 0.006819 0.056627 0.059373 7.000000 0.033000
875.000000 0.009954 0.007155 0.056089 0.059684 7.000000 0.033000
876.000000 0.010206 0.007455 0.053814 0.061630 7.000000 0.033000
877.000000 0.010486 0.007681 0.053419 0.057230 7.000000 0.033000
878.000000 0.010737 0.007981 0.053177 0.055005 7.000000 0.033000
879.000000 0.010936 0.008280 0.049092 0.057420 7.000000 0.033000
880.000000 0.011175 0.008543 0.046399 0.056845 7.000000 0.033000
881.000000 0.011373 0.008842 0.044993 0.056564 7.000000 0.033000
882.000000 0.011559 0.009105 0.041708 0.056376 7.000000 0.033000
883.000000 0.011756 0.009404 0.040000 0.056293 7.000000 0.033000
884.000000 0.011954 0.009704 0.039671 0.058085 7.000000 0.033000
885.000000 0.012139 0.009966 0.038905 0.057185 7.000000 0.033000
886.000000 0.012312 0.010192 0.037354 0.053088 7.000000 0.033000
887.000000 0.012485 0.010417 0.035975 0.049184 7.000000 0.033000
888.000000 0.012589 0.010752 0.031873 0.052558 7.000000 0.033000
889.000000 0.012722 0.011014 0.027795 0.056049 7.000000 0.033000
890.000000 0.012854 0.011276 0.027098 0.054245 7.000000 0.033000
891.000000 0.012975 0.011500 0.026165 0.051505 7.000000 0.033000
892.000000 0.013066 0.011798 0.023697 0.051880 7.000000 0.033000
893.000000 0.013198 0.012060 0.022980 0.053905 7.000000 0.033000
894.000000 0.013318 0.012285 0.024008 0.051350 7.000000 0.033000
895.000000 0.013386 0.012509 0.021434 0.048162 7.000000 0.033000
896.000000 0.013466 0.012769 0.018136 0.048307 7.000000 0.033000
897.000000 0.013534 0.012993 0.016446 0.048384 7.000000 0.033000
898.000000 0.013613 0.013254 0.015566 0.048429 7.000000 0.033000
899.000000 0.013670 0.013441 0.014558 0.046625 7.000000 0.033000
900.000000 0.013737 0.013664 0.013478 0.043881 7.000000 0.033000
901.000000 0.013805 0.013888 0.013468 0.044316 7.000000 0.033000
902.000000 0.013872 0.014112 0.013451 0.044541 7.000000 0.033000
903.000000 0.013928 0.014299 0.012884 0.042828 7.000000 0.033000
904.000000 0.013893 0.014520 0.007555 0.041826 7.000000 0.033000
905.000000 0.013908 0.014742 0.002862 0.043084 7.000000 0.033000
906.000000 0.013913 0.014928 0.002437 0.041962 7.000000 0.033000
907.000000 0.013877 0.015149 -0.000300 0.041328 7.000000 0.033000
908.000000 0.013841 0.015370 -0.003666 0.042774 7.000000 0.033000
909.000000 0.013806 0.015592 -0.005385 0.043514 7.000000 0.033000
910.000000 0.013770 0.015813 -0.006265 0.043894 7.000000 0.033000
911.000000 0.013734 0.016035 -0.006717 0.044091 7.000000 0.033000
912.000000 0.013607 0.016291 -0.011422 0.045901 7.000000 0.033000
913.000000 0.013549 0.016438 -0.014904 0.043160 7.000000 0.033000
914.000000 0.013462 0.016658 -0.014712 0.040000 7.000000 0.033000
915.000000 0.013403 0.016805 -0.014613 0.038391 7.000000 0.033000
916.000000 0.013356 0.016989 -0.012600 0.035805 7.000000 0.033000
917.000000 0.013258 0.017172 -0.013537 0.036260 7.000000 0.033000
918.000000 0.013160 0.017355 -0.016518 0.036434 7.000000 0.033000
919.000000 0.013062 0.017538 -0.018034 0.036526 7.000000 0.033000
920.000000 0.012964 0.017722 -0.018805 0.036578 7.000000 0.033000
921.000000 0.012826 0.017941 -0.021156 0.038383 7.000000 0.033000
922.000000 0.012706 0.018049 -0.023428 0.035639 7.000000 0.033000
923.000000 0.012557 0.018231 -0.025120 0.032415 7.000000 0.033000
924.000000 0.012488 0.018341 -0.023482 0.030831 7.000000 0.033000
925.000000 0.012339 0.018523 -0.022642 0.030031 7.000000 0.033000
926.000000 0.012179 0.018668 -0.026667 0.031346 7.000000 0.033000
927.000000 0.012059 0.018777 -0.027294 0.028410 7.000000 0.033000
928.000000 0.011911 0.018959 -0.027069 0.028755 7.000000 0.033000
929.000000 0.011740 0.019067 -0.029446 0.028880 7.000000 0.033000
930.000000 0.011580 0.019212 -0.031190 0.027117 7.000000 0.033000
931.000000 0.011421 0.019357 -0.031534 0.028058 7.000000 0.033000
932.000000 0.011221 0.019538 -0.033656 0.030327 7.000000 0.033000
933.000000 0.011102 0.019647 -0.032780 0.029704 7.000000 0.033000
934.000000 0.010942 0.019793 -0.030374 0.027613 7.000000 0.033000
935.000000 0.010783 0.019938 -0.031096 0.028335 7.000000 0.033000
936.000000 0.010624 0.020083 -0.031459 0.028708 7.000000 0.033000
937.000000 0.010465 0.020229 -0.031638 0.028905 7.000000 0.033000
938.000000 0.010244 0.020336 -0.034750 0.027133 7.000000 0.033000
939.000000 0.010034 0.020481 -0.038818 0.026192 7.000000 0.033000
940.000000 0.009864 0.020589 -0.038397 0.025766 7.000000 0.033000
941.000000 0.009683 0.020660 -0.036768 0.021935 7.000000 0.033000
942.000000 0.009502 0.020731 -0.036474 0.018157 7.000000 0.033000
943.000000 0.009321 0.020802 -0.036321 0.016238 7.000000 0.033000
944.000000 0.009140 0.020873 -0.036239 0.015266 7.000000 0.033000
945.000000 0.008919 0.020981 -0.038137 0.016571 7.000000 0.033000
946.000000 0.008688 0.021052 -0.041585 0.017205 7.000000 0.033000
947.000000 0.008507 0.021123 -0.041393 0.015742 7.000000 0.033000
948.000000 0.008236 0.021230 -0.043230 0.016805 7.000000 0.033000
949.000000 0.008067 0.021339 -0.043618 0.019183 7.000000 0.033000
950.000000 0.007835 0.021410 -0.041867 0.018611 7.000000 0.033000
951.000000 0.007683 0.021408 -0.040123 0.012863 7.000000 0.033000
952.000000 0.007452 0.021479 -0.039228 0.009946 7.000000 0.033000
953.000000 0.007272 0.021551 -0.040164 0.012092 7.000000 0.033000
954.000000 0.007041 0.021622 -0.040636 0.013197 7.000000 0.033000
955.000000 0.006798 0.021656 -0.043902 0.011907 7.000000 0.033000
956.000000 0.006607 0.021691 -0.043627 0.009457 7.000000 0.033000
957.000000 0.006376 0.021763 -0.042934 0.010051 7.000000 0.033000
958.000000 0.006156 0.021872 -0.043962 0.013994 7.000000 0.033000
