# imt log
s logheadsize 000234
s logcolumns 7
s logname /home/testac/lgames/fitts/20180723_Mon/run1.130004.dat
s logversion 2.0
s logdate "Mon Jul 23 13:00:04 EDT 2018"
s logidate 1532365204

# begin user data

# end user data

#####
365.000000 -0.002383 -0.206949 -0.000000 0.000000 0.000000 0.000000
366.000000 -0.002383 -0.206949 -0.000000 0.000000 0.000000 0.000000
367.000000 -0.002383 -0.206949 -0.000000 0.000000 0.000000 0.000000
368.000000 -0.002383 -0.206949 -0.000000 0.000000 7.000000 0.046000
369.000000 -0.002383 -0.206949 -0.000000 0.000000 7.000000 0.046000
370.000000 -0.002383 -0.206949 -0.000000 0.000000 7.000000 0.046000
371.000000 -0.002383 -0.206949 -0.000000 0.000000 7.000000 0.046000
372.000000 -0.002383 -0.206949 -0.000000 0.000000 7.000000 0.046000
373.000000 -0.002383 -0.206949 -0.000000 0.000000 7.000000 0.046000
374.000000 -0.002383 -0.206949 -0.000000 0.000000 7.000000 0.046000
375.000000 -0.002383 -0.206949 -0.000000 0.000000 7.000000 0.046000
376.000000 -0.002383 -0.206949 -0.000000 0.000000 7.000000 0.046000
377.000000 -0.002383 -0.206949 -0.000000 0.000000 7.000000 0.046000
378.000000 -0.002383 -0.206949 -0.000000 0.000000 7.000000 0.046000
379.000000 -0.002383 -0.206949 -0.000000 0.000000 7.000000 0.046000
380.000000 -0.002383 -0.206949 -0.000000 0.000000 7.000000 0.046000
381.000000 -0.002383 -0.206949 -0.000000 0.000000 7.000000 0.046000
382.000000 -0.002383 -0.206949 -0.000000 0.000000 7.000000 0.046000
383.000000 -0.002383 -0.206949 -0.000000 0.000000 7.000000 0.046000
384.000000 -0.002383 -0.206949 -0.000000 0.000000 7.000000 0.046000
385.000000 -0.002383 -0.206949 -0.000000 0.000000 7.000000 0.046000
386.000000 -0.002383 -0.206949 -0.000000 0.000000 7.000000 0.046000
387.000000 -0.002383 -0.206949 -0.000000 0.000000 7.000000 0.046000
388.000000 -0.002383 -0.206949 -0.000000 0.000000 7.000000 0.046000
389.000000 -0.002383 -0.206949 -0.000000 0.000000 7.000000 0.046000
390.000000 -0.002383 -0.206949 -0.000000 0.000000 7.000000 0.046000
391.000000 -0.002383 -0.206949 -0.000000 0.000000 7.000000 0.046000
392.000000 -0.002383 -0.206949 -0.000000 0.000000 7.000000 0.046000
393.000000 -0.002383 -0.206949 -0.000000 0.000000 7.000000 0.046000
394.000000 -0.002383 -0.206949 -0.000000 0.000000 7.000000 0.046000
395.000000 -0.002383 -0.206949 -0.000000 0.000000 7.000000 0.046000
396.000000 -0.002383 -0.206949 -0.000000 0.000000 7.000000 0.046000
397.000000 -0.002383 -0.206949 -0.000000 0.000000 7.000000 0.046000
398.000000 -0.002383 -0.206949 -0.000000 0.000000 7.000000 0.046000
399.000000 -0.002383 -0.206949 -0.000000 0.000000 7.000000 0.046000
400.000000 -0.002383 -0.206949 -0.000000 0.000000 7.000000 0.046000
401.000000 -0.002383 -0.206949 -0.000000 0.000000 7.000000 0.046000
402.000000 -0.002383 -0.206949 -0.000000 0.000000 7.000000 0.046000
403.000000 -0.002383 -0.206949 -0.000000 0.000000 7.000000 0.046000
404.000000 -0.002383 -0.206949 -0.000000 0.000000 7.000000 0.046000
405.000000 -0.002383 -0.206949 -0.000000 0.000000 7.000000 0.046000
406.000000 -0.002383 -0.206949 -0.000000 0.000000 7.000000 0.046000
407.000000 -0.002383 -0.206949 -0.000000 0.000000 7.000000 0.046000
408.000000 -0.002383 -0.206949 -0.000000 0.000000 7.000000 0.046000
409.000000 -0.002383 -0.206949 -0.000000 0.000000 7.000000 0.046000
410.000000 -0.002383 -0.206949 -0.000000 0.000000 7.000000 0.046000
411.000000 -0.002383 -0.206949 -0.000000 0.000000 7.000000 0.046000
412.000000 -0.002383 -0.206949 -0.000000 0.000000 7.000000 0.046000
413.000000 -0.002383 -0.206949 -0.000000 0.000000 7.000000 0.046000
414.000000 -0.002383 -0.206949 -0.000000 0.000000 7.000000 0.046000
415.000000 -0.002383 -0.206949 -0.000000 0.000000 7.000000 0.046000
416.000000 -0.002383 -0.206949 -0.000000 0.000000 7.000000 0.046000
417.000000 -0.002383 -0.206949 -0.000000 0.000000 7.000000 0.046000
418.000000 -0.002383 -0.206949 -0.000000 0.000000 7.000000 0.046000
419.000000 -0.002383 -0.206949 -0.000000 0.000000 7.000000 0.046000
420.000000 -0.002383 -0.206949 -0.000000 0.000000 7.000000 0.046000
421.000000 -0.002383 -0.206949 -0.000000 0.000000 7.000000 0.046000
422.000000 -0.002383 -0.206949 -0.000000 0.000000 7.000000 0.046000
423.000000 -0.002383 -0.206949 -0.000000 0.000000 7.000000 0.046000
424.000000 -0.002383 -0.206949 -0.000000 0.000000 7.000000 0.046000
425.000000 -0.002383 -0.206949 -0.000000 0.000000 7.000000 0.046000
426.000000 -0.002383 -0.206949 -0.000000 0.000000 7.000000 0.046000
427.000000 -0.002383 -0.206949 -0.000000 0.000000 7.000000 0.046000
428.000000 -0.002383 -0.206949 -0.000000 0.000000 7.000000 0.046000
429.000000 -0.002383 -0.206949 -0.000000 0.000000 7.000000 0.046000
430.000000 -0.002383 -0.206949 -0.000000 0.000000 7.000000 0.046000
431.000000 -0.002383 -0.206949 -0.000000 0.000000 7.000000 0.046000
432.000000 -0.002383 -0.206949 -0.000000 0.000000 7.000000 0.046000
433.000000 -0.002383 -0.206949 -0.000000 0.000000 7.000000 0.046000
434.000000 -0.002383 -0.206949 -0.000000 0.000000 7.000000 0.046000
435.000000 -0.002383 -0.206949 -0.000000 0.000000 7.000000 0.046000
436.000000 -0.002383 -0.206949 -0.000000 0.000000 7.000000 0.046000
437.000000 -0.002383 -0.206949 -0.000000 0.000000 7.000000 0.046000
438.000000 -0.002383 -0.206949 -0.000000 0.000000 7.000000 0.046000
439.000000 -0.002383 -0.206949 -0.000000 0.000000 7.000000 0.046000
440.000000 -0.002383 -0.206949 -0.000000 0.000000 7.000000 0.046000
441.000000 -0.002383 -0.206949 -0.000000 0.000000 7.000000 0.046000
442.000000 -0.002383 -0.206949 -0.000000 0.000000 7.000000 0.046000
443.000000 -0.002383 -0.206949 -0.000000 0.000000 7.000000 0.046000
444.000000 -0.002383 -0.206949 -0.000000 0.000000 7.000000 0.046000
445.000000 -0.002383 -0.206949 -0.000000 0.000000 7.000000 0.046000
446.000000 -0.002383 -0.206949 -0.000000 0.000000 7.000000 0.046000
447.000000 -0.002383 -0.206949 -0.000000 0.000000 7.000000 0.046000
448.000000 -0.002383 -0.206949 -0.000000 0.000000 7.000000 0.046000
449.000000 -0.002383 -0.206949 -0.000000 0.000000 7.000000 0.046000
450.000000 -0.002383 -0.206949 -0.000000 0.000000 7.000000 0.046000
451.000000 -0.002383 -0.206949 -0.000000 0.000000 7.000000 0.046000
452.000000 -0.002383 -0.206949 -0.000000 0.000000 7.000000 0.046000
453.000000 -0.002383 -0.206949 -0.000000 0.000000 7.000000 0.046000
454.000000 -0.002383 -0.206949 -0.000000 0.000000 7.000000 0.046000
455.000000 -0.002383 -0.206949 -0.000000 0.000000 7.000000 0.046000
456.000000 -0.002383 -0.206949 -0.000000 0.000000 7.000000 0.046000
457.000000 -0.002383 -0.206949 -0.000000 0.000000 7.000000 0.046000
458.000000 -0.002383 -0.206949 -0.000000 0.000000 7.000000 0.046000
459.000000 -0.002383 -0.206949 -0.000000 0.000000 7.000000 0.046000
460.000000 -0.002383 -0.206949 -0.000000 0.000000 7.000000 0.046000
461.000000 -0.002383 -0.206949 -0.000000 0.000000 7.000000 0.046000
462.000000 -0.002383 -0.206949 -0.000000 0.000000 7.000000 0.046000
463.000000 -0.002383 -0.206949 -0.000000 0.000000 7.000000 0.046000
464.000000 -0.002383 -0.206949 -0.000000 0.000000 7.000000 0.046000
465.000000 -0.002383 -0.206949 -0.000000 0.000000 7.000000 0.046000
466.000000 -0.002383 -0.206949 -0.000000 0.000000 7.000000 0.046000
467.000000 -0.002383 -0.206949 -0.000000 0.000000 7.000000 0.046000
468.000000 -0.002383 -0.206949 -0.000000 0.000000 7.000000 0.046000
469.000000 -0.002383 -0.206949 -0.000000 0.000000 7.000000 0.046000
470.000000 -0.002383 -0.206949 -0.000000 0.000000 7.000000 0.046000
471.000000 -0.002383 -0.206949 -0.000000 0.000000 7.000000 0.046000
472.000000 -0.002383 -0.206949 -0.000000 0.000000 7.000000 0.046000
473.000000 -0.002383 -0.206949 -0.000000 0.000000 7.000000 0.046000
474.000000 -0.002383 -0.206949 -0.000000 0.000000 7.000000 0.046000
475.000000 -0.002383 -0.206949 -0.000000 0.000000 7.000000 0.046000
476.000000 -0.002383 -0.206949 -0.000000 0.000000 7.000000 0.046000
477.000000 -0.002383 -0.206949 -0.000000 0.000000 7.000000 0.046000
478.000000 -0.002383 -0.206949 -0.000000 0.000000 7.000000 0.046000
479.000000 -0.002383 -0.206949 -0.000000 0.000000 7.000000 0.046000
480.000000 -0.002383 -0.206949 -0.000000 0.000000 7.000000 0.046000
481.000000 -0.002383 -0.206949 -0.000000 0.000000 7.000000 0.046000
482.000000 -0.002383 -0.206949 -0.000000 0.000000 7.000000 0.046000
483.000000 -0.002383 -0.206949 -0.000000 0.000000 7.000000 0.046000
484.000000 -0.002383 -0.206949 -0.000000 0.000000 7.000000 0.046000
485.000000 -0.002383 -0.206949 -0.000000 0.000000 7.000000 0.046000
486.000000 -0.002383 -0.206949 -0.000000 0.000000 7.000000 0.046000
487.000000 -0.002383 -0.206949 -0.000000 0.000000 7.000000 0.046000
488.000000 -0.002383 -0.206949 -0.000000 0.000000 7.000000 0.046000
489.000000 -0.002383 -0.206949 -0.000000 0.000000 7.000000 0.046000
490.000000 -0.002383 -0.206949 -0.000000 0.000000 7.000000 0.046000
491.000000 -0.002383 -0.206949 -0.000000 0.000000 7.000000 0.046000
492.000000 -0.002383 -0.206949 -0.000000 0.000000 7.000000 0.046000
493.000000 -0.002383 -0.206949 -0.000000 0.000000 7.000000 0.046000
494.000000 -0.002383 -0.206949 -0.000000 0.000000 7.000000 0.046000
495.000000 -0.002383 -0.206949 -0.000000 0.000000 7.000000 0.046000
496.000000 -0.002383 -0.206949 -0.000000 0.000000 7.000000 0.046000
497.000000 -0.002383 -0.206949 -0.000000 0.000000 7.000000 0.046000
498.000000 -0.002383 -0.206949 -0.000000 0.000000 7.000000 0.046000
499.000000 -0.002383 -0.206949 -0.000000 0.000000 7.000000 0.046000
500.000000 -0.002383 -0.206949 -0.000000 0.000000 7.000000 0.046000
501.000000 -0.002383 -0.206949 -0.000000 0.000000 7.000000 0.046000
502.000000 -0.002383 -0.206949 -0.000000 0.000000 7.000000 0.046000
503.000000 -0.002383 -0.206949 -0.000000 0.000000 7.000000 0.046000
504.000000 -0.002383 -0.206949 -0.000000 0.000000 7.000000 0.046000
505.000000 -0.002383 -0.206949 -0.000000 0.000000 7.000000 0.046000
506.000000 -0.002383 -0.206949 -0.000000 0.000000 7.000000 0.046000
507.000000 -0.002383 -0.206949 -0.000000 0.000000 7.000000 0.046000
508.000000 -0.002383 -0.206949 -0.000000 0.000000 7.000000 0.046000
509.000000 -0.002383 -0.206949 -0.000000 0.000000 7.000000 0.046000
510.000000 -0.002383 -0.206949 -0.000000 0.000000 7.000000 0.046000
511.000000 -0.002383 -0.206949 -0.000000 0.000000 7.000000 0.046000
512.000000 -0.002383 -0.206949 -0.000000 0.000000 7.000000 0.046000
513.000000 -0.002383 -0.206949 -0.000000 0.000000 7.000000 0.046000
514.000000 -0.002383 -0.206949 -0.000000 0.000000 7.000000 0.046000
515.000000 -0.002383 -0.206949 -0.000000 0.000000 7.000000 0.046000
516.000000 -0.002383 -0.206949 -0.000000 0.000000 7.000000 0.046000
517.000000 -0.002383 -0.206949 -0.000000 0.000000 7.000000 0.046000
518.000000 -0.002383 -0.206949 -0.000000 0.000000 7.000000 0.046000
519.000000 -0.002383 -0.206949 -0.000000 0.000000 7.000000 0.046000
520.000000 -0.002383 -0.206949 -0.000000 0.000000 7.000000 0.046000
521.000000 -0.002383 -0.206949 -0.000000 0.000000 7.000000 0.046000
522.000000 -0.002383 -0.206949 -0.000000 0.000000 7.000000 0.046000
523.000000 -0.002383 -0.206949 -0.000000 0.000000 7.000000 0.046000
524.000000 -0.002383 -0.206949 -0.000000 0.000000 7.000000 0.046000
525.000000 -0.002383 -0.206949 -0.000000 0.000000 7.000000 0.046000
526.000000 -0.002383 -0.206949 -0.000000 0.000000 7.000000 0.046000
527.000000 -0.002383 -0.206949 -0.000000 0.000000 7.000000 0.046000
528.000000 -0.002383 -0.206949 -0.000000 0.000000 7.000000 0.046000
529.000000 -0.002383 -0.206949 -0.000000 0.000000 7.000000 0.046000
530.000000 -0.002383 -0.206949 -0.000000 0.000000 7.000000 0.046000
531.000000 -0.002383 -0.206949 -0.000000 0.000000 7.000000 0.046000
532.000000 -0.002383 -0.206949 -0.000000 0.000000 7.000000 0.046000
533.000000 -0.002383 -0.206949 -0.000000 0.000000 7.000000 0.046000
534.000000 -0.002383 -0.206949 -0.000000 0.000000 7.000000 0.046000
535.000000 -0.002383 -0.206949 -0.000000 0.000000 7.000000 0.046000
536.000000 -0.002383 -0.206949 -0.000000 0.000000 7.000000 0.046000
537.000000 -0.002383 -0.206949 -0.000000 0.000000 7.000000 0.046000
538.000000 -0.002383 -0.206949 -0.000000 0.000000 7.000000 0.046000
539.000000 -0.002383 -0.206949 -0.000000 0.000000 7.000000 0.046000
540.000000 -0.002383 -0.206949 -0.000000 0.000000 7.000000 0.046000
541.000000 -0.002383 -0.206949 -0.000000 0.000000 7.000000 0.046000
542.000000 -0.002383 -0.206949 -0.000000 0.000000 7.000000 0.046000
543.000000 -0.002383 -0.206949 -0.000000 0.000000 7.000000 0.046000
544.000000 -0.002383 -0.206949 -0.000000 0.000000 7.000000 0.046000
545.000000 -0.002383 -0.206949 -0.000000 0.000000 7.000000 0.046000
546.000000 -0.002383 -0.206949 -0.000000 0.000000 7.000000 0.046000
547.000000 -0.002383 -0.206949 -0.000000 0.000000 7.000000 0.046000
548.000000 -0.002383 -0.206949 -0.000000 0.000000 7.000000 0.046000
549.000000 -0.002383 -0.206949 -0.000000 0.000000 7.000000 0.046000
550.000000 -0.002383 -0.206949 -0.000000 0.000000 7.000000 0.046000
551.000000 -0.002383 -0.206949 -0.000000 0.000000 7.000000 0.046000
552.000000 -0.002383 -0.206949 -0.000000 0.000000 7.000000 0.046000
553.000000 -0.002383 -0.206949 -0.000000 0.000000 7.000000 0.046000
554.000000 -0.002383 -0.206949 -0.000000 0.000000 7.000000 0.046000
555.000000 -0.002383 -0.206949 -0.000000 0.000000 7.000000 0.046000
556.000000 -0.002383 -0.206949 -0.000000 0.000000 7.000000 0.046000
557.000000 -0.002383 -0.206949 -0.000000 0.000000 7.000000 0.046000
558.000000 -0.002383 -0.206949 -0.000000 0.000000 7.000000 0.046000
559.000000 -0.002383 -0.206949 -0.000000 0.000000 7.000000 0.046000
560.000000 -0.002383 -0.206949 -0.000000 0.000000 7.000000 0.046000
561.000000 -0.002383 -0.206949 -0.000000 0.000000 7.000000 0.046000
562.000000 -0.002383 -0.206949 -0.000000 0.000000 7.000000 0.046000
563.000000 -0.002383 -0.206949 -0.000000 0.000000 7.000000 0.046000
564.000000 -0.002383 -0.206949 -0.000000 0.000000 7.000000 0.046000
565.000000 -0.002383 -0.206949 -0.000000 0.000000 7.000000 0.046000
566.000000 -0.002383 -0.206949 -0.000000 0.000000 7.000000 0.046000
567.000000 -0.002383 -0.206949 -0.000000 0.000000 7.000000 0.046000
568.000000 -0.002383 -0.206949 -0.000000 0.000000 7.000000 0.046000
569.000000 -0.002383 -0.206949 -0.000000 0.000000 7.000000 0.046000
570.000000 -0.002383 -0.206949 -0.000000 0.000000 7.000000 0.046000
571.000000 -0.002383 -0.206949 -0.000000 0.000000 7.000000 0.046000
572.000000 -0.002383 -0.206949 -0.000000 0.000000 7.000000 0.046000
573.000000 -0.002383 -0.206949 -0.000000 0.000000 7.000000 0.046000
574.000000 -0.002383 -0.206949 -0.000000 0.000000 7.000000 0.046000
575.000000 -0.002383 -0.206949 -0.000000 0.000000 7.000000 0.046000
576.000000 -0.002383 -0.206949 -0.000000 0.000000 7.000000 0.046000
577.000000 -0.002383 -0.206949 -0.000000 0.000000 7.000000 0.046000
578.000000 -0.002383 -0.206949 -0.000000 0.000000 7.000000 0.046000
579.000000 -0.002383 -0.206949 -0.000000 0.000000 7.000000 0.046000
580.000000 -0.002383 -0.206949 -0.000000 0.000000 7.000000 0.046000
581.000000 -0.002383 -0.206949 -0.000000 0.000000 7.000000 0.046000
582.000000 -0.002383 -0.206949 -0.000000 0.000000 7.000000 0.046000
583.000000 -0.002383 -0.206949 -0.000000 0.000000 7.000000 0.046000
584.000000 -0.002383 -0.206949 -0.000000 0.000000 7.000000 0.046000
585.000000 -0.002383 -0.206949 -0.000000 0.000000 7.000000 0.046000
586.000000 -0.002383 -0.206949 -0.000000 0.000000 7.000000 0.046000
587.000000 -0.002383 -0.206949 -0.000000 0.000000 7.000000 0.046000
588.000000 -0.002383 -0.206949 -0.000000 0.000000 7.000000 0.046000
589.000000 -0.002383 -0.206949 -0.000000 0.000000 7.000000 0.046000
590.000000 -0.002383 -0.206949 -0.000000 0.000000 7.000000 0.046000
591.000000 -0.002383 -0.206949 -0.000000 0.000000 7.000000 0.046000
592.000000 -0.002383 -0.206949 -0.000000 0.000000 7.000000 0.046000
593.000000 -0.002383 -0.206949 -0.000000 0.000000 7.000000 0.046000
594.000000 -0.002383 -0.206949 -0.000000 0.000000 7.000000 0.046000
595.000000 -0.002383 -0.206949 -0.000000 0.000000 7.000000 0.046000
596.000000 -0.002383 -0.206949 -0.000000 0.000000 7.000000 0.046000
597.000000 -0.002383 -0.206949 -0.000000 0.000000 7.000000 0.046000
598.000000 -0.002383 -0.206949 -0.000000 0.000000 7.000000 0.046000
599.000000 -0.002383 -0.206949 -0.000000 0.000000 7.000000 0.046000
600.000000 -0.002383 -0.206949 -0.000000 0.000000 7.000000 0.046000
601.000000 -0.002383 -0.206949 -0.000000 0.000000 7.000000 0.046000
602.000000 -0.002383 -0.206949 -0.000000 0.000000 7.000000 0.046000
603.000000 -0.002383 -0.206949 -0.000000 0.000000 7.000000 0.046000
604.000000 -0.002383 -0.206949 -0.000000 0.000000 7.000000 0.046000
605.000000 -0.002383 -0.206949 -0.000000 0.000000 7.000000 0.046000
606.000000 -0.002383 -0.206949 -0.000000 0.000000 7.000000 0.046000
607.000000 -0.002383 -0.206949 -0.000000 0.000000 7.000000 0.046000
608.000000 -0.002383 -0.206949 -0.000000 0.000000 7.000000 0.046000
609.000000 -0.002383 -0.206949 -0.000000 0.000000 7.000000 0.046000
610.000000 -0.002383 -0.206949 -0.000000 0.000000 7.000000 0.046000
611.000000 -0.002383 -0.206949 -0.000000 0.000000 7.000000 0.046000
612.000000 -0.002383 -0.206949 -0.000000 0.000000 7.000000 0.046000
613.000000 -0.002383 -0.206949 -0.000000 0.000000 7.000000 0.046000
614.000000 -0.002383 -0.206949 -0.000000 0.000000 7.000000 0.046000
615.000000 -0.002383 -0.206949 -0.000000 0.000000 7.000000 0.046000
616.000000 -0.002429 -0.206920 -0.002244 0.001398 7.000000 0.046000
617.000000 -0.002658 -0.206778 -0.014606 0.009109 7.000000 0.046000
618.000000 -0.003024 -0.206549 -0.036593 0.022861 7.000000 0.046000
619.000000 -0.003355 -0.206207 -0.052797 0.039677 7.000000 0.046000
620.000000 -0.003686 -0.205865 -0.059328 0.053856 7.000000 0.046000
621.000000 -0.004180 -0.205464 -0.070648 0.063979 7.000000 0.046000
622.000000 -0.004647 -0.205034 -0.083090 0.073431 7.000000 0.046000
623.000000 -0.005133 -0.204547 -0.088993 0.082520 7.000000 0.046000
624.000000 -0.005728 -0.203944 -0.098248 0.095707 7.000000 0.046000
625.000000 -0.006323 -0.203339 -0.108282 0.108192 7.000000 0.046000
626.000000 -0.007007 -0.202676 -0.117766 0.117553 7.000000 0.046000
627.000000 -0.007755 -0.201924 -0.130092 0.129604 7.000000 0.046000
628.000000 -0.008521 -0.201113 -0.140312 0.143029 7.000000 0.046000
629.000000 -0.009357 -0.200299 -0.149830 0.152968 7.000000 0.046000
630.000000 -0.010355 -0.199423 -0.165992 0.161288 7.000000 0.046000
631.000000 -0.011342 -0.198458 -0.181597 0.173012 7.000000 0.046000
632.000000 -0.012302 -0.197461 -0.187657 0.184941 7.000000 0.046000
633.000000 -0.013394 -0.196372 -0.195832 0.197175 7.000000 0.046000
634.000000 -0.014600 -0.195248 -0.212052 0.209754 7.000000 0.046000
635.000000 -0.015867 -0.194031 -0.228805 0.222539 7.000000 0.046000
636.000000 -0.017131 -0.192809 -0.240119 0.233899 7.000000 0.046000
637.000000 -0.018481 -0.191522 -0.249912 0.243210 7.000000 0.046000
638.000000 -0.019917 -0.190169 -0.263249 0.254524 7.000000 0.046000
639.000000 -0.021402 -0.188866 -0.276599 0.261078 7.000000 0.046000
640.000000 -0.022918 -0.187439 -0.287304 0.268109 7.000000 0.046000
641.000000 -0.024457 -0.186034 -0.295356 0.276776 7.000000 0.046000
642.000000 -0.026150 -0.184557 -0.308006 0.283720 7.000000 0.046000
643.000000 -0.027793 -0.183105 -0.319565 0.289624 7.000000 0.046000
644.000000 -0.029502 -0.181642 -0.326210 0.291985 7.000000 0.046000
645.000000 -0.031293 -0.180108 -0.336735 0.297243 7.000000 0.046000
646.000000 -0.033078 -0.178567 -0.345788 0.303845 7.000000 0.046000
647.000000 -0.034883 -0.177046 -0.351096 0.306611 7.000000 0.046000
648.000000 -0.036891 -0.175506 -0.364646 0.308034 7.000000 0.046000
649.000000 -0.038780 -0.173993 -0.375634 0.308345 7.000000 0.046000
650.000000 -0.040732 -0.172468 -0.378449 0.307789 7.000000 0.046000
651.000000 -0.042720 -0.170901 -0.384693 0.310196 7.000000 0.046000
652.000000 -0.044771 -0.169322 -0.392629 0.314176 7.000000 0.046000
653.000000 -0.046771 -0.167765 -0.397267 0.315681 7.000000 0.046000
654.000000 -0.048807 -0.166167 -0.398891 0.317381 7.000000 0.046000
655.000000 -0.050877 -0.164525 -0.403098 0.322487 7.000000 0.046000
656.000000 -0.053019 -0.162960 -0.410410 0.323471 7.000000 0.046000
657.000000 -0.055111 -0.161420 -0.415214 0.318999 7.000000 0.046000
658.000000 -0.057305 -0.159830 -0.420188 0.317984 7.000000 0.046000
659.000000 -0.059503 -0.158322 -0.427881 0.315862 7.000000 0.046000
660.000000 -0.061707 -0.156741 -0.432272 0.314370 7.000000 0.046000
661.000000 -0.063930 -0.155179 -0.435727 0.316287 7.000000 0.046000
662.000000 -0.066197 -0.153664 -0.440559 0.314035 7.000000 0.046000
663.000000 -0.068497 -0.152104 -0.446770 0.312824 7.000000 0.046000
664.000000 -0.070748 -0.150569 -0.449123 0.313176 7.000000 0.046000
665.000000 -0.073057 -0.149017 -0.450759 0.312977 7.000000 0.046000
666.000000 -0.075291 -0.147462 -0.450775 0.313830 7.000000 0.046000
667.000000 -0.077677 -0.145911 -0.454462 0.314292 7.000000 0.046000
668.000000 -0.079987 -0.144356 -0.460059 0.314490 7.000000 0.046000
669.000000 -0.082381 -0.142812 -0.463314 0.314262 7.000000 0.046000
670.000000 -0.084766 -0.141258 -0.468639 0.314185 7.000000 0.046000
671.000000 -0.087142 -0.139693 -0.470450 0.315192 7.000000 0.046000
672.000000 -0.089575 -0.138108 -0.473671 0.317208 7.000000 0.046000
673.000000 -0.091960 -0.136550 -0.475725 0.317876 7.000000 0.046000
674.000000 -0.094427 -0.135000 -0.478456 0.316536 7.000000 0.046000
675.000000 -0.096832 -0.133383 -0.480803 0.318748 7.000000 0.046000
676.000000 -0.099281 -0.131811 -0.481058 0.320957 7.000000 0.046000
677.000000 -0.101708 -0.130295 -0.482361 0.317110 7.000000 0.046000
678.000000 -0.104165 -0.128730 -0.483399 0.314848 7.000000 0.046000
679.000000 -0.106601 -0.127220 -0.484365 0.313343 7.000000 0.046000
680.000000 -0.109066 -0.125661 -0.485231 0.312278 7.000000 0.046000
681.000000 -0.111586 -0.124081 -0.489716 0.315259 7.000000 0.046000
682.000000 -0.113983 -0.122606 -0.488804 0.312583 7.000000 0.046000
683.000000 -0.116474 -0.121071 -0.486887 0.309032 7.000000 0.046000
684.000000 -0.118881 -0.119603 -0.486406 0.306822 7.000000 0.046000
685.000000 -0.121316 -0.118085 -0.483433 0.304805 7.000000 0.046000
686.000000 -0.123796 -0.116613 -0.485515 0.304024 7.000000 0.046000
687.000000 -0.126258 -0.115198 -0.487970 0.298608 7.000000 0.046000
688.000000 -0.128648 -0.113784 -0.484844 0.292896 7.000000 0.046000
689.000000 -0.131085 -0.112416 -0.482034 0.287647 7.000000 0.046000
690.000000 -0.133485 -0.111010 -0.481138 0.284576 7.000000 0.046000
691.000000 -0.135870 -0.109663 -0.478168 0.281964 7.000000 0.046000
692.000000 -0.138211 -0.108346 -0.473790 0.276204 7.000000 0.046000
693.000000 -0.140607 -0.107007 -0.472151 0.272871 7.000000 0.046000
694.000000 -0.142989 -0.105726 -0.473331 0.269403 7.000000 0.046000
695.000000 -0.145265 -0.104491 -0.468129 0.262430 7.000000 0.046000
696.000000 -0.147562 -0.103275 -0.461417 0.255687 7.000000 0.046000
697.000000 -0.149881 -0.102077 -0.460105 0.250442 7.000000 0.046000
698.000000 -0.152131 -0.100884 -0.457130 0.246539 7.000000 0.046000
699.000000 -0.154402 -0.099711 -0.453319 0.243337 7.000000 0.046000
700.000000 -0.156633 -0.098570 -0.450511 0.239118 7.000000 0.046000
701.000000 -0.158824 -0.097464 -0.445208 0.233614 7.000000 0.046000
702.000000 -0.160976 -0.096392 -0.438685 0.227407 7.000000 0.046000
703.000000 -0.163184 -0.095297 -0.436207 0.223708 7.000000 0.046000
704.000000 -0.165349 -0.094305 -0.435648 0.217855 7.000000 0.046000
705.000000 -0.167447 -0.093322 -0.430026 0.209310 7.000000 0.046000
706.000000 -0.169545 -0.092263 -0.423858 0.208250 7.000000 0.046000
707.000000 -0.171629 -0.091334 -0.420116 0.204985 7.000000 0.046000
708.000000 -0.173681 -0.090373 -0.415971 0.198483 7.000000 0.046000
709.000000 -0.175724 -0.089474 -0.411893 0.193707 7.000000 0.046000
710.000000 -0.177699 -0.088655 -0.406146 0.184242 7.000000 0.046000
711.000000 -0.179674 -0.087760 -0.399842 0.179188 7.000000 0.046000
712.000000 -0.181641 -0.086929 -0.396316 0.177205 7.000000 0.046000
713.000000 -0.183513 -0.086152 -0.389531 0.170335 7.000000 0.046000
714.000000 -0.185410 -0.085396 -0.382681 0.163122 7.000000 0.046000
715.000000 -0.187215 -0.084626 -0.375932 0.159060 7.000000 0.046000
716.000000 -0.189075 -0.083902 -0.370700 0.155383 7.000000 0.046000
717.000000 -0.190841 -0.083235 -0.366185 0.148417 7.000000 0.046000
718.000000 -0.192633 -0.082588 -0.360617 0.141060 7.000000 0.046000
719.000000 -0.194364 -0.081955 -0.356067 0.135602 7.000000 0.046000
720.000000 -0.196062 -0.081292 -0.349122 0.133594 7.000000 0.046000
721.000000 -0.197697 -0.080713 -0.340952 0.129880 7.000000 0.046000
722.000000 -0.199329 -0.080199 -0.333593 0.120640 7.000000 0.046000
723.000000 -0.200930 -0.079656 -0.328202 0.114145 7.000000 0.046000
724.000000 -0.202469 -0.079128 -0.320912 0.111477 7.000000 0.046000
725.000000 -0.204037 -0.078552 -0.315574 0.111726 7.000000 0.046000
726.000000 -0.205513 -0.078106 -0.309801 0.107802 7.000000 0.046000
727.000000 -0.206957 -0.077701 -0.300857 0.097365 7.000000 0.046000
728.000000 -0.208401 -0.077223 -0.294723 0.093581 7.000000 0.046000
729.000000 -0.209753 -0.076807 -0.287107 0.092156 7.000000 0.046000
730.000000 -0.211045 -0.076477 -0.275838 0.084095 7.000000 0.046000
731.000000 -0.212367 -0.076100 -0.268568 0.078053 7.000000 0.046000
732.000000 -0.213628 -0.075741 -0.263333 0.076415 7.000000 0.046000
733.000000 -0.214828 -0.075469 -0.254796 0.070379 7.000000 0.046000
734.000000 -0.216059 -0.075150 -0.248951 0.065328 7.000000 0.046000
735.000000 -0.217168 -0.074870 -0.241522 0.063109 7.000000 0.046000
736.000000 -0.218218 -0.074609 -0.228899 0.059077 7.000000 0.046000
737.000000 -0.219269 -0.074416 -0.219589 0.052756 7.000000 0.046000
738.000000 -0.220318 -0.074151 -0.214816 0.049701 7.000000 0.046000
739.000000 -0.221220 -0.074042 -0.205110 0.043966 7.000000 0.046000
740.000000 -0.222150 -0.073886 -0.194364 0.035694 7.000000 0.046000
741.000000 -0.223052 -0.073774 -0.188909 0.031603 7.000000 0.046000
742.000000 -0.223923 -0.073637 -0.183200 0.028586 7.000000 0.046000
743.000000 -0.224704 -0.073496 -0.174344 0.028431 7.000000 0.046000
744.000000 -0.225457 -0.073469 -0.164086 0.022926 7.000000 0.046000
745.000000 -0.226180 -0.073417 -0.156032 0.015740 7.000000 0.046000
746.000000 -0.226813 -0.073362 -0.145985 0.013406 7.000000 0.046000
747.000000 -0.227476 -0.073331 -0.137953 0.011221 7.000000 0.046000
748.000000 -0.227991 -0.073388 -0.128125 0.004606 7.000000 0.046000
749.000000 -0.228566 -0.073422 -0.118794 -0.002012 7.000000 0.046000
750.000000 -0.229022 -0.073500 -0.111131 -0.006431 7.000000 0.046000
751.000000 -0.229476 -0.073508 -0.101265 -0.007409 7.000000 0.046000
752.000000 -0.229872 -0.073607 -0.093327 -0.008961 7.000000 0.046000
753.000000 -0.230238 -0.073682 -0.084952 -0.013047 7.000000 0.046000
754.000000 -0.230544 -0.073779 -0.076242 -0.015043 7.000000 0.046000
755.000000 -0.230848 -0.073807 -0.068762 -0.013739 7.000000 0.046000
756.000000 -0.231094 -0.073926 -0.062029 -0.014150 7.000000 0.046000
757.000000 -0.231252 -0.074112 -0.051447 -0.022153 7.000000 0.046000
758.000000 -0.231407 -0.074229 -0.041599 -0.026162 7.000000 0.046000
759.000000 -0.231563 -0.074347 -0.036468 -0.024811 7.000000 0.046000
760.000000 -0.231688 -0.074440 -0.032329 -0.022970 7.000000 0.046000
761.000000 -0.231781 -0.074511 -0.027167 -0.019735 7.000000 0.046000
762.000000 -0.231874 -0.074581 -0.023011 -0.016937 7.000000 0.046000
763.000000 -0.231937 -0.074628 -0.019365 -0.014364 7.000000 0.046000
764.000000 -0.231937 -0.074628 -0.012923 -0.009613 7.000000 0.046000
765.000000 -0.231939 -0.074697 -0.006704 -0.008282 7.000000 0.046000
766.000000 -0.231939 -0.074697 -0.003534 -0.007605 7.000000 0.046000
767.000000 -0.231882 -0.074788 0.001018 -0.008349 7.000000 0.046000
768.000000 -0.231884 -0.074857 0.003220 -0.012112 7.000000 0.046000
769.000000 -0.231855 -0.074903 0.002933 -0.011792 7.000000 0.046000
770.000000 -0.231827 -0.074948 0.004315 -0.010482 7.000000 0.046000
771.000000 -0.231673 -0.074900 0.011131 -0.005224 7.000000 0.046000
772.000000 -0.231522 -0.074921 0.020595 -0.001334 7.000000 0.046000
773.000000 -0.231431 -0.074920 0.022362 -0.001645 7.000000 0.046000
774.000000 -0.231307 -0.074826 0.021963 0.003822 7.000000 0.046000
775.000000 -0.231182 -0.074733 0.023398 0.011146 7.000000 0.046000
776.000000 -0.231027 -0.074615 0.025649 0.016036 7.000000 0.046000
777.000000 -0.230842 -0.074544 0.029727 0.017450 7.000000 0.046000
778.000000 -0.230656 -0.074403 0.033321 0.019333 7.000000 0.046000
779.000000 -0.230440 -0.074307 0.036668 0.021456 7.000000 0.046000
780.000000 -0.230254 -0.074166 0.038365 0.022549 7.000000 0.046000
781.000000 -0.230010 -0.074116 0.040634 0.020881 7.000000 0.046000
782.000000 -0.229826 -0.074044 0.041674 0.016648 7.000000 0.046000
783.000000 -0.229609 -0.073879 0.040891 0.020133 7.000000 0.046000
784.000000 -0.229392 -0.073714 0.042110 0.026472 7.000000 0.046000
785.000000 -0.229148 -0.073664 0.044029 0.024084 7.000000 0.046000
786.000000 -0.228903 -0.073544 0.046408 0.020648 7.000000 0.046000
787.000000 -0.228628 -0.073469 0.049129 0.020071 7.000000 0.046000
788.000000 -0.228323 -0.073371 0.053434 0.018724 7.000000 0.046000
789.000000 -0.228049 -0.073296 0.055619 0.018053 7.000000 0.046000
790.000000 -0.227746 -0.073267 0.056622 0.014331 7.000000 0.046000
791.000000 -0.227474 -0.073261 0.057030 0.009049 7.000000 0.046000
792.000000 -0.227200 -0.073186 0.055812 0.008607 7.000000 0.046000
793.000000 -0.226957 -0.073135 0.053771 0.010626 7.000000 0.046000
794.000000 -0.226654 -0.073105 0.054140 0.009439 7.000000 0.046000
795.000000 -0.226383 -0.073098 0.055741 0.006613 7.000000 0.046000
796.000000 -0.226111 -0.073092 0.055041 0.004018 7.000000 0.046000
797.000000 -0.225837 -0.073016 0.054768 0.006112 7.000000 0.046000
798.000000 -0.225535 -0.072986 0.056132 0.008366 7.000000 0.046000
799.000000 -0.225234 -0.073024 0.058155 0.003895 7.000000 0.046000
800.000000 -0.224965 -0.073087 0.057590 -0.002946 7.000000 0.046000
801.000000 -0.224693 -0.073080 0.055877 -0.004189 7.000000 0.046000
802.000000 -0.224391 -0.073048 0.056591 -0.000228 7.000000 0.046000
803.000000 -0.224120 -0.073041 0.056951 0.001802 7.000000 0.046000
804.000000 -0.223819 -0.073079 0.057049 -0.000553 7.000000 0.046000
805.000000 -0.223550 -0.073141 0.057020 -0.005147 7.000000 0.046000
806.000000 -0.223249 -0.073178 0.057003 -0.007472 7.000000 0.046000
807.000000 -0.222949 -0.073216 0.058499 -0.007464 7.000000 0.046000
808.000000 -0.222620 -0.073299 0.060690 -0.009669 7.000000 0.046000
809.000000 -0.222350 -0.073360 0.060305 -0.011961 7.000000 0.046000
810.000000 -0.222051 -0.073467 0.058612 -0.014295 7.000000 0.046000
811.000000 -0.221810 -0.073482 0.056317 -0.013251 7.000000 0.046000
812.000000 -0.221512 -0.073588 0.055154 -0.012705 7.000000 0.046000
813.000000 -0.221242 -0.073649 0.055992 -0.014640 7.000000 0.046000
814.000000 -0.220943 -0.073755 0.056426 -0.015611 7.000000 0.046000
815.000000 -0.220642 -0.073792 0.058144 -0.014907 7.000000 0.046000
816.000000 -0.220343 -0.073897 0.059025 -0.014534 7.000000 0.046000
817.000000 -0.220046 -0.074072 0.059360 -0.021143 7.000000 0.046000
818.000000 -0.219777 -0.074202 0.058039 -0.025685 7.000000 0.046000
819.000000 -0.219479 -0.074377 0.057380 -0.027985 7.000000 0.046000
820.000000 -0.219209 -0.074437 0.057102 -0.025740 7.000000 0.046000
821.000000 -0.218909 -0.074542 0.057023 -0.021175 7.000000 0.046000
822.000000 -0.218641 -0.074671 0.056934 -0.022245 7.000000 0.046000
823.000000 -0.218372 -0.074800 0.055400 -0.023968 7.000000 0.046000
824.000000 -0.218072 -0.074904 0.056118 -0.023641 7.000000 0.046000
825.000000 -0.217743 -0.075054 0.059433 -0.024482 7.000000 0.046000
826.000000 -0.217504 -0.075207 0.058142 -0.027286 7.000000 0.046000
827.000000 -0.217235 -0.075335 0.054552 -0.027679 7.000000 0.046000
828.000000 -0.216906 -0.075485 0.057167 -0.027691 7.000000 0.046000
829.000000 -0.216666 -0.075568 0.057052 -0.025478 7.000000 0.046000
830.000000 -0.216336 -0.075717 0.057004 -0.024331 7.000000 0.046000
831.000000 -0.216037 -0.075890 0.059891 -0.028155 7.000000 0.046000
832.000000 -0.215768 -0.076017 0.058427 -0.029077 7.000000 0.046000
833.000000 -0.215498 -0.076145 0.056235 -0.027325 7.000000 0.046000
834.000000 -0.215168 -0.076293 0.058072 -0.027428 7.000000 0.046000
835.000000 -0.214899 -0.076490 0.058988 -0.030874 7.000000 0.046000
836.000000 -0.214629 -0.076618 0.056515 -0.031607 7.000000 0.046000
837.000000 -0.214328 -0.076721 0.056780 -0.027365 7.000000 0.046000
838.000000 -0.214058 -0.076848 0.056921 -0.025193 7.000000 0.046000
839.000000 -0.213788 -0.076975 0.055512 -0.025274 7.000000 0.046000
840.000000 -0.213518 -0.077102 0.054801 -0.025303 7.000000 0.046000
841.000000 -0.213218 -0.077273 0.055912 -0.027507 7.000000 0.046000
842.000000 -0.212917 -0.077375 0.057969 -0.027415 7.000000 0.046000
843.000000 -0.212617 -0.077547 0.059030 -0.027353 7.000000 0.046000
844.000000 -0.212376 -0.077698 0.056607 -0.029717 7.000000 0.046000
845.000000 -0.212075 -0.077799 0.055396 -0.027504 7.000000 0.046000
846.000000 -0.211835 -0.077881 0.054799 -0.022966 7.000000 0.046000
847.000000 -0.211594 -0.078031 0.051535 -0.023052 7.000000 0.046000
848.000000 -0.211323 -0.078157 0.051348 -0.025283 7.000000 0.046000
849.000000 -0.211052 -0.078283 0.052743 -0.025203 7.000000 0.046000
850.000000 -0.210751 -0.078384 0.054941 -0.023943 7.000000 0.046000
851.000000 -0.210450 -0.078485 0.057547 -0.022080 7.000000 0.046000
852.000000 -0.210179 -0.078610 0.057401 -0.022326 7.000000 0.046000
853.000000 -0.209908 -0.078736 0.055852 -0.023647 7.000000 0.046000
854.000000 -0.209636 -0.078861 0.055069 -0.024308 7.000000 0.046000
855.000000 -0.209395 -0.078941 0.053196 -0.022444 7.000000 0.046000
856.000000 -0.209124 -0.079066 0.052250 -0.021482 7.000000 0.046000
857.000000 -0.208883 -0.079146 0.051769 -0.020983 7.000000 0.046000
858.000000 -0.208611 -0.079271 0.051531 -0.020717 7.000000 0.046000
859.000000 -0.208370 -0.079351 0.051412 -0.020574 7.000000 0.046000
860.000000 -0.208068 -0.079451 0.052835 -0.019274 7.000000 0.046000
861.000000 -0.207827 -0.079531 0.053562 -0.018604 7.000000 0.046000
862.000000 -0.207585 -0.079680 0.050988 -0.020678 7.000000 0.046000
863.000000 -0.207313 -0.079804 0.051167 -0.023911 7.000000 0.046000
864.000000 -0.207102 -0.079839 0.049763 -0.019964 7.000000 0.046000
865.000000 -0.206860 -0.079918 0.047565 -0.015756 7.000000 0.046000
866.000000 -0.206619 -0.079997 0.047934 -0.015790 7.000000 0.046000
867.000000 -0.206317 -0.080096 0.051088 -0.016763 7.000000 0.046000
868.000000 -0.206075 -0.080175 0.052699 -0.017251 7.000000 0.046000
869.000000 -0.205803 -0.080230 0.052030 -0.015302 7.000000 0.046000
870.000000 -0.205562 -0.080308 0.051693 -0.014300 7.000000 0.046000
871.000000 -0.205320 -0.080457 0.050076 -0.018400 7.000000 0.046000
872.000000 -0.205078 -0.080535 0.049255 -0.020480 7.000000 0.046000
873.000000 -0.204866 -0.080569 0.047322 -0.015950 7.000000 0.046000
874.000000 -0.204625 -0.080648 0.046340 -0.013632 7.000000 0.046000
875.000000 -0.204383 -0.080726 0.047337 -0.014624 7.000000 0.046000
876.000000 -0.204111 -0.080780 0.049315 -0.013897 7.000000 0.046000
877.000000 -0.203869 -0.080858 0.050327 -0.013517 7.000000 0.046000
878.000000 -0.203627 -0.080936 0.049376 -0.014536 7.000000 0.046000
879.000000 -0.203355 -0.081059 0.050396 -0.017223 7.000000 0.046000
880.000000 -0.203142 -0.081162 0.049453 -0.019808 7.000000 0.046000
881.000000 -0.202931 -0.081195 0.045972 -0.016763 7.000000 0.046000
882.000000 -0.202719 -0.081228 0.044165 -0.011803 7.000000 0.046000
883.000000 -0.202477 -0.081306 0.044748 -0.011444 7.000000 0.046000
884.000000 -0.202235 -0.081384 0.046550 -0.013429 7.000000 0.046000
885.000000 -0.202054 -0.081442 0.044501 -0.013485 7.000000 0.046000
886.000000 -0.201782 -0.081494 0.044924 -0.012275 7.000000 0.046000
887.000000 -0.201569 -0.081597 0.046648 -0.013828 7.000000 0.046000
888.000000 -0.201296 -0.081718 0.047574 -0.018008 7.000000 0.046000
889.000000 -0.201145 -0.081801 0.045078 -0.019190 7.000000 0.046000
890.000000 -0.200902 -0.081878 0.042303 -0.017609 7.000000 0.046000
891.000000 -0.200721 -0.081867 0.042305 -0.012170 7.000000 0.046000
892.000000 -0.200509 -0.081969 0.040848 -0.010621 7.000000 0.046000
893.000000 -0.200297 -0.082001 0.041613 -0.011996 7.000000 0.046000
894.000000 -0.200085 -0.082103 0.042009 -0.012690 7.000000 0.046000
895.000000 -0.199873 -0.082135 0.042209 -0.013037 7.000000 0.046000
896.000000 -0.199631 -0.082212 0.043776 -0.011973 7.000000 0.046000
897.000000 -0.199418 -0.082314 0.044630 -0.014825 7.000000 0.046000
898.000000 -0.199266 -0.082396 0.040634 -0.016570 7.000000 0.046000
899.000000 -0.199054 -0.082428 0.038545 -0.014051 7.000000 0.046000
900.000000 -0.198872 -0.082485 0.038943 -0.011530 7.000000 0.046000
901.000000 -0.198661 -0.082518 0.039145 -0.010239 7.000000 0.046000
902.000000 -0.198479 -0.082575 0.039250 -0.009576 7.000000 0.046000
903.000000 -0.198236 -0.082651 0.040821 -0.011396 7.000000 0.046000
904.000000 -0.198024 -0.082682 0.043080 -0.011081 7.000000 0.046000
905.000000 -0.197811 -0.082784 0.042778 -0.012149 7.000000 0.046000
906.000000 -0.197598 -0.082885 0.042689 -0.016087 7.000000 0.046000
907.000000 -0.197446 -0.082967 0.039671 -0.017162 7.000000 0.046000
908.000000 -0.197264 -0.083023 0.036616 -0.015539 7.000000 0.046000
909.000000 -0.197083 -0.083011 0.036449 -0.010071 7.000000 0.046000
910.000000 -0.196901 -0.083067 0.036366 -0.007279 7.000000 0.046000
911.000000 -0.196719 -0.083124 0.036390 -0.009253 7.000000 0.046000
912.000000 -0.196537 -0.083181 0.036404 -0.010253 7.000000 0.046000
913.000000 -0.196325 -0.083212 0.037866 -0.009517 7.000000 0.046000
914.000000 -0.196143 -0.083268 0.038613 -0.009137 7.000000 0.046000
915.000000 -0.195960 -0.083394 0.037615 -0.013579 7.000000 0.046000
916.000000 -0.195807 -0.083476 0.035655 -0.017078 7.000000 0.046000
917.000000 -0.195656 -0.083488 0.033059 -0.013296 7.000000 0.046000
918.000000 -0.195534 -0.083525 0.030213 -0.009208 7.000000 0.046000
919.000000 -0.195383 -0.083538 0.028761 -0.007121 7.000000 0.046000
920.000000 -0.195201 -0.083594 0.031002 -0.006971 7.000000 0.046000
921.000000 -0.195080 -0.083631 0.030692 -0.008135 7.000000 0.046000
922.000000 -0.194868 -0.083662 0.031986 -0.007478 7.000000 0.046000
923.000000 -0.194685 -0.083718 0.035626 -0.008055 7.000000 0.046000
924.000000 -0.194533 -0.083799 0.034582 -0.010830 7.000000 0.046000
925.000000 -0.194380 -0.083880 0.032602 -0.013484 7.000000 0.046000
926.000000 -0.194198 -0.083936 0.033045 -0.013587 7.000000 0.046000
927.000000 -0.194107 -0.083930 0.030209 -0.009327 7.000000 0.046000
928.000000 -0.193925 -0.083985 0.028766 -0.007150 7.000000 0.046000
929.000000 -0.193803 -0.084023 0.029562 -0.008196 7.000000 0.046000
930.000000 -0.193651 -0.084104 0.028521 -0.009970 7.000000 0.046000
931.000000 -0.193470 -0.084090 0.030887 -0.008378 7.000000 0.046000
932.000000 -0.193348 -0.084127 0.030561 -0.005410 7.000000 0.046000
933.000000 -0.193225 -0.084234 0.027585 -0.009788 7.000000 0.046000
934.000000 -0.193074 -0.084245 0.027517 -0.010769 7.000000 0.046000
935.000000 -0.192952 -0.084282 0.027398 -0.007866 7.000000 0.046000
936.000000 -0.192831 -0.084319 0.025889 -0.007632 7.000000 0.046000
937.000000 -0.192709 -0.084356 0.025121 -0.007510 7.000000 0.046000
938.000000 -0.192558 -0.084368 0.026177 -0.006197 7.000000 0.046000
939.000000 -0.192436 -0.084405 0.026716 -0.005526 7.000000 0.046000
940.000000 -0.192285 -0.084416 0.026989 -0.005180 7.000000 0.046000
941.000000 -0.192163 -0.084453 0.027130 -0.005002 7.000000 0.046000
942.000000 -0.192069 -0.084584 0.024404 -0.010808 7.000000 0.046000
943.000000 -0.191948 -0.084621 0.023015 -0.013763 7.000000 0.046000
944.000000 -0.191857 -0.084614 0.022124 -0.008468 7.000000 0.046000
945.000000 -0.191736 -0.084651 0.021670 -0.005767 7.000000 0.046000
946.000000 -0.191614 -0.084688 0.022978 -0.006540 7.000000 0.046000
947.000000 -0.191492 -0.084724 0.023645 -0.006931 7.000000 0.046000
948.000000 -0.191431 -0.084743 0.021000 -0.006230 7.000000 0.046000
949.000000 -0.191280 -0.084754 0.021098 -0.004619 7.000000 0.046000
950.000000 -0.191190 -0.084747 0.022591 -0.002547 7.000000 0.046000
951.000000 -0.191066 -0.084853 0.022007 -0.006140 7.000000 0.046000
952.000000 -0.191005 -0.084871 0.020264 -0.009222 7.000000 0.046000
953.000000 -0.190915 -0.084864 0.017738 -0.005241 7.000000 0.046000
954.000000 -0.190825 -0.084857 0.017895 -0.001960 7.000000 0.046000
955.000000 -0.190733 -0.084919 0.018074 -0.003688 7.000000 0.046000
956.000000 -0.190642 -0.084912 0.018164 -0.004567 7.000000 0.046000
957.000000 -0.190552 -0.084904 0.018111 -0.001612 7.000000 0.046000
958.000000 -0.190430 -0.084941 0.019626 -0.002253 7.000000 0.046000
959.000000 -0.190369 -0.084959 0.018956 -0.003832 7.000000 0.046000
960.000000 -0.190245 -0.085065 0.018717 -0.008034 7.000000 0.046000
961.000000 -0.190185 -0.085083 0.018596 -0.010175 7.000000 0.046000
962.000000 -0.190124 -0.085101 0.015447 -0.006971 7.000000 0.046000
963.000000 -0.190033 -0.085094 0.015284 -0.004084 7.000000 0.046000
964.000000 -0.189973 -0.085112 0.015202 -0.002613 7.000000 0.046000
965.000000 -0.189880 -0.085174 0.015263 -0.005262 7.000000 0.046000
966.000000 -0.189819 -0.085192 0.015294 -0.006612 7.000000 0.046000
967.000000 -0.189729 -0.085185 0.015207 -0.003897 7.000000 0.046000
968.000000 -0.189668 -0.085203 0.015163 -0.002514 7.000000 0.046000
969.000000 -0.189576 -0.085265 0.015245 -0.005208 7.000000 0.046000
970.000000 -0.189515 -0.085283 0.015287 -0.006581 7.000000 0.046000
971.000000 -0.189485 -0.085258 0.012216 -0.002989 7.000000 0.046000
972.000000 -0.189424 -0.085276 0.010652 -0.001158 7.000000 0.046000
973.000000 -0.189364 -0.085294 0.011401 -0.002370 7.000000 0.046000
974.000000 -0.189332 -0.085338 0.010343 -0.004243 7.000000 0.046000
975.000000 -0.189242 -0.085330 0.011244 -0.003940 7.000000 0.046000
976.000000 -0.189212 -0.085305 0.011596 -0.000386 7.000000 0.046000
977.000000 -0.189151 -0.085323 0.010336 0.000170 7.000000 0.046000
978.000000 -0.189088 -0.085410 0.011348 -0.005091 7.000000 0.046000
979.000000 -0.189088 -0.085410 0.008876 -0.006883 7.000000 0.046000
980.000000 -0.189059 -0.085385 0.005963 -0.002251 7.000000 0.046000
981.000000 -0.188998 -0.085403 0.007466 -0.000779 7.000000 0.046000
982.000000 -0.188998 -0.085403 0.006791 -0.001286 7.000000 0.046000
983.000000 -0.188937 -0.085421 0.006448 -0.001543 7.000000 0.046000
984.000000 -0.188908 -0.085395 0.007712 -0.000418 7.000000 0.046000
985.000000 -0.188847 -0.085414 0.008357 0.000156 7.000000 0.046000
986.000000 -0.188815 -0.085457 0.008794 -0.002952 7.000000 0.046000
987.000000 -0.188845 -0.085483 0.004589 -0.004904 7.000000 0.046000
988.000000 -0.188784 -0.085501 0.003886 -0.004642 7.000000 0.046000
989.000000 -0.188815 -0.085457 0.003420 -0.001109 7.000000 0.046000
990.000000 -0.188815 -0.085457 0.000194 0.001579 7.000000 0.046000
991.000000 -0.188754 -0.085475 0.003087 -0.000083 2.000000 0.046000
992.000000 -0.188754 -0.085475 0.004560 -0.000930 2.000000 0.046000
993.000000 -0.188754 -0.085475 0.002324 -0.000474 2.000000 0.046000
994.000000 -0.188754 -0.085475 0.001184 -0.000241 2.000000 0.046000
995.000000 -0.188664 -0.085468 0.005030 0.000247 2.000000 0.046000
996.000000 -0.188693 -0.085493 0.005551 -0.000762 2.000000 0.046000
997.000000 -0.188693 -0.085493 0.001389 -0.001645 2.000000 0.046000
998.000000 -0.188693 -0.085493 0.000708 -0.000838 2.000000 0.046000
999.000000 -0.188693 -0.085493 0.000360 -0.000427 2.000000 0.046000
1000.000000 -0.188693 -0.085493 0.000184 -0.000218 2.000000 0.046000
1001.000000 -0.188693 -0.085493 0.000094 -0.000111 2.000000 0.046000
1002.000000 -0.188693 -0.085493 0.000048 -0.000056 2.000000 0.046000
1003.000000 -0.188693 -0.085493 0.000024 -0.000029 2.000000 0.046000
1004.000000 -0.188693 -0.085493 0.000012 -0.000015 2.000000 0.046000
1005.000000 -0.188693 -0.085493 0.000006 -0.000007 2.000000 0.046000
1006.000000 -0.188693 -0.085493 0.000003 -0.000004 2.000000 0.046000
1007.000000 -0.188693 -0.085493 0.000002 -0.000002 2.000000 0.046000
1008.000000 -0.188693 -0.085493 0.000001 -0.000001 2.000000 0.046000
1009.000000 -0.188693 -0.085493 0.000000 -0.000001 2.000000 0.046000
1010.000000 -0.188693 -0.085493 0.000000 -0.000000 2.000000 0.046000
1011.000000 -0.188693 -0.085493 0.000000 -0.000000 2.000000 0.046000
1012.000000 -0.188693 -0.085493 0.000000 -0.000000 2.000000 0.046000
1013.000000 -0.188693 -0.085493 0.000000 -0.000000 2.000000 0.046000
1014.000000 -0.188693 -0.085493 0.000000 -0.000000 2.000000 0.046000
1015.000000 -0.188693 -0.085493 0.000000 -0.000000 2.000000 0.046000
1016.000000 -0.188693 -0.085493 0.000000 -0.000000 2.000000 0.046000
1017.000000 -0.188693 -0.085493 0.000000 -0.000000 2.000000 0.046000
1018.000000 -0.188693 -0.085493 0.000000 -0.000000 2.000000 0.046000
1019.000000 -0.188693 -0.085493 0.000000 -0.000000 2.000000 0.046000
1020.000000 -0.188693 -0.085493 0.000000 -0.000000 2.000000 0.046000
1021.000000 -0.188723 -0.085519 -0.001440 -0.001256 2.000000 0.046000
1022.000000 -0.188786 -0.085432 -0.005269 0.002391 2.000000 0.046000
1023.000000 -0.188786 -0.085432 -0.005780 0.005506 2.000000 0.046000
1024.000000 -0.188817 -0.085388 -0.004493 0.004950 2.000000 0.046000
1025.000000 -0.188847 -0.085414 -0.005276 0.003410 2.000000 0.046000
1026.000000 -0.188876 -0.085439 -0.005568 -0.000775 2.000000 0.046000
1027.000000 -0.188908 -0.085395 -0.005824 0.000494 2.000000 0.046000
1028.000000 -0.188937 -0.085421 -0.005955 0.001140 2.000000 0.046000
1029.000000 -0.189027 -0.085429 -0.008902 -0.001041 2.000000 0.046000
1030.000000 -0.189059 -0.085385 -0.010510 0.001247 2.000000 0.046000
1031.000000 -0.189091 -0.085341 -0.008448 0.004925 2.000000 0.046000
1032.000000 -0.189122 -0.085297 -0.007398 0.006799 2.000000 0.046000
1033.000000 -0.189183 -0.085279 -0.008302 0.006499 2.000000 0.046000
1034.000000 -0.189181 -0.085349 -0.007111 0.000800 2.000000 0.046000
1035.000000 -0.189242 -0.085330 -0.006504 -0.002102 2.000000 0.046000
1036.000000 -0.189273 -0.085287 -0.007847 0.001964 2.000000 0.046000
1037.000000 -0.189334 -0.085269 -0.008531 0.004036 2.000000 0.046000
1038.000000 -0.189393 -0.085320 -0.010216 0.000438 2.000000 0.046000
1039.000000 -0.189454 -0.085302 -0.011074 -0.001395 2.000000 0.046000
1040.000000 -0.189487 -0.085188 -0.010278 0.005726 2.000000 0.046000
1041.000000 -0.189548 -0.085170 -0.009872 0.009356 2.000000 0.046000
1042.000000 -0.189578 -0.085196 -0.009458 0.004404 2.000000 0.046000
1043.000000 -0.189639 -0.085178 -0.009246 0.001881 2.000000 0.046000
1044.000000 -0.189668 -0.085203 -0.009139 0.000596 2.000000 0.046000
1045.000000 -0.189700 -0.085159 -0.007642 0.001196 2.000000 0.046000
1046.000000 -0.189760 -0.085141 -0.008425 0.003648 2.000000 0.046000
1047.000000 -0.189851 -0.085149 -0.011707 0.002391 2.000000 0.046000
1048.000000 -0.189912 -0.085130 -0.013379 0.001751 2.000000 0.046000
1049.000000 -0.189975 -0.085043 -0.012889 0.006080 2.000000 0.046000
1050.000000 -0.190006 -0.084999 -0.011197 0.009539 2.000000 0.046000
1051.000000 -0.190035 -0.085025 -0.008691 0.005754 2.000000 0.046000
1052.000000 -0.190065 -0.085050 -0.007312 0.000425 2.000000 0.046000
1053.000000 -0.190126 -0.085032 -0.008154 -0.000143 2.000000 0.046000
1054.000000 -0.190187 -0.085014 -0.010126 0.001716 2.000000 0.046000
1055.000000 -0.190248 -0.084996 -0.011130 0.002664 2.000000 0.046000
1056.000000 -0.190338 -0.085003 -0.013085 0.001895 2.000000 0.046000
1057.000000 -0.190369 -0.084959 -0.012637 0.002756 2.000000 0.046000
1058.000000 -0.190401 -0.084915 -0.009523 0.005700 2.000000 0.046000
1059.000000 -0.190462 -0.084897 -0.009379 0.005948 2.000000 0.046000
1060.000000 -0.190491 -0.084923 -0.009207 0.002674 2.000000 0.046000
1061.000000 -0.190552 -0.084904 -0.009119 0.001006 2.000000 0.046000
1062.000000 -0.190613 -0.084886 -0.010616 0.002306 2.000000 0.046000
1063.000000 -0.190674 -0.084868 -0.011379 0.002968 2.000000 0.046000
1064.000000 -0.190674 -0.084868 -0.008782 0.002409 2.000000 0.046000
1065.000000 -0.190764 -0.084875 -0.008903 0.000873 2.000000 0.046000
1066.000000 -0.190825 -0.084857 -0.011950 0.000988 2.000000 0.046000
1067.000000 -0.190888 -0.084769 -0.012154 0.005700 2.000000 0.046000
1068.000000 -0.190917 -0.084795 -0.010718 0.005951 2.000000 0.046000
1069.000000 -0.190947 -0.084820 -0.008349 0.000529 2.000000 0.046000
1070.000000 -0.190978 -0.084776 -0.007238 0.001168 2.000000 0.046000
1071.000000 -0.191039 -0.084758 -0.008212 0.003643 2.000000 0.046000
1072.000000 -0.191068 -0.084783 -0.008613 0.001504 2.000000 0.046000
1073.000000 -0.191159 -0.084791 -0.010262 -0.000836 2.000000 0.046000
1074.000000 -0.191190 -0.084747 -0.011197 0.001372 2.000000 0.046000
1075.000000 -0.191219 -0.084772 -0.008690 0.001598 2.000000 0.046000
1076.000000 -0.191282 -0.084685 -0.008950 0.003864 2.000000 0.046000
1077.000000 -0.191314 -0.084641 -0.009178 0.008419 2.000000 0.046000
1078.000000 -0.191312 -0.084710 -0.006121 0.003039 2.000000 0.046000
1079.000000 -0.191373 -0.084692 -0.006008 -0.000952 2.000000 0.046000
1080.000000 -0.191373 -0.084692 -0.006045 0.000415 2.000000 0.046000
1081.000000 -0.191433 -0.084673 -0.006064 0.001112 2.000000 0.046000
1082.000000 -0.191463 -0.084699 -0.007519 0.000217 2.000000 0.046000
1083.000000 -0.191524 -0.084681 -0.008260 -0.000239 2.000000 0.046000
1084.000000 -0.191586 -0.084593 -0.010269 0.005081 2.000000 0.046000
1085.000000 -0.191586 -0.084593 -0.008309 0.006890 2.000000 0.046000
1086.000000 -0.191618 -0.084549 -0.005771 0.005662 2.000000 0.046000
1087.000000 -0.191647 -0.084575 -0.005924 0.003786 2.000000 0.046000
1088.000000 -0.191647 -0.084575 -0.004464 0.000679 2.000000 0.046000
1089.000000 -0.191708 -0.084556 -0.005258 0.001248 2.000000 0.046000
1090.000000 -0.191708 -0.084556 -0.005662 0.001537 2.000000 0.046000
1091.000000 -0.191767 -0.084607 -0.005776 -0.001715 2.000000 0.046000
1092.000000 -0.191798 -0.084563 -0.007372 -0.001222 2.000000 0.046000
1093.000000 -0.191859 -0.084545 -0.008277 0.002431 2.000000 0.046000
1094.000000 -0.191861 -0.084476 -0.007292 0.005542 2.000000 0.046000
1095.000000 -0.191891 -0.084501 -0.005253 0.004975 2.000000 0.046000
1096.000000 -0.191891 -0.084501 -0.004122 0.001286 2.000000 0.046000
1097.000000 -0.191920 -0.084526 -0.003546 -0.000594 2.000000 0.046000
1098.000000 -0.191951 -0.084483 -0.004790 0.000600 2.000000 0.046000
1099.000000 -0.191951 -0.084483 -0.003978 0.002457 2.000000 0.046000
1100.000000 -0.192010 -0.084534 -0.004919 -0.001246 2.000000 0.046000
1101.000000 -0.192042 -0.084490 -0.006935 -0.000981 2.000000 0.046000
1102.000000 -0.192073 -0.084446 -0.006607 0.003804 2.000000 0.046000
1103.000000 -0.192073 -0.084446 -0.004903 0.004090 2.000000 0.046000
1104.000000 -0.192104 -0.084402 -0.004034 0.004236 2.000000 0.046000
1105.000000 -0.192073 -0.084446 -0.002056 0.002158 2.000000 0.046000
1106.000000 -0.192103 -0.084471 -0.000957 -0.002301 2.000000 0.046000
1107.000000 -0.192103 -0.084471 -0.001934 -0.002421 2.000000 0.046000
1108.000000 -0.192134 -0.084427 -0.002522 0.000919 2.000000 0.046000
1109.000000 -0.192163 -0.084453 -0.004268 0.001372 2.000000 0.046000
1110.000000 -0.192163 -0.084453 -0.003621 -0.000550 2.000000 0.046000
1111.000000 -0.192163 -0.084453 -0.001845 -0.000280 2.000000 0.046000
1112.000000 -0.192163 -0.084453 -0.000940 -0.000143 2.000000 0.046000
1113.000000 -0.192163 -0.084453 -0.000479 -0.000073 2.000000 0.046000
1114.000000 -0.192163 -0.084453 -0.000244 -0.000037 2.000000 0.046000
1115.000000 -0.192163 -0.084453 -0.000124 -0.000019 2.000000 0.046000
1116.000000 -0.192163 -0.084453 -0.000063 -0.000010 2.000000 0.046000
1117.000000 -0.192163 -0.084453 -0.000032 -0.000005 2.000000 0.046000
1118.000000 -0.192193 -0.084478 -0.001463 -0.001251 2.000000 0.046000
1119.000000 -0.192224 -0.084434 -0.003728 0.000266 2.000000 0.046000
1120.000000 -0.192256 -0.084390 -0.004972 0.004441 2.000000 0.046000
1121.000000 -0.192256 -0.084390 -0.004069 0.004415 2.000000 0.046000
1122.000000 -0.192224 -0.084434 -0.000537 0.000097 2.000000 0.046000
1123.000000 -0.192224 -0.084434 0.001263 -0.002103 2.000000 0.046000
1124.000000 -0.192224 -0.084434 0.000643 -0.001071 2.000000 0.046000
1125.000000 -0.192224 -0.084434 0.000328 -0.000546 2.000000 0.046000
1126.000000 -0.192224 -0.084434 0.000167 -0.000278 2.000000 0.046000
1127.000000 -0.192224 -0.084434 0.000085 -0.000142 2.000000 0.046000
1128.000000 -0.192224 -0.084434 0.000043 -0.000072 2.000000 0.046000
1129.000000 -0.192224 -0.084434 0.000022 -0.000037 2.000000 0.046000
1130.000000 -0.192224 -0.084434 0.000011 -0.000019 2.000000 0.046000
1131.000000 -0.192224 -0.084434 0.000006 -0.000010 2.000000 0.046000
1132.000000 -0.192224 -0.084434 0.000003 -0.000005 2.000000 0.046000
1133.000000 -0.192224 -0.084434 0.000001 -0.000002 2.000000 0.046000
1134.000000 -0.192224 -0.084434 0.000001 -0.000001 2.000000 0.046000
1135.000000 -0.192224 -0.084434 0.000000 -0.000001 2.000000 0.046000
1136.000000 -0.192224 -0.084434 0.000000 -0.000000 2.000000 0.046000
1137.000000 -0.192224 -0.084434 0.000000 -0.000000 2.000000 0.046000
1138.000000 -0.192224 -0.084434 0.000000 -0.000000 2.000000 0.046000
1139.000000 -0.192224 -0.084434 0.000000 -0.000000 2.000000 0.046000
1140.000000 -0.192224 -0.084434 0.000000 -0.000000 2.000000 0.046000
1141.000000 -0.192224 -0.084434 0.000000 -0.000000 2.000000 0.046000
1142.000000 -0.192224 -0.084434 0.000000 -0.000000 2.000000 0.046000
1143.000000 -0.192224 -0.084434 0.000000 -0.000000 2.000000 0.046000
1144.000000 -0.192224 -0.084434 0.000000 -0.000000 2.000000 0.046000
1145.000000 -0.192224 -0.084434 0.000000 -0.000000 2.000000 0.046000
1146.000000 -0.192224 -0.084434 0.000000 -0.000000 2.000000 0.046000
1147.000000 -0.192224 -0.084434 0.000000 -0.000000 2.000000 0.046000
1148.000000 -0.192224 -0.084434 0.000000 -0.000000 2.000000 0.046000
1149.000000 -0.192224 -0.084434 0.000000 -0.000000 2.000000 0.046000
1150.000000 -0.192224 -0.084434 0.000000 -0.000000 2.000000 0.046000
1151.000000 -0.192224 -0.084434 0.000000 -0.000000 2.000000 0.046000
1152.000000 -0.192224 -0.084434 0.000000 -0.000000 2.000000 0.046000
1153.000000 -0.192224 -0.084434 0.000000 -0.000000 2.000000 0.046000
1154.000000 -0.192224 -0.084434 0.000000 -0.000000 2.000000 0.046000
1155.000000 -0.192224 -0.084434 0.000000 -0.000000 2.000000 0.046000
1156.000000 -0.192224 -0.084434 0.000000 -0.000000 2.000000 0.046000
1157.000000 -0.192193 -0.084478 0.001537 -0.002152 2.000000 0.046000
1158.000000 -0.192224 -0.084434 0.000783 -0.001097 2.000000 0.046000
1159.000000 -0.192195 -0.084409 0.000309 0.002842 2.000000 0.046000
1160.000000 -0.192195 -0.084409 0.001604 0.002697 2.000000 0.046000
1161.000000 -0.192163 -0.084453 0.002354 -0.000778 2.000000 0.046000
1162.000000 -0.192163 -0.084453 0.002736 -0.002549 2.000000 0.046000
1163.000000 -0.192104 -0.084402 0.004286 0.001199 2.000000 0.046000
1164.000000 -0.192104 -0.084402 0.005076 0.003109 2.000000 0.046000
1165.000000 -0.192071 -0.084515 0.004214 -0.003969 2.000000 0.046000
1166.000000 -0.192071 -0.084515 0.003775 -0.007574 2.000000 0.046000
1167.000000 -0.192073 -0.084446 0.001832 -0.000459 2.000000 0.046000
1168.000000 -0.192042 -0.084490 0.002380 0.001015 2.000000 0.046000
1169.000000 -0.192042 -0.084490 0.002750 -0.001635 2.000000 0.046000
1170.000000 -0.192042 -0.084490 0.001401 -0.000833 2.000000 0.046000
1171.000000 -0.192042 -0.084490 0.000714 -0.000424 2.000000 0.046000
1172.000000 -0.191951 -0.084483 0.004793 0.000131 2.000000 0.046000
1173.000000 -0.191951 -0.084483 0.006871 0.000413 2.000000 0.046000
1174.000000 -0.191950 -0.084552 0.003592 -0.003190 2.000000 0.046000
1175.000000 -0.191950 -0.084552 0.001922 -0.005026 2.000000 0.046000
1176.000000 -0.191981 -0.084508 -0.000558 -0.000409 2.000000 0.046000
1177.000000 -0.191920 -0.084526 0.001161 0.001041 2.000000 0.046000
1178.000000 -0.191920 -0.084526 0.003575 -0.000372 2.000000 0.046000
1179.000000 -0.191920 -0.084526 0.001822 -0.000190 2.000000 0.046000
1180.000000 -0.191920 -0.084526 0.000928 -0.000097 2.000000 0.046000
1181.000000 -0.191920 -0.084526 0.000473 -0.000049 2.000000 0.046000
1182.000000 -0.191889 -0.084570 0.001779 -0.002176 2.000000 0.046000
1183.000000 -0.191859 -0.084545 0.003890 -0.002011 2.000000 0.046000
1184.000000 -0.191859 -0.084545 0.003428 0.000225 2.000000 0.046000
1185.000000 -0.191859 -0.084545 0.001746 0.000114 2.000000 0.046000
1186.000000 -0.191859 -0.084545 0.000890 0.000058 2.000000 0.046000
1187.000000 -0.191859 -0.084545 0.000453 0.000030 2.000000 0.046000
1188.000000 -0.191828 -0.084589 0.001769 -0.002136 2.000000 0.046000
1189.000000 -0.191828 -0.084589 0.002439 -0.003240 2.000000 0.046000
1190.000000 -0.191769 -0.084538 0.004134 0.000849 2.000000 0.046000
1191.000000 -0.191769 -0.084538 0.004997 0.002931 2.000000 0.046000
1192.000000 -0.191767 -0.084607 0.002639 -0.001907 2.000000 0.046000
1193.000000 -0.191767 -0.084607 0.001437 -0.004372 2.000000 0.046000
1194.000000 -0.191798 -0.084563 -0.000806 -0.000077 2.000000 0.046000
1195.000000 -0.191767 -0.084607 -0.000411 -0.000039 2.000000 0.046000
1196.000000 -0.191767 -0.084607 0.001329 -0.002171 2.000000 0.046000
1197.000000 -0.191767 -0.084607 0.000677 -0.001106 7.000000 0.060000
1198.000000 -0.191767 -0.084607 0.000345 -0.000564 7.000000 0.060000
1199.000000 -0.191767 -0.084607 0.000176 -0.000287 7.000000 0.060000
1200.000000 -0.191767 -0.084607 0.000090 -0.000146 7.000000 0.060000
1201.000000 -0.191738 -0.084582 0.001491 0.001175 7.000000 0.060000
1202.000000 -0.191738 -0.084582 0.002205 0.001848 7.000000 0.060000
1203.000000 -0.191738 -0.084582 0.001124 0.000942 7.000000 0.060000
1204.000000 -0.191738 -0.084582 0.000572 0.000480 7.000000 0.060000
1205.000000 -0.191738 -0.084582 0.000292 0.000244 7.000000 0.060000
1206.000000 -0.191738 -0.084582 0.000149 0.000125 7.000000 0.060000
1207.000000 -0.191706 -0.084625 0.001614 -0.002087 7.000000 0.060000
1208.000000 -0.191706 -0.084625 0.002361 -0.003214 7.000000 0.060000
1209.000000 -0.191706 -0.084625 0.001203 -0.001638 7.000000 0.060000
1210.000000 -0.191706 -0.084625 0.000613 -0.000834 7.000000 0.060000
1211.000000 -0.191706 -0.084625 0.000312 -0.000425 7.000000 0.060000
1212.000000 -0.191706 -0.084625 0.000159 -0.000217 7.000000 0.060000
1213.000000 -0.191706 -0.084625 0.000081 -0.000110 7.000000 0.060000
1214.000000 -0.191706 -0.084625 0.000041 -0.000056 7.000000 0.060000
1215.000000 -0.191706 -0.084625 0.000021 -0.000029 7.000000 0.060000
1216.000000 -0.191706 -0.084625 0.000011 -0.000015 7.000000 0.060000
1217.000000 -0.191706 -0.084625 0.000005 -0.000007 7.000000 0.060000
1218.000000 -0.191706 -0.084625 0.000003 -0.000004 7.000000 0.060000
1219.000000 -0.191706 -0.084625 0.000001 -0.000002 7.000000 0.060000
1220.000000 -0.191706 -0.084625 0.000001 -0.000001 7.000000 0.060000
1221.000000 -0.191706 -0.084625 0.000000 -0.000001 7.000000 0.060000
1222.000000 -0.191706 -0.084625 0.000000 -0.000000 7.000000 0.060000
1223.000000 -0.191706 -0.084625 0.000000 -0.000000 7.000000 0.060000
1224.000000 -0.191706 -0.084625 0.000000 -0.000000 7.000000 0.060000
1225.000000 -0.191706 -0.084625 0.000000 -0.000000 7.000000 0.060000
1226.000000 -0.191706 -0.084625 0.000000 -0.000000 7.000000 0.060000
1227.000000 -0.191706 -0.084625 0.000000 -0.000000 7.000000 0.060000
1228.000000 -0.191706 -0.084625 0.000000 -0.000000 7.000000 0.060000
1229.000000 -0.191706 -0.084625 0.000000 -0.000000 7.000000 0.060000
1230.000000 -0.191706 -0.084625 0.000000 -0.000000 7.000000 0.060000
1231.000000 -0.191706 -0.084625 0.000000 -0.000000 7.000000 0.060000
1232.000000 -0.191706 -0.084625 0.000000 -0.000000 7.000000 0.060000
1233.000000 -0.191706 -0.084625 0.000000 -0.000000 7.000000 0.060000
1234.000000 -0.191706 -0.084625 0.000000 -0.000000 7.000000 0.060000
1235.000000 -0.191706 -0.084625 0.000000 -0.000000 7.000000 0.060000
1236.000000 -0.191706 -0.084625 0.000000 -0.000000 7.000000 0.060000
1237.000000 -0.191706 -0.084625 0.000000 -0.000000 7.000000 0.060000
1238.000000 -0.191706 -0.084625 0.000000 -0.000000 7.000000 0.060000
1239.000000 -0.191706 -0.084625 0.000000 -0.000000 7.000000 0.060000
1240.000000 -0.191706 -0.084625 0.000000 -0.000000 7.000000 0.060000
1241.000000 -0.191706 -0.084625 0.000000 -0.000000 7.000000 0.060000
1242.000000 -0.191706 -0.084625 0.000000 -0.000000 7.000000 0.060000
1243.000000 -0.191706 -0.084625 0.000000 -0.000000 7.000000 0.060000
1244.000000 -0.191706 -0.084625 0.000000 -0.000000 7.000000 0.060000
1245.000000 -0.191706 -0.084625 0.000000 -0.000000 7.000000 0.060000
1246.000000 -0.191706 -0.084625 0.000000 -0.000000 7.000000 0.060000
1247.000000 -0.191706 -0.084625 0.000000 -0.000000 7.000000 0.060000
1248.000000 -0.191706 -0.084625 0.000000 -0.000000 7.000000 0.060000
1249.000000 -0.191706 -0.084625 0.000000 -0.000000 7.000000 0.060000
1250.000000 -0.191706 -0.084625 0.000000 -0.000000 7.000000 0.060000
1251.000000 -0.191706 -0.084625 0.000000 -0.000000 7.000000 0.060000
1252.000000 -0.191706 -0.084625 0.000000 -0.000000 7.000000 0.060000
1253.000000 -0.191706 -0.084625 0.000000 -0.000000 7.000000 0.060000
1254.000000 -0.191706 -0.084625 0.000000 -0.000000 7.000000 0.060000
1255.000000 -0.191706 -0.084625 0.000000 -0.000000 7.000000 0.060000
1256.000000 -0.191706 -0.084625 0.000000 -0.000000 7.000000 0.060000
1257.000000 -0.191706 -0.084625 0.000000 -0.000000 7.000000 0.060000
1258.000000 -0.191706 -0.084625 0.000000 -0.000000 7.000000 0.060000
1259.000000 -0.191706 -0.084625 0.000000 -0.000000 7.000000 0.060000
1260.000000 -0.191706 -0.084625 0.000000 -0.000000 7.000000 0.060000
1261.000000 -0.191706 -0.084625 0.000000 -0.000000 7.000000 0.060000
1262.000000 -0.191706 -0.084625 0.000000 -0.000000 7.000000 0.060000
1263.000000 -0.191706 -0.084625 0.000000 -0.000000 7.000000 0.060000
1264.000000 -0.191706 -0.084625 0.000000 -0.000000 7.000000 0.060000
1265.000000 -0.191706 -0.084625 0.000000 -0.000000 7.000000 0.060000
1266.000000 -0.191706 -0.084625 0.000000 -0.000000 7.000000 0.060000
1267.000000 -0.191706 -0.084625 0.000000 -0.000000 7.000000 0.060000
1268.000000 -0.191706 -0.084625 0.000000 -0.000000 7.000000 0.060000
1269.000000 -0.191706 -0.084625 0.000000 -0.000000 7.000000 0.060000
1270.000000 -0.191706 -0.084625 0.000000 -0.000000 7.000000 0.060000
1271.000000 -0.191706 -0.084625 0.000000 -0.000000 7.000000 0.060000
1272.000000 -0.191706 -0.084625 0.000000 -0.000000 7.000000 0.060000
1273.000000 -0.191706 -0.084625 0.000000 -0.000000 7.000000 0.060000
1274.000000 -0.191706 -0.084625 0.000000 -0.000000 7.000000 0.060000
1275.000000 -0.191706 -0.084625 0.000000 -0.000000 7.000000 0.060000
1276.000000 -0.191706 -0.084625 0.000000 -0.000000 7.000000 0.060000
1277.000000 -0.191706 -0.084625 0.000000 -0.000000 7.000000 0.060000
1278.000000 -0.191706 -0.084625 0.000000 -0.000000 7.000000 0.060000
1279.000000 -0.191706 -0.084625 0.000000 -0.000000 7.000000 0.060000
1280.000000 -0.191706 -0.084625 0.000000 -0.000000 7.000000 0.060000
1281.000000 -0.191706 -0.084625 0.000000 -0.000000 7.000000 0.060000
1282.000000 -0.191706 -0.084625 0.000000 -0.000000 7.000000 0.060000
1283.000000 -0.191706 -0.084625 0.000000 -0.000000 7.000000 0.060000
1284.000000 -0.191706 -0.084625 0.000000 -0.000000 7.000000 0.060000
1285.000000 -0.191706 -0.084625 0.000000 -0.000000 7.000000 0.060000
1286.000000 -0.191706 -0.084625 0.000000 -0.000000 7.000000 0.060000
1287.000000 -0.191706 -0.084625 0.000000 -0.000000 7.000000 0.060000
1288.000000 -0.191706 -0.084625 0.000000 -0.000000 7.000000 0.060000
1289.000000 -0.191706 -0.084625 0.000000 -0.000000 7.000000 0.060000
1290.000000 -0.191706 -0.084625 0.000000 -0.000000 7.000000 0.060000
1291.000000 -0.191706 -0.084625 0.000000 -0.000000 7.000000 0.060000
1292.000000 -0.191706 -0.084625 0.000000 -0.000000 7.000000 0.060000
1293.000000 -0.191706 -0.084625 0.000000 -0.000000 7.000000 0.060000
1294.000000 -0.191706 -0.084625 0.000000 -0.000000 7.000000 0.060000
1295.000000 -0.191706 -0.084625 0.000000 -0.000000 7.000000 0.060000
1296.000000 -0.191706 -0.084625 0.000000 -0.000000 7.000000 0.060000
1297.000000 -0.191706 -0.084625 0.000000 -0.000000 7.000000 0.060000
1298.000000 -0.191706 -0.084625 0.000000 -0.000000 7.000000 0.060000
1299.000000 -0.191706 -0.084625 0.000000 -0.000000 7.000000 0.060000
1300.000000 -0.191706 -0.084625 0.000000 -0.000000 7.000000 0.060000
1301.000000 -0.191706 -0.084625 0.000000 -0.000000 7.000000 0.060000
1302.000000 -0.191706 -0.084625 0.000000 -0.000000 7.000000 0.060000
1303.000000 -0.191706 -0.084625 0.000000 -0.000000 7.000000 0.060000
1304.000000 -0.191706 -0.084625 0.000000 -0.000000 7.000000 0.060000
1305.000000 -0.191706 -0.084625 0.000000 -0.000000 7.000000 0.060000
1306.000000 -0.191706 -0.084625 0.000000 -0.000000 7.000000 0.060000
1307.000000 -0.191706 -0.084625 0.000000 -0.000000 7.000000 0.060000
1308.000000 -0.191706 -0.084625 0.000000 -0.000000 7.000000 0.060000
1309.000000 -0.191706 -0.084625 0.000000 -0.000000 7.000000 0.060000
1310.000000 -0.191706 -0.084625 0.000000 -0.000000 7.000000 0.060000
1311.000000 -0.191706 -0.084625 0.000000 -0.000000 7.000000 0.060000
1312.000000 -0.191706 -0.084625 0.000000 -0.000000 7.000000 0.060000
1313.000000 -0.191706 -0.084625 0.000000 -0.000000 7.000000 0.060000
1314.000000 -0.191706 -0.084625 0.000000 -0.000000 7.000000 0.060000
1315.000000 -0.191706 -0.084625 0.000000 -0.000000 7.000000 0.060000
1316.000000 -0.191706 -0.084625 0.000000 -0.000000 7.000000 0.060000
1317.000000 -0.191706 -0.084625 0.000000 -0.000000 7.000000 0.060000
1318.000000 -0.191706 -0.084625 0.000000 -0.000000 7.000000 0.060000
1319.000000 -0.191706 -0.084625 0.000000 -0.000000 7.000000 0.060000
1320.000000 -0.191706 -0.084625 0.000000 -0.000000 7.000000 0.060000
1321.000000 -0.191706 -0.084625 0.000000 -0.000000 7.000000 0.060000
1322.000000 -0.191706 -0.084625 0.000000 -0.000000 7.000000 0.060000
1323.000000 -0.191706 -0.084625 0.000000 -0.000000 7.000000 0.060000
1324.000000 -0.191706 -0.084625 0.000000 -0.000000 7.000000 0.060000
1325.000000 -0.191706 -0.084625 0.000000 -0.000000 7.000000 0.060000
1326.000000 -0.191706 -0.084625 0.000000 -0.000000 7.000000 0.060000
1327.000000 -0.191706 -0.084625 0.000000 -0.000000 7.000000 0.060000
1328.000000 -0.191706 -0.084625 0.000000 -0.000000 7.000000 0.060000
1329.000000 -0.191706 -0.084625 0.000000 -0.000000 7.000000 0.060000
1330.000000 -0.191706 -0.084625 0.000000 -0.000000 7.000000 0.060000
1331.000000 -0.191706 -0.084625 0.000000 -0.000000 7.000000 0.060000
1332.000000 -0.191706 -0.084625 0.000000 -0.000000 7.000000 0.060000
1333.000000 -0.191706 -0.084625 0.000000 -0.000000 7.000000 0.060000
1334.000000 -0.191706 -0.084625 0.000000 -0.000000 7.000000 0.060000
1335.000000 -0.191706 -0.084625 0.000000 -0.000000 7.000000 0.060000
1336.000000 -0.191706 -0.084625 0.000000 -0.000000 7.000000 0.060000
1337.000000 -0.191706 -0.084625 0.000000 -0.000000 7.000000 0.060000
1338.000000 -0.191706 -0.084625 0.000000 -0.000000 7.000000 0.060000
1339.000000 -0.191706 -0.084625 0.000000 -0.000000 7.000000 0.060000
1340.000000 -0.191706 -0.084625 0.000000 -0.000000 7.000000 0.060000
1341.000000 -0.191706 -0.084625 0.000000 -0.000000 7.000000 0.060000
1342.000000 -0.191706 -0.084625 0.000000 -0.000000 7.000000 0.060000
1343.000000 -0.191706 -0.084625 0.000000 -0.000000 7.000000 0.060000
1344.000000 -0.191706 -0.084625 0.000000 -0.000000 7.000000 0.060000
1345.000000 -0.191706 -0.084625 0.000000 -0.000000 7.000000 0.060000
1346.000000 -0.191706 -0.084625 0.000000 -0.000000 7.000000 0.060000
1347.000000 -0.191706 -0.084625 0.000000 -0.000000 7.000000 0.060000
1348.000000 -0.191706 -0.084625 0.000000 -0.000000 7.000000 0.060000
1349.000000 -0.191706 -0.084625 0.000000 -0.000000 7.000000 0.060000
1350.000000 -0.191706 -0.084625 0.000000 -0.000000 7.000000 0.060000
1351.000000 -0.191706 -0.084625 0.000000 -0.000000 7.000000 0.060000
1352.000000 -0.191706 -0.084625 0.000000 -0.000000 7.000000 0.060000
1353.000000 -0.191706 -0.084625 0.000000 -0.000000 7.000000 0.060000
1354.000000 -0.191706 -0.084625 0.000000 -0.000000 7.000000 0.060000
1355.000000 -0.191706 -0.084625 0.000000 -0.000000 7.000000 0.060000
1356.000000 -0.191706 -0.084625 0.000000 -0.000000 7.000000 0.060000
1357.000000 -0.191706 -0.084625 0.000000 -0.000000 7.000000 0.060000
1358.000000 -0.191706 -0.084625 0.000000 -0.000000 7.000000 0.060000
1359.000000 -0.191706 -0.084625 0.000000 -0.000000 7.000000 0.060000
1360.000000 -0.191706 -0.084625 0.000000 -0.000000 7.000000 0.060000
1361.000000 -0.191706 -0.084625 0.000000 -0.000000 7.000000 0.060000
1362.000000 -0.191706 -0.084625 0.000000 -0.000000 7.000000 0.060000
1363.000000 -0.191706 -0.084625 0.000000 -0.000000 7.000000 0.060000
1364.000000 -0.191706 -0.084625 0.000000 -0.000000 7.000000 0.060000
1365.000000 -0.191706 -0.084625 0.000000 -0.000000 7.000000 0.060000
1366.000000 -0.191706 -0.084625 0.000000 -0.000000 7.000000 0.060000
1367.000000 -0.191706 -0.084625 0.000000 -0.000000 7.000000 0.060000
1368.000000 -0.191706 -0.084625 0.000000 -0.000000 7.000000 0.060000
1369.000000 -0.191706 -0.084625 0.000000 -0.000000 7.000000 0.060000
1370.000000 -0.191706 -0.084625 0.000000 -0.000000 7.000000 0.060000
1371.000000 -0.191706 -0.084625 0.000000 -0.000000 7.000000 0.060000
1372.000000 -0.191706 -0.084625 0.000000 -0.000000 7.000000 0.060000
1373.000000 -0.191706 -0.084625 0.000000 -0.000000 7.000000 0.060000
1374.000000 -0.191706 -0.084625 0.000000 -0.000000 7.000000 0.060000
1375.000000 -0.191706 -0.084625 0.000000 -0.000000 7.000000 0.060000
1376.000000 -0.191706 -0.084625 0.000000 -0.000000 7.000000 0.060000
1377.000000 -0.191706 -0.084625 0.000000 -0.000000 7.000000 0.060000
1378.000000 -0.191706 -0.084625 0.000000 -0.000000 7.000000 0.060000
1379.000000 -0.191706 -0.084625 0.000000 -0.000000 7.000000 0.060000
1380.000000 -0.191706 -0.084625 0.000000 -0.000000 7.000000 0.060000
1381.000000 -0.191706 -0.084625 0.000000 -0.000000 7.000000 0.060000
1382.000000 -0.191706 -0.084625 0.000000 -0.000000 7.000000 0.060000
1383.000000 -0.191706 -0.084625 0.000000 -0.000000 7.000000 0.060000
1384.000000 -0.191706 -0.084625 0.000000 -0.000000 7.000000 0.060000
1385.000000 -0.191706 -0.084625 0.000000 -0.000000 7.000000 0.060000
1386.000000 -0.191706 -0.084625 0.000000 -0.000000 7.000000 0.060000
1387.000000 -0.191706 -0.084625 0.000000 -0.000000 7.000000 0.060000
1388.000000 -0.191706 -0.084625 0.000000 -0.000000 7.000000 0.060000
1389.000000 -0.191706 -0.084625 0.000000 -0.000000 7.000000 0.060000
1390.000000 -0.191706 -0.084625 0.000000 -0.000000 7.000000 0.060000
1391.000000 -0.191706 -0.084625 0.000000 -0.000000 7.000000 0.060000
1392.000000 -0.191706 -0.084625 0.000000 -0.000000 7.000000 0.060000
1393.000000 -0.191706 -0.084625 0.000000 -0.000000 7.000000 0.060000
1394.000000 -0.191706 -0.084625 0.000000 -0.000000 7.000000 0.060000
1395.000000 -0.191706 -0.084625 0.000000 -0.000000 7.000000 0.060000
1396.000000 -0.191706 -0.084625 0.000000 -0.000000 7.000000 0.060000
1397.000000 -0.191706 -0.084625 0.000000 -0.000000 7.000000 0.060000
1398.000000 -0.191706 -0.084625 0.000000 -0.000000 7.000000 0.060000
1399.000000 -0.191706 -0.084625 0.000000 -0.000000 7.000000 0.060000
1400.000000 -0.191706 -0.084625 0.000000 -0.000000 7.000000 0.060000
1401.000000 -0.191706 -0.084625 0.000000 -0.000000 7.000000 0.060000
1402.000000 -0.191706 -0.084625 0.000000 -0.000000 7.000000 0.060000
1403.000000 -0.191706 -0.084625 0.000000 -0.000000 7.000000 0.060000
1404.000000 -0.191706 -0.084625 0.000000 -0.000000 7.000000 0.060000
1405.000000 -0.191706 -0.084625 0.000000 -0.000000 7.000000 0.060000
1406.000000 -0.191706 -0.084625 0.000000 -0.000000 7.000000 0.060000
1407.000000 -0.191706 -0.084625 0.000000 -0.000000 7.000000 0.060000
1408.000000 -0.191706 -0.084625 0.000000 -0.000000 7.000000 0.060000
1409.000000 -0.191706 -0.084625 0.000000 -0.000000 7.000000 0.060000
1410.000000 -0.191706 -0.084625 0.000000 -0.000000 7.000000 0.060000
1411.000000 -0.191706 -0.084625 0.000000 -0.000000 7.000000 0.060000
1412.000000 -0.191706 -0.084625 0.000000 -0.000000 7.000000 0.060000
1413.000000 -0.191706 -0.084625 0.000000 -0.000000 7.000000 0.060000
1414.000000 -0.191706 -0.084625 0.000000 -0.000000 7.000000 0.060000
1415.000000 -0.191706 -0.084625 0.000000 -0.000000 7.000000 0.060000
1416.000000 -0.191706 -0.084625 0.000000 -0.000000 7.000000 0.060000
1417.000000 -0.191706 -0.084625 0.000000 -0.000000 7.000000 0.060000
1418.000000 -0.191706 -0.084625 0.000000 -0.000000 7.000000 0.060000
1419.000000 -0.191706 -0.084625 0.000000 -0.000000 7.000000 0.060000
1420.000000 -0.191706 -0.084625 0.000000 -0.000000 7.000000 0.060000
1421.000000 -0.191706 -0.084625 0.000000 -0.000000 7.000000 0.060000
1422.000000 -0.191706 -0.084625 0.000000 -0.000000 7.000000 0.060000
1423.000000 -0.191706 -0.084625 0.000000 -0.000000 7.000000 0.060000
1424.000000 -0.191706 -0.084625 0.000000 -0.000000 7.000000 0.060000
1425.000000 -0.191706 -0.084625 0.000000 -0.000000 7.000000 0.060000
1426.000000 -0.191706 -0.084625 0.000000 -0.000000 7.000000 0.060000
1427.000000 -0.191706 -0.084625 0.000000 -0.000000 7.000000 0.060000
1428.000000 -0.191706 -0.084625 0.000000 -0.000000 7.000000 0.060000
1429.000000 -0.191706 -0.084625 0.000000 -0.000000 7.000000 0.060000
1430.000000 -0.191706 -0.084625 0.000000 -0.000000 7.000000 0.060000
1431.000000 -0.191706 -0.084625 0.000000 -0.000000 7.000000 0.060000
1432.000000 -0.191706 -0.084625 0.000000 -0.000000 7.000000 0.060000
1433.000000 -0.191706 -0.084625 0.000000 -0.000000 7.000000 0.060000
1434.000000 -0.191706 -0.084625 0.000000 -0.000000 7.000000 0.060000
1435.000000 -0.191706 -0.084625 0.000000 -0.000000 7.000000 0.060000
1436.000000 -0.191706 -0.084625 0.000000 -0.000000 7.000000 0.060000
1437.000000 -0.191706 -0.084625 0.000000 -0.000000 7.000000 0.060000
1438.000000 -0.191706 -0.084625 0.000000 -0.000000 7.000000 0.060000
1439.000000 -0.191706 -0.084625 0.000000 -0.000000 7.000000 0.060000
1440.000000 -0.191706 -0.084625 0.000000 -0.000000 7.000000 0.060000
1441.000000 -0.191706 -0.084625 0.000000 -0.000000 7.000000 0.060000
1442.000000 -0.191706 -0.084625 0.000000 -0.000000 7.000000 0.060000
1443.000000 -0.191706 -0.084625 0.000000 -0.000000 7.000000 0.060000
1444.000000 -0.191706 -0.084625 0.000000 -0.000000 7.000000 0.060000
1445.000000 -0.191706 -0.084625 0.000000 -0.000000 7.000000 0.060000
1446.000000 -0.191706 -0.084625 0.000000 -0.000000 7.000000 0.060000
1447.000000 -0.191706 -0.084625 0.000000 -0.000000 7.000000 0.060000
1448.000000 -0.191706 -0.084625 0.000000 -0.000000 7.000000 0.060000
1449.000000 -0.191706 -0.084625 0.000000 -0.000000 7.000000 0.060000
1450.000000 -0.191706 -0.084625 0.000000 -0.000000 7.000000 0.060000
1451.000000 -0.191706 -0.084625 0.000000 -0.000000 7.000000 0.060000
1452.000000 -0.191706 -0.084625 0.000000 -0.000000 7.000000 0.060000
1453.000000 -0.191706 -0.084625 0.000000 -0.000000 7.000000 0.060000
1454.000000 -0.191706 -0.084625 0.000000 -0.000000 7.000000 0.060000
1455.000000 -0.191706 -0.084625 0.000000 -0.000000 7.000000 0.060000
1456.000000 -0.191706 -0.084625 0.000000 -0.000000 7.000000 0.060000
1457.000000 -0.191706 -0.084625 0.000000 -0.000000 7.000000 0.060000
1458.000000 -0.191706 -0.084625 0.000000 -0.000000 7.000000 0.060000
1459.000000 -0.191706 -0.084625 0.000000 -0.000000 7.000000 0.060000
1460.000000 -0.191706 -0.084625 0.000000 -0.000000 7.000000 0.060000
1461.000000 -0.191706 -0.084625 0.000000 -0.000000 7.000000 0.060000
1462.000000 -0.191706 -0.084625 0.000000 -0.000000 7.000000 0.060000
1463.000000 -0.191706 -0.084625 0.000000 -0.000000 7.000000 0.060000
1464.000000 -0.191706 -0.084625 0.000000 -0.000000 7.000000 0.060000
1465.000000 -0.191706 -0.084625 0.000000 -0.000000 7.000000 0.060000
1466.000000 -0.191706 -0.084625 0.000000 -0.000000 7.000000 0.060000
1467.000000 -0.191706 -0.084625 0.000000 -0.000000 7.000000 0.060000
1468.000000 -0.191706 -0.084625 0.000000 -0.000000 7.000000 0.060000
1469.000000 -0.191706 -0.084625 0.000000 -0.000000 7.000000 0.060000
1470.000000 -0.191706 -0.084625 0.000000 -0.000000 7.000000 0.060000
1471.000000 -0.191706 -0.084625 0.000000 -0.000000 7.000000 0.060000
1472.000000 -0.191706 -0.084625 0.000000 -0.000000 7.000000 0.060000
1473.000000 -0.191706 -0.084625 0.000000 -0.000000 7.000000 0.060000
1474.000000 -0.191706 -0.084625 0.000000 -0.000000 7.000000 0.060000
1475.000000 -0.191706 -0.084625 0.000000 -0.000000 7.000000 0.060000
1476.000000 -0.191706 -0.084625 0.000000 -0.000000 7.000000 0.060000
1477.000000 -0.191706 -0.084625 0.000000 -0.000000 7.000000 0.060000
1478.000000 -0.191706 -0.084625 0.000000 -0.000000 7.000000 0.060000
1479.000000 -0.191706 -0.084625 0.000000 -0.000000 7.000000 0.060000
1480.000000 -0.191706 -0.084625 0.000000 -0.000000 7.000000 0.060000
1481.000000 -0.191706 -0.084625 0.000000 -0.000000 7.000000 0.060000
1482.000000 -0.191706 -0.084625 0.000000 -0.000000 7.000000 0.060000
1483.000000 -0.191706 -0.084625 0.000000 -0.000000 7.000000 0.060000
1484.000000 -0.191706 -0.084625 0.000000 -0.000000 7.000000 0.060000
1485.000000 -0.191706 -0.084625 0.000000 -0.000000 7.000000 0.060000
1486.000000 -0.191706 -0.084625 0.000000 -0.000000 7.000000 0.060000
1487.000000 -0.191706 -0.084625 0.000000 -0.000000 7.000000 0.060000
1488.000000 -0.191706 -0.084625 0.000000 -0.000000 7.000000 0.060000
1489.000000 -0.191706 -0.084625 0.000000 -0.000000 7.000000 0.060000
1490.000000 -0.191706 -0.084625 0.000000 -0.000000 7.000000 0.060000
1491.000000 -0.191706 -0.084625 0.000000 -0.000000 7.000000 0.060000
1492.000000 -0.191706 -0.084625 0.000000 -0.000000 7.000000 0.060000
1493.000000 -0.191706 -0.084625 0.000000 -0.000000 7.000000 0.060000
1494.000000 -0.191706 -0.084625 0.000000 -0.000000 7.000000 0.060000
1495.000000 -0.191706 -0.084625 0.000000 -0.000000 7.000000 0.060000
1496.000000 -0.191706 -0.084625 0.000000 -0.000000 7.000000 0.060000
1497.000000 -0.191706 -0.084625 0.000000 -0.000000 7.000000 0.060000
1498.000000 -0.191706 -0.084625 0.000000 -0.000000 7.000000 0.060000
1499.000000 -0.191706 -0.084625 0.000000 -0.000000 7.000000 0.060000
1500.000000 -0.191706 -0.084625 0.000000 -0.000000 7.000000 0.060000
1501.000000 -0.191706 -0.084625 0.000000 -0.000000 7.000000 0.060000
1502.000000 -0.191706 -0.084625 0.000000 -0.000000 7.000000 0.060000
1503.000000 -0.191706 -0.084625 0.000000 -0.000000 7.000000 0.060000
1504.000000 -0.191706 -0.084625 0.000000 -0.000000 7.000000 0.060000
1505.000000 -0.191706 -0.084625 0.000000 -0.000000 7.000000 0.060000
1506.000000 -0.191706 -0.084625 0.000000 -0.000000 7.000000 0.060000
1507.000000 -0.191706 -0.084625 0.000000 -0.000000 7.000000 0.060000
1508.000000 -0.191706 -0.084625 0.000000 -0.000000 7.000000 0.060000
1509.000000 -0.191706 -0.084625 0.000000 -0.000000 7.000000 0.060000
1510.000000 -0.191706 -0.084625 0.000000 -0.000000 7.000000 0.060000
1511.000000 -0.191706 -0.084625 0.000000 -0.000000 7.000000 0.060000
1512.000000 -0.191706 -0.084625 0.000000 -0.000000 7.000000 0.060000
1513.000000 -0.191706 -0.084625 0.000000 -0.000000 7.000000 0.060000
1514.000000 -0.191706 -0.084625 0.000000 -0.000000 7.000000 0.060000
1515.000000 -0.191706 -0.084625 0.000000 -0.000000 7.000000 0.060000
1516.000000 -0.191706 -0.084625 0.000000 -0.000000 7.000000 0.060000
1517.000000 -0.191706 -0.084625 0.000000 -0.000000 7.000000 0.060000
1518.000000 -0.191706 -0.084625 0.000000 -0.000000 7.000000 0.060000
1519.000000 -0.191706 -0.084625 0.000000 -0.000000 7.000000 0.060000
1520.000000 -0.191706 -0.084625 0.000000 -0.000000 7.000000 0.060000
1521.000000 -0.191706 -0.084625 0.000000 -0.000000 7.000000 0.060000
1522.000000 -0.191706 -0.084625 0.000000 -0.000000 7.000000 0.060000
1523.000000 -0.191706 -0.084625 0.000000 -0.000000 7.000000 0.060000
1524.000000 -0.191706 -0.084625 0.000000 -0.000000 7.000000 0.060000
1525.000000 -0.191706 -0.084625 0.000000 -0.000000 7.000000 0.060000
1526.000000 -0.191706 -0.084625 0.000000 -0.000000 7.000000 0.060000
1527.000000 -0.191706 -0.084625 0.000000 -0.000000 7.000000 0.060000
1528.000000 -0.191706 -0.084625 0.000000 -0.000000 7.000000 0.060000
1529.000000 -0.191706 -0.084625 0.000000 -0.000000 7.000000 0.060000
1530.000000 -0.191706 -0.084625 0.000000 -0.000000 7.000000 0.060000
1531.000000 -0.191706 -0.084625 0.000000 -0.000000 7.000000 0.060000
1532.000000 -0.191706 -0.084625 0.000000 -0.000000 7.000000 0.060000
1533.000000 -0.191706 -0.084625 0.000000 -0.000000 7.000000 0.060000
1534.000000 -0.191706 -0.084625 0.000000 -0.000000 7.000000 0.060000
1535.000000 -0.191706 -0.084625 0.000000 -0.000000 7.000000 0.060000
1536.000000 -0.191706 -0.084625 0.000000 -0.000000 7.000000 0.060000
1537.000000 -0.191706 -0.084625 0.000000 -0.000000 7.000000 0.060000
1538.000000 -0.191706 -0.084625 0.000000 -0.000000 7.000000 0.060000
1539.000000 -0.191706 -0.084625 0.000000 -0.000000 7.000000 0.060000
1540.000000 -0.191706 -0.084625 0.000000 -0.000000 7.000000 0.060000
1541.000000 -0.191706 -0.084625 0.000000 -0.000000 7.000000 0.060000
1542.000000 -0.191706 -0.084625 0.000000 -0.000000 7.000000 0.060000
1543.000000 -0.191706 -0.084625 0.000000 -0.000000 7.000000 0.060000
1544.000000 -0.191706 -0.084625 0.000000 -0.000000 7.000000 0.060000
1545.000000 -0.191706 -0.084625 0.000000 -0.000000 7.000000 0.060000
1546.000000 -0.191706 -0.084625 0.000000 -0.000000 7.000000 0.060000
1547.000000 -0.191706 -0.084625 0.000000 -0.000000 7.000000 0.060000
1548.000000 -0.191706 -0.084625 0.000000 -0.000000 7.000000 0.060000
1549.000000 -0.191706 -0.084625 0.000000 -0.000000 7.000000 0.060000
1550.000000 -0.191706 -0.084625 0.000000 -0.000000 7.000000 0.060000
1551.000000 -0.191706 -0.084625 0.000000 -0.000000 7.000000 0.060000
1552.000000 -0.191706 -0.084625 0.000000 -0.000000 7.000000 0.060000
1553.000000 -0.191706 -0.084625 0.000000 -0.000000 7.000000 0.060000
1554.000000 -0.191706 -0.084625 0.000000 -0.000000 7.000000 0.060000
1555.000000 -0.191706 -0.084625 0.000000 -0.000000 7.000000 0.060000
1556.000000 -0.191706 -0.084625 0.000000 -0.000000 7.000000 0.060000
1557.000000 -0.191706 -0.084625 0.000000 -0.000000 7.000000 0.060000
1558.000000 -0.191706 -0.084625 0.000000 -0.000000 7.000000 0.060000
1559.000000 -0.191706 -0.084625 0.000000 -0.000000 7.000000 0.060000
1560.000000 -0.191706 -0.084625 0.000000 -0.000000 7.000000 0.060000
1561.000000 -0.191706 -0.084625 0.000000 -0.000000 7.000000 0.060000
1562.000000 -0.191706 -0.084625 0.000000 -0.000000 7.000000 0.060000
1563.000000 -0.191706 -0.084625 0.000000 -0.000000 7.000000 0.060000
1564.000000 -0.191706 -0.084625 0.000000 -0.000000 7.000000 0.060000
1565.000000 -0.191706 -0.084625 0.000000 -0.000000 7.000000 0.060000
1566.000000 -0.191706 -0.084625 0.000000 -0.000000 7.000000 0.060000
1567.000000 -0.191706 -0.084625 0.000000 -0.000000 7.000000 0.060000
1568.000000 -0.191706 -0.084625 0.000000 -0.000000 7.000000 0.060000
1569.000000 -0.191706 -0.084625 0.000000 -0.000000 7.000000 0.060000
1570.000000 -0.191706 -0.084625 0.000000 -0.000000 7.000000 0.060000
1571.000000 -0.191706 -0.084625 0.000000 -0.000000 7.000000 0.060000
1572.000000 -0.191706 -0.084625 0.000000 -0.000000 7.000000 0.060000
1573.000000 -0.191706 -0.084625 0.000000 -0.000000 7.000000 0.060000
1574.000000 -0.191706 -0.084625 0.000000 -0.000000 7.000000 0.060000
1575.000000 -0.191706 -0.084625 0.000000 -0.000000 7.000000 0.060000
1576.000000 -0.191706 -0.084625 0.000000 -0.000000 7.000000 0.060000
1577.000000 -0.191706 -0.084625 0.000000 -0.000000 7.000000 0.060000
1578.000000 -0.191706 -0.084625 0.000000 -0.000000 7.000000 0.060000
1579.000000 -0.191706 -0.084625 0.000000 -0.000000 7.000000 0.060000
1580.000000 -0.191706 -0.084625 0.000000 -0.000000 7.000000 0.060000
1581.000000 -0.191706 -0.084625 0.000000 -0.000000 7.000000 0.060000
1582.000000 -0.191706 -0.084625 0.000000 -0.000000 7.000000 0.060000
1583.000000 -0.191706 -0.084625 0.000000 -0.000000 7.000000 0.060000
1584.000000 -0.191706 -0.084625 0.000000 -0.000000 7.000000 0.060000
1585.000000 -0.191706 -0.084625 0.000000 -0.000000 7.000000 0.060000
1586.000000 -0.191706 -0.084625 0.000000 -0.000000 7.000000 0.060000
1587.000000 -0.191706 -0.084625 0.000000 -0.000000 7.000000 0.060000
1588.000000 -0.191706 -0.084625 0.000000 -0.000000 7.000000 0.060000
1589.000000 -0.191706 -0.084625 0.000000 -0.000000 7.000000 0.060000
1590.000000 -0.191706 -0.084625 0.000000 -0.000000 7.000000 0.060000
1591.000000 -0.191706 -0.084625 0.000000 -0.000000 7.000000 0.060000
1592.000000 -0.191706 -0.084625 0.000000 -0.000000 7.000000 0.060000
1593.000000 -0.191706 -0.084625 0.000000 -0.000000 7.000000 0.060000
1594.000000 -0.191706 -0.084625 0.000000 -0.000000 7.000000 0.060000
1595.000000 -0.191706 -0.084625 0.000000 -0.000000 7.000000 0.060000
1596.000000 -0.191706 -0.084625 0.000000 -0.000000 7.000000 0.060000
1597.000000 -0.191706 -0.084625 0.000000 -0.000000 7.000000 0.060000
1598.000000 -0.191706 -0.084625 0.000000 -0.000000 7.000000 0.060000
1599.000000 -0.191706 -0.084625 0.000000 -0.000000 7.000000 0.060000
1600.000000 -0.191706 -0.084625 0.000000 -0.000000 7.000000 0.060000
1601.000000 -0.191706 -0.084625 0.000000 -0.000000 7.000000 0.060000
1602.000000 -0.191706 -0.084625 0.000000 -0.000000 7.000000 0.060000
1603.000000 -0.191706 -0.084625 0.000000 -0.000000 7.000000 0.060000
