# imt log
s logheadsize 000234
s logcolumns 7
s logname /home/testac/lgames/fitts/20180723_Mon/run1.103819.dat
s logversion 2.0
s logdate "Mon Jul 23 10:38:19 EDT 2018"
s logidate 1532356699

# begin user data

# end user data

#####
2992.000000 0.210151 0.004376 -0.000000 -0.000000 0.000000 0.000000
2993.000000 0.210151 0.004376 -0.000000 -0.000000 0.000000 0.000000
2994.000000 0.210151 0.004376 -0.000000 -0.000000 0.000000 0.000000
2995.000000 0.210151 0.004376 -0.000000 -0.000000 7.000000 0.044000
2996.000000 0.210151 0.004376 -0.000000 -0.000000 7.000000 0.044000
2997.000000 0.210151 0.004376 -0.000000 -0.000000 7.000000 0.044000
2998.000000 0.210151 0.004376 -0.000000 -0.000000 7.000000 0.044000
2999.000000 0.210151 0.004376 -0.000000 -0.000000 7.000000 0.044000
3000.000000 0.210151 0.004376 -0.000000 -0.000000 7.000000 0.044000
3001.000000 0.210151 0.004376 -0.000000 -0.000000 7.000000 0.044000
3002.000000 0.210151 0.004376 -0.000000 -0.000000 7.000000 0.044000
3003.000000 0.210151 0.004376 -0.000000 -0.000000 7.000000 0.044000
3004.000000 0.210151 0.004376 -0.000000 -0.000000 7.000000 0.044000
3005.000000 0.210151 0.004376 -0.000000 -0.000000 7.000000 0.044000
3006.000000 0.210151 0.004376 -0.000000 -0.000000 7.000000 0.044000
3007.000000 0.210151 0.004376 -0.000000 -0.000000 7.000000 0.044000
3008.000000 0.210151 0.004376 -0.000000 -0.000000 7.000000 0.044000
3009.000000 0.210151 0.004376 -0.000000 -0.000000 7.000000 0.044000
3010.000000 0.210151 0.004376 -0.000000 -0.000000 7.000000 0.044000
3011.000000 0.210151 0.004376 -0.000000 -0.000000 7.000000 0.044000
3012.000000 0.210151 0.004376 -0.000000 -0.000000 7.000000 0.044000
3013.000000 0.210151 0.004376 -0.000000 -0.000000 7.000000 0.044000
3014.000000 0.210151 0.004376 -0.000000 -0.000000 7.000000 0.044000
3015.000000 0.210151 0.004376 -0.000000 -0.000000 7.000000 0.044000
3016.000000 0.210151 0.004376 -0.000000 -0.000000 7.000000 0.044000
3017.000000 0.210151 0.004376 -0.000000 -0.000000 7.000000 0.044000
3018.000000 0.210151 0.004376 -0.000000 -0.000000 7.000000 0.044000
3019.000000 0.210151 0.004376 -0.000000 -0.000000 7.000000 0.044000
3020.000000 0.210151 0.004376 -0.000000 -0.000000 7.000000 0.044000
3021.000000 0.210151 0.004376 -0.000000 -0.000000 7.000000 0.044000
3022.000000 0.210151 0.004376 -0.000000 -0.000000 7.000000 0.044000
3023.000000 0.210151 0.004376 -0.000000 -0.000000 7.000000 0.044000
3024.000000 0.210151 0.004376 -0.000000 -0.000000 7.000000 0.044000
3025.000000 0.210151 0.004376 -0.000000 -0.000000 7.000000 0.044000
3026.000000 0.210151 0.004376 -0.000000 -0.000000 7.000000 0.044000
3027.000000 0.210151 0.004376 -0.000000 -0.000000 7.000000 0.044000
3028.000000 0.210151 0.004376 -0.000000 -0.000000 7.000000 0.044000
3029.000000 0.210151 0.004376 -0.000000 -0.000000 7.000000 0.044000
3030.000000 0.210151 0.004376 -0.000000 -0.000000 7.000000 0.044000
3031.000000 0.210151 0.004376 -0.000000 -0.000000 7.000000 0.044000
3032.000000 0.210151 0.004376 -0.000000 -0.000000 7.000000 0.044000
3033.000000 0.210151 0.004376 -0.000000 -0.000000 7.000000 0.044000
3034.000000 0.210151 0.004376 -0.000000 -0.000000 7.000000 0.044000
3035.000000 0.210151 0.004376 -0.000000 -0.000000 7.000000 0.044000
3036.000000 0.210151 0.004376 -0.000000 -0.000000 7.000000 0.044000
3037.000000 0.210151 0.004376 -0.000000 -0.000000 7.000000 0.044000
3038.000000 0.210151 0.004376 -0.000000 -0.000000 7.000000 0.044000
3039.000000 0.210151 0.004376 -0.000000 -0.000000 7.000000 0.044000
3040.000000 0.210151 0.004376 -0.000000 -0.000000 7.000000 0.044000
3041.000000 0.210151 0.004376 -0.000000 -0.000000 7.000000 0.044000
3042.000000 0.210151 0.004376 -0.000000 -0.000000 7.000000 0.044000
3043.000000 0.210151 0.004376 -0.000000 -0.000000 7.000000 0.044000
3044.000000 0.210151 0.004376 -0.000000 -0.000000 7.000000 0.044000
3045.000000 0.210151 0.004376 -0.000000 -0.000000 7.000000 0.044000
3046.000000 0.210151 0.004376 -0.000000 -0.000000 7.000000 0.044000
3047.000000 0.210151 0.004376 -0.000000 -0.000000 7.000000 0.044000
3048.000000 0.210151 0.004376 -0.000000 -0.000000 7.000000 0.044000
3049.000000 0.210151 0.004376 -0.000000 -0.000000 7.000000 0.044000
3050.000000 0.210151 0.004376 -0.000000 -0.000000 7.000000 0.044000
3051.000000 0.210151 0.004376 -0.000000 -0.000000 7.000000 0.044000
3052.000000 0.210151 0.004376 -0.000000 -0.000000 7.000000 0.044000
3053.000000 0.210151 0.004376 -0.000000 -0.000000 7.000000 0.044000
3054.000000 0.210151 0.004376 -0.000000 -0.000000 7.000000 0.044000
3055.000000 0.210151 0.004376 -0.000000 -0.000000 7.000000 0.044000
3056.000000 0.210151 0.004376 -0.000000 -0.000000 7.000000 0.044000
3057.000000 0.210151 0.004376 -0.000000 -0.000000 7.000000 0.044000
3058.000000 0.210151 0.004376 -0.000000 -0.000000 7.000000 0.044000
3059.000000 0.210151 0.004376 -0.000000 -0.000000 7.000000 0.044000
3060.000000 0.210151 0.004376 -0.000000 -0.000000 7.000000 0.044000
3061.000000 0.210151 0.004376 -0.000000 -0.000000 7.000000 0.044000
3062.000000 0.210151 0.004376 -0.000000 -0.000000 7.000000 0.044000
3063.000000 0.210151 0.004376 -0.000000 -0.000000 7.000000 0.044000
3064.000000 0.210151 0.004376 -0.000000 -0.000000 7.000000 0.044000
3065.000000 0.210151 0.004376 -0.000000 -0.000000 7.000000 0.044000
3066.000000 0.210151 0.004376 -0.000000 -0.000000 7.000000 0.044000
3067.000000 0.210151 0.004376 -0.000000 -0.000000 7.000000 0.044000
3068.000000 0.210151 0.004376 -0.000000 -0.000000 7.000000 0.044000
3069.000000 0.210151 0.004376 -0.000000 -0.000000 7.000000 0.044000
3070.000000 0.210151 0.004376 -0.000000 -0.000000 7.000000 0.044000
3071.000000 0.210151 0.004376 -0.000000 -0.000000 7.000000 0.044000
3072.000000 0.210151 0.004376 -0.000000 -0.000000 7.000000 0.044000
3073.000000 0.210151 0.004376 -0.000000 -0.000000 7.000000 0.044000
3074.000000 0.210151 0.004376 -0.000000 -0.000000 7.000000 0.044000
3075.000000 0.210151 0.004376 -0.000000 -0.000000 7.000000 0.044000
3076.000000 0.210151 0.004376 -0.000000 -0.000000 7.000000 0.044000
3077.000000 0.210151 0.004376 -0.000000 -0.000000 7.000000 0.044000
3078.000000 0.210151 0.004376 -0.000000 -0.000000 7.000000 0.044000
3079.000000 0.210151 0.004376 -0.000000 -0.000000 7.000000 0.044000
3080.000000 0.210151 0.004376 -0.000000 -0.000000 7.000000 0.044000
3081.000000 0.210151 0.004376 -0.000000 -0.000000 7.000000 0.044000
3082.000000 0.210151 0.004376 -0.000000 -0.000000 7.000000 0.044000
3083.000000 0.210151 0.004376 -0.000000 -0.000000 7.000000 0.044000
3084.000000 0.210151 0.004376 -0.000000 -0.000000 7.000000 0.044000
3085.000000 0.210151 0.004376 -0.000000 -0.000000 7.000000 0.044000
3086.000000 0.210151 0.004376 -0.000000 -0.000000 7.000000 0.044000
3087.000000 0.210151 0.004376 -0.000000 -0.000000 7.000000 0.044000
3088.000000 0.210151 0.004376 -0.000000 -0.000000 7.000000 0.044000
3089.000000 0.210151 0.004376 -0.000000 -0.000000 7.000000 0.044000
3090.000000 0.210151 0.004376 -0.000000 -0.000000 7.000000 0.044000
3091.000000 0.210151 0.004376 -0.000000 -0.000000 7.000000 0.044000
3092.000000 0.210151 0.004376 -0.000000 -0.000000 7.000000 0.044000
3093.000000 0.210151 0.004376 -0.000000 -0.000000 7.000000 0.044000
3094.000000 0.210151 0.004376 -0.000000 -0.000000 7.000000 0.044000
3095.000000 0.210151 0.004376 -0.000000 -0.000000 7.000000 0.044000
3096.000000 0.210151 0.004376 -0.000000 -0.000000 7.000000 0.044000
3097.000000 0.210151 0.004376 -0.000000 -0.000000 7.000000 0.044000
3098.000000 0.210151 0.004376 -0.000000 -0.000000 7.000000 0.044000
3099.000000 0.210151 0.004376 -0.000000 -0.000000 7.000000 0.044000
3100.000000 0.210151 0.004376 -0.000000 -0.000000 7.000000 0.044000
3101.000000 0.210151 0.004376 -0.000000 -0.000000 7.000000 0.044000
3102.000000 0.210151 0.004376 -0.000000 -0.000000 7.000000 0.044000
3103.000000 0.210151 0.004376 -0.000000 -0.000000 7.000000 0.044000
3104.000000 0.210151 0.004376 -0.000000 -0.000000 7.000000 0.044000
3105.000000 0.210151 0.004376 -0.000000 -0.000000 7.000000 0.044000
3106.000000 0.210151 0.004376 -0.000000 -0.000000 7.000000 0.044000
3107.000000 0.210151 0.004376 -0.000000 -0.000000 7.000000 0.044000
3108.000000 0.210151 0.004376 -0.000000 -0.000000 7.000000 0.044000
3109.000000 0.210151 0.004376 -0.000000 -0.000000 7.000000 0.044000
3110.000000 0.210151 0.004376 -0.000000 -0.000000 7.000000 0.044000
3111.000000 0.210151 0.004376 -0.000000 -0.000000 7.000000 0.044000
3112.000000 0.210151 0.004376 -0.000000 -0.000000 7.000000 0.044000
3113.000000 0.210151 0.004376 -0.000000 -0.000000 7.000000 0.044000
3114.000000 0.210151 0.004376 -0.000000 -0.000000 7.000000 0.044000
3115.000000 0.210151 0.004376 -0.000000 -0.000000 7.000000 0.044000
3116.000000 0.210151 0.004376 -0.000000 -0.000000 7.000000 0.044000
3117.000000 0.210151 0.004376 -0.000000 -0.000000 7.000000 0.044000
3118.000000 0.210151 0.004376 -0.000000 -0.000000 7.000000 0.044000
3119.000000 0.210151 0.004376 -0.000000 -0.000000 7.000000 0.044000
3120.000000 0.210151 0.004376 -0.000000 -0.000000 7.000000 0.044000
3121.000000 0.210151 0.004376 -0.000000 -0.000000 7.000000 0.044000
3122.000000 0.210151 0.004376 -0.000000 -0.000000 7.000000 0.044000
3123.000000 0.210151 0.004376 -0.000000 -0.000000 7.000000 0.044000
3124.000000 0.210151 0.004376 -0.000000 -0.000000 7.000000 0.044000
3125.000000 0.210151 0.004376 -0.000000 -0.000000 7.000000 0.044000
3126.000000 0.210151 0.004376 -0.000000 -0.000000 7.000000 0.044000
3127.000000 0.210151 0.004376 -0.000000 -0.000000 7.000000 0.044000
3128.000000 0.210151 0.004376 -0.000000 -0.000000 7.000000 0.044000
3129.000000 0.210151 0.004376 -0.000000 -0.000000 7.000000 0.044000
3130.000000 0.210151 0.004376 -0.000000 -0.000000 7.000000 0.044000
3131.000000 0.210151 0.004376 -0.000000 -0.000000 7.000000 0.044000
3132.000000 0.210151 0.004376 -0.000000 -0.000000 7.000000 0.044000
3133.000000 0.210151 0.004376 -0.000000 -0.000000 7.000000 0.044000
3134.000000 0.210151 0.004376 -0.000000 -0.000000 7.000000 0.044000
3135.000000 0.210151 0.004376 -0.000000 -0.000000 7.000000 0.044000
3136.000000 0.210151 0.004376 -0.000000 -0.000000 7.000000 0.044000
3137.000000 0.210151 0.004376 -0.000000 -0.000000 7.000000 0.044000
3138.000000 0.210151 0.004376 -0.000000 -0.000000 7.000000 0.044000
3139.000000 0.210151 0.004376 -0.000000 -0.000000 7.000000 0.044000
3140.000000 0.210151 0.004376 -0.000000 -0.000000 7.000000 0.044000
3141.000000 0.210151 0.004376 -0.000000 -0.000000 7.000000 0.044000
3142.000000 0.210151 0.004376 -0.000000 -0.000000 7.000000 0.044000
3143.000000 0.210151 0.004376 -0.000000 -0.000000 7.000000 0.044000
3144.000000 0.210151 0.004376 -0.000000 -0.000000 7.000000 0.044000
3145.000000 0.210151 0.004376 -0.000000 -0.000000 7.000000 0.044000
3146.000000 0.210151 0.004376 -0.000000 -0.000000 7.000000 0.044000
3147.000000 0.210151 0.004376 -0.000000 -0.000000 7.000000 0.044000
3148.000000 0.210151 0.004376 -0.000000 -0.000000 7.000000 0.044000
3149.000000 0.210151 0.004376 -0.000000 -0.000000 7.000000 0.044000
3150.000000 0.210151 0.004376 -0.000000 -0.000000 7.000000 0.044000
3151.000000 0.210151 0.004376 -0.000000 -0.000000 7.000000 0.044000
3152.000000 0.210151 0.004376 -0.000000 -0.000000 7.000000 0.044000
3153.000000 0.210151 0.004376 -0.000000 -0.000000 7.000000 0.044000
3154.000000 0.210151 0.004376 -0.000000 -0.000000 7.000000 0.044000
3155.000000 0.210151 0.004376 -0.000000 -0.000000 7.000000 0.044000
3156.000000 0.210151 0.004376 -0.000000 -0.000000 7.000000 0.044000
3157.000000 0.210151 0.004376 -0.000000 -0.000000 7.000000 0.044000
3158.000000 0.210151 0.004376 -0.000000 -0.000000 7.000000 0.044000
3159.000000 0.210151 0.004376 -0.000000 -0.000000 7.000000 0.044000
3160.000000 0.210151 0.004376 -0.000000 -0.000000 7.000000 0.044000
3161.000000 0.210151 0.004376 -0.000000 -0.000000 7.000000 0.044000
3162.000000 0.210151 0.004376 -0.000000 -0.000000 7.000000 0.044000
3163.000000 0.210151 0.004376 -0.000000 -0.000000 7.000000 0.044000
3164.000000 0.210151 0.004376 -0.000000 -0.000000 7.000000 0.044000
3165.000000 0.210151 0.004376 -0.000000 -0.000000 7.000000 0.044000
3166.000000 0.210151 0.004376 -0.000000 -0.000000 7.000000 0.044000
3167.000000 0.210151 0.004376 -0.000000 -0.000000 7.000000 0.044000
3168.000000 0.210151 0.004376 -0.000000 -0.000000 7.000000 0.044000
3169.000000 0.210151 0.004376 -0.000000 -0.000000 7.000000 0.044000
3170.000000 0.210151 0.004376 -0.000000 -0.000000 7.000000 0.044000
3171.000000 0.210151 0.004376 -0.000000 -0.000000 7.000000 0.044000
3172.000000 0.210151 0.004376 -0.000000 -0.000000 7.000000 0.044000
3173.000000 0.210151 0.004376 -0.000000 -0.000000 7.000000 0.044000
3174.000000 0.210151 0.004376 -0.000000 -0.000000 7.000000 0.044000
3175.000000 0.210151 0.004376 -0.000000 -0.000000 7.000000 0.044000
3176.000000 0.210151 0.004376 -0.000000 -0.000000 7.000000 0.044000
3177.000000 0.210151 0.004376 -0.000000 -0.000000 7.000000 0.044000
3178.000000 0.210151 0.004376 -0.000000 -0.000000 7.000000 0.044000
3179.000000 0.210151 0.004376 -0.000000 -0.000000 7.000000 0.044000
3180.000000 0.210151 0.004376 -0.000000 -0.000000 7.000000 0.044000
3181.000000 0.210151 0.004376 -0.000000 -0.000000 7.000000 0.044000
3182.000000 0.210151 0.004376 -0.000000 -0.000000 7.000000 0.044000
3183.000000 0.210151 0.004376 -0.000000 -0.000000 7.000000 0.044000
3184.000000 0.210151 0.004376 -0.000000 -0.000000 7.000000 0.044000
3185.000000 0.210151 0.004376 -0.000000 -0.000000 7.000000 0.044000
3186.000000 0.210151 0.004376 -0.000000 -0.000000 7.000000 0.044000
3187.000000 0.210151 0.004376 -0.000000 -0.000000 7.000000 0.044000
3188.000000 0.210151 0.004376 -0.000000 -0.000000 7.000000 0.044000
3189.000000 0.210151 0.004376 -0.000000 -0.000000 7.000000 0.044000
3190.000000 0.210151 0.004376 -0.000000 -0.000000 7.000000 0.044000
3191.000000 0.210151 0.004376 -0.000000 -0.000000 7.000000 0.044000
3192.000000 0.210151 0.004376 -0.000000 -0.000000 7.000000 0.044000
3193.000000 0.210151 0.004376 -0.000000 -0.000000 7.000000 0.044000
3194.000000 0.210151 0.004376 -0.000000 -0.000000 7.000000 0.044000
3195.000000 0.210151 0.004376 -0.000000 -0.000000 7.000000 0.044000
3196.000000 0.210151 0.004376 -0.000000 -0.000000 7.000000 0.044000
3197.000000 0.210151 0.004376 -0.000000 -0.000000 7.000000 0.044000
3198.000000 0.210151 0.004376 -0.000000 -0.000000 7.000000 0.044000
3199.000000 0.210151 0.004376 -0.000000 -0.000000 7.000000 0.044000
3200.000000 0.210151 0.004376 -0.000000 -0.000000 7.000000 0.044000
3201.000000 0.210151 0.004376 -0.000000 -0.000000 7.000000 0.044000
3202.000000 0.210151 0.004376 -0.000000 -0.000000 7.000000 0.044000
3203.000000 0.210151 0.004376 -0.000000 -0.000000 7.000000 0.044000
3204.000000 0.210151 0.004376 -0.000000 -0.000000 7.000000 0.044000
3205.000000 0.210151 0.004376 -0.000000 -0.000000 7.000000 0.044000
3206.000000 0.210151 0.004376 -0.000000 -0.000000 7.000000 0.044000
3207.000000 0.210151 0.004376 -0.000000 -0.000000 7.000000 0.044000
3208.000000 0.210151 0.004376 -0.000000 -0.000000 7.000000 0.044000
3209.000000 0.210151 0.004376 -0.000000 -0.000000 7.000000 0.044000
3210.000000 0.210151 0.004376 -0.000000 -0.000000 7.000000 0.044000
3211.000000 0.210151 0.004376 -0.000000 -0.000000 7.000000 0.044000
3212.000000 0.210151 0.004376 -0.000000 -0.000000 7.000000 0.044000
3213.000000 0.210151 0.004376 -0.000000 -0.000000 7.000000 0.044000
3214.000000 0.210151 0.004376 -0.000000 -0.000000 7.000000 0.044000
3215.000000 0.210151 0.004376 -0.000000 -0.000000 7.000000 0.044000
3216.000000 0.210151 0.004376 -0.000000 -0.000000 7.000000 0.044000
3217.000000 0.210151 0.004376 -0.000000 -0.000000 7.000000 0.044000
3218.000000 0.210151 0.004376 -0.000000 -0.000000 7.000000 0.044000
3219.000000 0.210151 0.004376 -0.000000 -0.000000 7.000000 0.044000
3220.000000 0.210151 0.004376 -0.000000 -0.000000 7.000000 0.044000
3221.000000 0.210151 0.004376 -0.000000 -0.000000 7.000000 0.044000
3222.000000 0.210151 0.004376 -0.000000 -0.000000 7.000000 0.044000
3223.000000 0.210151 0.004376 -0.000000 -0.000000 7.000000 0.044000
3224.000000 0.210151 0.004376 -0.000000 -0.000000 7.000000 0.044000
3225.000000 0.210151 0.004376 -0.000000 -0.000000 7.000000 0.044000
3226.000000 0.210151 0.004376 -0.000000 -0.000000 7.000000 0.044000
3227.000000 0.210151 0.004376 -0.000000 -0.000000 7.000000 0.044000
3228.000000 0.210151 0.004376 -0.000000 -0.000000 7.000000 0.044000
3229.000000 0.210151 0.004376 -0.000000 -0.000000 7.000000 0.044000
3230.000000 0.210151 0.004376 -0.000000 -0.000000 7.000000 0.044000
3231.000000 0.210151 0.004376 -0.000000 -0.000000 7.000000 0.044000
3232.000000 0.210151 0.004376 -0.000000 -0.000000 7.000000 0.044000
3233.000000 0.210151 0.004376 -0.000000 -0.000000 7.000000 0.044000
3234.000000 0.210151 0.004376 -0.000000 -0.000000 7.000000 0.044000
3235.000000 0.210151 0.004376 -0.000000 -0.000000 7.000000 0.044000
3236.000000 0.210151 0.004376 -0.000000 -0.000000 7.000000 0.044000
3237.000000 0.210151 0.004376 -0.000000 -0.000000 7.000000 0.044000
3238.000000 0.210151 0.004376 -0.000000 -0.000000 7.000000 0.044000
3239.000000 0.210151 0.004376 -0.000000 -0.000000 7.000000 0.044000
3240.000000 0.210151 0.004376 -0.000000 -0.000000 7.000000 0.044000
3241.000000 0.210151 0.004376 -0.000000 -0.000000 7.000000 0.044000
3242.000000 0.210151 0.004376 -0.000000 -0.000000 7.000000 0.044000
3243.000000 0.210151 0.004376 -0.000000 -0.000000 7.000000 0.044000
3244.000000 0.210151 0.004376 -0.000000 -0.000000 7.000000 0.044000
3245.000000 0.210151 0.004376 -0.000000 -0.000000 7.000000 0.044000
3246.000000 0.210151 0.004376 -0.000000 -0.000000 7.000000 0.044000
3247.000000 0.210151 0.004376 -0.000000 -0.000000 7.000000 0.044000
3248.000000 0.210151 0.004376 -0.000000 -0.000000 7.000000 0.044000
3249.000000 0.210151 0.004376 -0.000000 -0.000000 7.000000 0.044000
3250.000000 0.210151 0.004376 -0.000000 -0.000000 7.000000 0.044000
3251.000000 0.210151 0.004376 -0.000000 -0.000000 7.000000 0.044000
3252.000000 0.210151 0.004376 -0.000000 -0.000000 7.000000 0.044000
3253.000000 0.210151 0.004376 -0.000000 -0.000000 7.000000 0.044000
3254.000000 0.210151 0.004376 -0.000000 -0.000000 7.000000 0.044000
3255.000000 0.210151 0.004376 -0.000000 -0.000000 7.000000 0.044000
3256.000000 0.210151 0.004376 -0.000000 -0.000000 7.000000 0.044000
3257.000000 0.210151 0.004376 -0.000000 -0.000000 7.000000 0.044000
3258.000000 0.210151 0.004376 -0.000000 -0.000000 7.000000 0.044000
3259.000000 0.210151 0.004376 -0.000000 -0.000000 7.000000 0.044000
3260.000000 0.210151 0.004376 -0.000000 -0.000000 7.000000 0.044000
3261.000000 0.210151 0.004376 -0.000000 -0.000000 7.000000 0.044000
3262.000000 0.210151 0.004376 -0.000000 -0.000000 7.000000 0.044000
3263.000000 0.210151 0.004376 -0.000000 -0.000000 7.000000 0.044000
3264.000000 0.210151 0.004376 -0.000000 -0.000000 7.000000 0.044000
3265.000000 0.210151 0.004376 -0.000000 -0.000000 7.000000 0.044000
3266.000000 0.210151 0.004376 -0.000000 -0.000000 7.000000 0.044000
3267.000000 0.210151 0.004376 -0.000000 -0.000000 7.000000 0.044000
3268.000000 0.210151 0.004376 -0.000000 -0.000000 7.000000 0.044000
3269.000000 0.210151 0.004376 -0.000000 -0.000000 7.000000 0.044000
3270.000000 0.210151 0.004376 -0.000000 -0.000000 7.000000 0.044000
3271.000000 0.210151 0.004376 -0.000000 -0.000000 7.000000 0.044000
3272.000000 0.210151 0.004376 -0.000000 -0.000000 7.000000 0.044000
3273.000000 0.210151 0.004376 -0.000000 -0.000000 7.000000 0.044000
3274.000000 0.210151 0.004376 -0.000000 -0.000000 7.000000 0.044000
3275.000000 0.210151 0.004376 -0.000000 -0.000000 7.000000 0.044000
3276.000000 0.210151 0.004376 -0.000000 -0.000000 7.000000 0.044000
3277.000000 0.210151 0.004376 -0.000000 -0.000000 7.000000 0.044000
3278.000000 0.210151 0.004376 -0.000000 -0.000000 7.000000 0.044000
3279.000000 0.210151 0.004376 -0.000000 -0.000000 7.000000 0.044000
3280.000000 0.210151 0.004376 -0.000000 -0.000000 7.000000 0.044000
3281.000000 0.210151 0.004376 -0.000000 -0.000000 7.000000 0.044000
3282.000000 0.210151 0.004376 -0.000000 -0.000000 7.000000 0.044000
3283.000000 0.210151 0.004376 -0.000000 -0.000000 7.000000 0.044000
3284.000000 0.210151 0.004376 -0.000000 -0.000000 7.000000 0.044000
3285.000000 0.210151 0.004376 -0.000000 -0.000000 7.000000 0.044000
3286.000000 0.210151 0.004376 -0.000000 -0.000000 7.000000 0.044000
3287.000000 0.210151 0.004376 -0.000000 -0.000000 7.000000 0.044000
3288.000000 0.210151 0.004376 -0.000000 -0.000000 7.000000 0.044000
3289.000000 0.210151 0.004376 -0.000000 -0.000000 7.000000 0.044000
3290.000000 0.210151 0.004376 -0.000000 -0.000000 7.000000 0.044000
3291.000000 0.210151 0.004376 -0.000000 -0.000000 7.000000 0.044000
3292.000000 0.210151 0.004376 -0.000000 -0.000000 7.000000 0.044000
3293.000000 0.210151 0.004376 -0.000000 -0.000000 7.000000 0.044000
3294.000000 0.210151 0.004376 -0.000000 -0.000000 7.000000 0.044000
3295.000000 0.210151 0.004376 -0.000000 -0.000000 7.000000 0.044000
3296.000000 0.210151 0.004376 -0.000000 -0.000000 7.000000 0.044000
3297.000000 0.210151 0.004376 -0.000000 -0.000000 7.000000 0.044000
3298.000000 0.210151 0.004376 -0.000000 -0.000000 7.000000 0.044000
3299.000000 0.210151 0.004376 -0.000000 -0.000000 7.000000 0.044000
3300.000000 0.210151 0.004376 -0.000000 -0.000000 7.000000 0.044000
3301.000000 0.210151 0.004376 -0.000000 -0.000000 7.000000 0.044000
3302.000000 0.210151 0.004376 -0.000000 -0.000000 7.000000 0.044000
3303.000000 0.210151 0.004376 -0.000000 -0.000000 7.000000 0.044000
3304.000000 0.210151 0.004376 -0.000000 -0.000000 7.000000 0.044000
3305.000000 0.210151 0.004376 -0.000000 -0.000000 7.000000 0.044000
3306.000000 0.210151 0.004376 -0.000000 -0.000000 7.000000 0.044000
3307.000000 0.210151 0.004376 -0.000000 -0.000000 7.000000 0.044000
3308.000000 0.210151 0.004376 -0.000000 -0.000000 7.000000 0.044000
3309.000000 0.210151 0.004376 -0.000000 -0.000000 7.000000 0.044000
3310.000000 0.210151 0.004376 -0.000000 -0.000000 7.000000 0.044000
3311.000000 0.210151 0.004376 -0.000000 -0.000000 7.000000 0.044000
3312.000000 0.210151 0.004376 -0.000000 -0.000000 7.000000 0.044000
3313.000000 0.210151 0.004376 -0.000000 -0.000000 7.000000 0.044000
3314.000000 0.210151 0.004376 -0.000000 -0.000000 7.000000 0.044000
3315.000000 0.210151 0.004376 -0.000000 -0.000000 7.000000 0.044000
3316.000000 0.210151 0.004376 -0.000000 -0.000000 7.000000 0.044000
3317.000000 0.210151 0.004376 -0.000000 -0.000000 7.000000 0.044000
3318.000000 0.210151 0.004376 -0.000000 -0.000000 7.000000 0.044000
3319.000000 0.210151 0.004376 -0.000000 -0.000000 7.000000 0.044000
3320.000000 0.210151 0.004376 -0.000000 -0.000000 7.000000 0.044000
3321.000000 0.210151 0.004376 -0.000000 -0.000000 7.000000 0.044000
3322.000000 0.210151 0.004376 -0.000000 -0.000000 7.000000 0.044000
3323.000000 0.210151 0.004376 -0.000000 -0.000000 7.000000 0.044000
3324.000000 0.210151 0.004376 -0.000000 -0.000000 7.000000 0.044000
3325.000000 0.210151 0.004376 -0.000000 -0.000000 7.000000 0.044000
3326.000000 0.210151 0.004376 -0.000000 -0.000000 7.000000 0.044000
3327.000000 0.210151 0.004376 -0.000000 -0.000000 7.000000 0.044000
3328.000000 0.210151 0.004376 -0.000000 -0.000000 7.000000 0.044000
3329.000000 0.210151 0.004376 -0.000000 -0.000000 7.000000 0.044000
3330.000000 0.210151 0.004376 -0.000000 -0.000000 7.000000 0.044000
3331.000000 0.210151 0.004376 -0.000000 -0.000000 7.000000 0.044000
3332.000000 0.210151 0.004376 -0.000000 -0.000000 7.000000 0.044000
3333.000000 0.210151 0.004376 -0.000000 -0.000000 7.000000 0.044000
3334.000000 0.210151 0.004376 -0.000000 -0.000000 7.000000 0.044000
3335.000000 0.210151 0.004376 -0.000000 -0.000000 7.000000 0.044000
3336.000000 0.210151 0.004376 -0.000000 -0.000000 7.000000 0.044000
3337.000000 0.210151 0.004376 -0.000000 -0.000000 7.000000 0.044000
3338.000000 0.210151 0.004376 -0.000000 -0.000000 7.000000 0.044000
3339.000000 0.210151 0.004376 -0.000000 -0.000000 7.000000 0.044000
3340.000000 0.210151 0.004376 -0.000000 -0.000000 7.000000 0.044000
3341.000000 0.210151 0.004376 -0.000000 -0.000000 7.000000 0.044000
3342.000000 0.210151 0.004376 -0.000000 -0.000000 7.000000 0.044000
3343.000000 0.210151 0.004376 -0.000000 -0.000000 7.000000 0.044000
3344.000000 0.210151 0.004376 -0.000000 -0.000000 7.000000 0.044000
3345.000000 0.210151 0.004376 -0.000000 -0.000000 7.000000 0.044000
3346.000000 0.210151 0.004376 -0.000000 -0.000000 7.000000 0.044000
3347.000000 0.210151 0.004376 -0.000000 -0.000000 7.000000 0.044000
3348.000000 0.210151 0.004376 -0.000000 -0.000000 7.000000 0.044000
3349.000000 0.210151 0.004376 -0.000000 -0.000000 7.000000 0.044000
3350.000000 0.210151 0.004376 -0.000000 -0.000000 7.000000 0.044000
3351.000000 0.210151 0.004376 -0.000000 -0.000000 7.000000 0.044000
3352.000000 0.210151 0.004376 -0.000000 -0.000000 7.000000 0.044000
3353.000000 0.210151 0.004376 -0.000000 -0.000000 7.000000 0.044000
3354.000000 0.210151 0.004376 -0.000000 -0.000000 7.000000 0.044000
3355.000000 0.210151 0.004376 -0.000000 -0.000000 7.000000 0.044000
3356.000000 0.210151 0.004376 -0.000000 -0.000000 7.000000 0.044000
3357.000000 0.210151 0.004376 -0.000000 -0.000000 7.000000 0.044000
3358.000000 0.210151 0.004376 -0.000000 -0.000000 7.000000 0.044000
3359.000000 0.210151 0.004376 -0.000000 -0.000000 7.000000 0.044000
3360.000000 0.210151 0.004376 -0.000000 -0.000000 7.000000 0.044000
3361.000000 0.210151 0.004376 -0.000000 -0.000000 7.000000 0.044000
3362.000000 0.210151 0.004376 -0.000000 -0.000000 7.000000 0.044000
3363.000000 0.210151 0.004376 -0.000000 -0.000000 7.000000 0.044000
3364.000000 0.210151 0.004376 -0.000000 -0.000000 7.000000 0.044000
3365.000000 0.210151 0.004376 -0.000000 -0.000000 7.000000 0.044000
3366.000000 0.210151 0.004376 -0.000000 -0.000000 7.000000 0.044000
3367.000000 0.210151 0.004376 -0.000000 -0.000000 7.000000 0.044000
3368.000000 0.210151 0.004376 -0.000000 -0.000000 7.000000 0.044000
3369.000000 0.210151 0.004376 -0.000000 -0.000000 7.000000 0.044000
3370.000000 0.210151 0.004376 -0.000000 -0.000000 7.000000 0.044000
3371.000000 0.210151 0.004376 -0.000000 -0.000000 7.000000 0.044000
3372.000000 0.210151 0.004376 -0.000000 -0.000000 7.000000 0.044000
3373.000000 0.210151 0.004376 -0.000000 -0.000000 7.000000 0.044000
3374.000000 0.210151 0.004376 -0.000000 -0.000000 7.000000 0.044000
3375.000000 0.210151 0.004376 -0.000000 -0.000000 7.000000 0.044000
3376.000000 0.210151 0.004376 -0.000000 -0.000000 7.000000 0.044000
3377.000000 0.210151 0.004376 -0.000000 -0.000000 7.000000 0.044000
3378.000000 0.210151 0.004376 -0.000000 -0.000000 7.000000 0.044000
3379.000000 0.210151 0.004376 -0.000000 -0.000000 7.000000 0.044000
3380.000000 0.210151 0.004376 -0.000000 -0.000000 7.000000 0.044000
3381.000000 0.210151 0.004376 -0.000000 -0.000000 7.000000 0.044000
3382.000000 0.210151 0.004376 -0.000000 -0.000000 7.000000 0.044000
3383.000000 0.210151 0.004376 -0.000000 -0.000000 7.000000 0.044000
3384.000000 0.210151 0.004376 -0.000000 -0.000000 7.000000 0.044000
3385.000000 0.210151 0.004376 -0.000000 -0.000000 7.000000 0.044000
3386.000000 0.210151 0.004376 -0.000000 -0.000000 7.000000 0.044000
3387.000000 0.210151 0.004376 -0.000000 -0.000000 7.000000 0.044000
3388.000000 0.210151 0.004376 -0.000000 -0.000000 7.000000 0.044000
3389.000000 0.210151 0.004376 -0.000000 -0.000000 7.000000 0.044000
3390.000000 0.210151 0.004376 -0.000000 -0.000000 7.000000 0.044000
3391.000000 0.210151 0.004376 -0.000000 -0.000000 7.000000 0.044000
3392.000000 0.210151 0.004376 -0.000000 -0.000000 7.000000 0.044000
3393.000000 0.210151 0.004376 -0.000000 -0.000000 7.000000 0.044000
3394.000000 0.210151 0.004376 -0.000000 -0.000000 7.000000 0.044000
3395.000000 0.210151 0.004376 -0.000000 -0.000000 7.000000 0.044000
3396.000000 0.210151 0.004376 -0.000000 -0.000000 7.000000 0.044000
3397.000000 0.210151 0.004376 -0.000000 -0.000000 7.000000 0.044000
3398.000000 0.210151 0.004376 -0.000000 -0.000000 7.000000 0.044000
3399.000000 0.210151 0.004376 -0.000000 -0.000000 7.000000 0.044000
3400.000000 0.210151 0.004376 -0.000000 -0.000000 7.000000 0.044000
3401.000000 0.210151 0.004376 -0.000000 -0.000000 7.000000 0.044000
3402.000000 0.210151 0.004376 -0.000000 -0.000000 7.000000 0.044000
3403.000000 0.210151 0.004376 -0.000000 -0.000000 7.000000 0.044000
3404.000000 0.210151 0.004376 -0.000000 -0.000000 7.000000 0.044000
3405.000000 0.210151 0.004376 -0.000000 -0.000000 7.000000 0.044000
3406.000000 0.210151 0.004376 -0.000000 -0.000000 7.000000 0.044000
3407.000000 0.210151 0.004376 -0.000000 -0.000000 7.000000 0.044000
3408.000000 0.210151 0.004376 -0.000000 -0.000000 7.000000 0.044000
3409.000000 0.210151 0.004376 -0.000000 -0.000000 7.000000 0.044000
3410.000000 0.210151 0.004376 -0.000000 -0.000000 7.000000 0.044000
3411.000000 0.210151 0.004376 -0.000000 -0.000000 7.000000 0.044000
3412.000000 0.210151 0.004376 -0.000000 -0.000000 7.000000 0.044000
3413.000000 0.210151 0.004376 -0.000000 -0.000000 7.000000 0.044000
3414.000000 0.210151 0.004376 -0.000000 -0.000000 7.000000 0.044000
3415.000000 0.210151 0.004376 -0.000000 -0.000000 7.000000 0.044000
3416.000000 0.210151 0.004376 -0.000000 -0.000000 7.000000 0.044000
3417.000000 0.210151 0.004376 -0.000000 -0.000000 7.000000 0.044000
3418.000000 0.210151 0.004376 -0.000000 -0.000000 7.000000 0.044000
3419.000000 0.210151 0.004376 -0.000000 -0.000000 7.000000 0.044000
3420.000000 0.210151 0.004376 -0.000000 -0.000000 7.000000 0.044000
3421.000000 0.210151 0.004376 -0.000000 -0.000000 7.000000 0.044000
3422.000000 0.210151 0.004376 -0.000000 -0.000000 7.000000 0.044000
3423.000000 0.210151 0.004376 -0.000000 -0.000000 7.000000 0.044000
3424.000000 0.210151 0.004376 -0.000000 -0.000000 7.000000 0.044000
3425.000000 0.210151 0.004376 -0.000000 -0.000000 7.000000 0.044000
3426.000000 0.210151 0.004376 -0.000000 -0.000000 7.000000 0.044000
3427.000000 0.210151 0.004376 -0.000000 -0.000000 7.000000 0.044000
3428.000000 0.210151 0.004376 -0.000000 -0.000000 7.000000 0.044000
3429.000000 0.210151 0.004376 -0.000000 -0.000000 7.000000 0.044000
3430.000000 0.210151 0.004376 -0.000000 -0.000000 7.000000 0.044000
3431.000000 0.210151 0.004376 -0.000000 -0.000000 7.000000 0.044000
3432.000000 0.210151 0.004376 -0.000000 -0.000000 7.000000 0.044000
3433.000000 0.210151 0.004376 -0.000000 -0.000000 7.000000 0.044000
3434.000000 0.210151 0.004376 -0.000000 -0.000000 7.000000 0.044000
3435.000000 0.210151 0.004376 -0.000000 -0.000000 7.000000 0.044000
3436.000000 0.210151 0.004376 -0.000000 -0.000000 7.000000 0.044000
3437.000000 0.210151 0.004376 -0.000000 -0.000000 7.000000 0.044000
3438.000000 0.210151 0.004376 -0.000000 -0.000000 7.000000 0.044000
3439.000000 0.210151 0.004376 -0.000000 -0.000000 7.000000 0.044000
3440.000000 0.210151 0.004376 -0.000000 -0.000000 7.000000 0.044000
3441.000000 0.210151 0.004376 -0.000000 -0.000000 7.000000 0.044000
3442.000000 0.210151 0.004376 -0.000000 -0.000000 7.000000 0.044000
3443.000000 0.210151 0.004376 -0.000000 -0.000000 7.000000 0.044000
3444.000000 0.210151 0.004376 -0.000000 -0.000000 7.000000 0.044000
3445.000000 0.210151 0.004376 -0.000000 -0.000000 7.000000 0.044000
3446.000000 0.210151 0.004376 -0.000000 -0.000000 7.000000 0.044000
3447.000000 0.210151 0.004376 -0.000000 -0.000000 7.000000 0.044000
3448.000000 0.210151 0.004376 -0.000000 -0.000000 7.000000 0.044000
3449.000000 0.210151 0.004376 -0.000000 -0.000000 7.000000 0.044000
3450.000000 0.210151 0.004376 -0.000000 -0.000000 7.000000 0.044000
3451.000000 0.210151 0.004376 -0.000000 -0.000000 7.000000 0.044000
3452.000000 0.210151 0.004376 -0.000000 -0.000000 7.000000 0.044000
3453.000000 0.210151 0.004376 -0.000000 -0.000000 7.000000 0.044000
3454.000000 0.210151 0.004376 -0.000000 -0.000000 7.000000 0.044000
3455.000000 0.210151 0.004376 -0.000000 -0.000000 7.000000 0.044000
3456.000000 0.210151 0.004376 -0.000000 -0.000000 7.000000 0.044000
3457.000000 0.210151 0.004376 -0.000000 -0.000000 7.000000 0.044000
3458.000000 0.210151 0.004376 -0.000000 -0.000000 7.000000 0.044000
3459.000000 0.210151 0.004376 -0.000000 -0.000000 7.000000 0.044000
3460.000000 0.210151 0.004376 -0.000000 -0.000000 7.000000 0.044000
3461.000000 0.210151 0.004376 -0.000000 -0.000000 7.000000 0.044000
3462.000000 0.210151 0.004376 -0.000000 -0.000000 7.000000 0.044000
3463.000000 0.210151 0.004376 -0.000000 -0.000000 7.000000 0.044000
3464.000000 0.210151 0.004376 -0.000000 -0.000000 7.000000 0.044000
3465.000000 0.210151 0.004376 -0.000000 -0.000000 7.000000 0.044000
3466.000000 0.210151 0.004376 -0.000000 -0.000000 7.000000 0.044000
3467.000000 0.210151 0.004376 -0.000000 -0.000000 7.000000 0.044000
3468.000000 0.210151 0.004376 -0.000000 -0.000000 7.000000 0.044000
3469.000000 0.210151 0.004376 -0.000000 -0.000000 7.000000 0.044000
3470.000000 0.210151 0.004376 -0.000000 -0.000000 7.000000 0.044000
3471.000000 0.210151 0.004376 -0.000000 -0.000000 7.000000 0.044000
3472.000000 0.210151 0.004376 -0.000000 -0.000000 7.000000 0.044000
3473.000000 0.210151 0.004376 -0.000000 -0.000000 7.000000 0.044000
3474.000000 0.210151 0.004376 -0.000000 -0.000000 7.000000 0.044000
3475.000000 0.210151 0.004376 -0.000000 -0.000000 7.000000 0.044000
3476.000000 0.210151 0.004376 -0.000000 -0.000000 7.000000 0.044000
3477.000000 0.210151 0.004376 -0.000000 -0.000000 7.000000 0.044000
3478.000000 0.210151 0.004376 -0.000000 -0.000000 7.000000 0.044000
3479.000000 0.210151 0.004376 -0.000000 -0.000000 7.000000 0.044000
3480.000000 0.210151 0.004376 -0.000000 -0.000000 7.000000 0.044000
3481.000000 0.210151 0.004376 -0.000000 -0.000000 7.000000 0.044000
3482.000000 0.210151 0.004376 -0.000000 -0.000000 7.000000 0.044000
3483.000000 0.210151 0.004376 -0.000000 -0.000000 7.000000 0.044000
3484.000000 0.210151 0.004376 -0.000000 -0.000000 7.000000 0.044000
3485.000000 0.210151 0.004376 -0.000000 -0.000000 7.000000 0.044000
3486.000000 0.210151 0.004376 -0.000000 -0.000000 7.000000 0.044000
3487.000000 0.210151 0.004376 -0.000000 -0.000000 7.000000 0.044000
3488.000000 0.210151 0.004376 -0.000000 -0.000000 7.000000 0.044000
3489.000000 0.210151 0.004376 -0.000000 -0.000000 7.000000 0.044000
3490.000000 0.210151 0.004376 -0.000000 -0.000000 7.000000 0.044000
3491.000000 0.210151 0.004376 -0.000000 -0.000000 7.000000 0.044000
3492.000000 0.210151 0.004376 -0.000000 -0.000000 7.000000 0.044000
3493.000000 0.210151 0.004376 -0.000000 -0.000000 7.000000 0.044000
3494.000000 0.210151 0.004376 -0.000000 -0.000000 7.000000 0.044000
3495.000000 0.210151 0.004376 -0.000000 -0.000000 7.000000 0.044000
3496.000000 0.210151 0.004376 -0.000000 -0.000000 7.000000 0.044000
3497.000000 0.210151 0.004376 -0.000000 -0.000000 7.000000 0.044000
3498.000000 0.210151 0.004376 -0.000000 -0.000000 7.000000 0.044000
3499.000000 0.210151 0.004376 -0.000000 -0.000000 7.000000 0.044000
3500.000000 0.210151 0.004376 -0.000000 -0.000000 7.000000 0.044000
3501.000000 0.210151 0.004376 -0.000000 -0.000000 7.000000 0.044000
3502.000000 0.210151 0.004376 -0.000000 -0.000000 7.000000 0.044000
3503.000000 0.210151 0.004376 -0.000000 -0.000000 7.000000 0.044000
3504.000000 0.210151 0.004376 -0.000000 -0.000000 7.000000 0.044000
3505.000000 0.210151 0.004376 -0.000000 -0.000000 7.000000 0.044000
3506.000000 0.210151 0.004376 -0.000000 -0.000000 7.000000 0.044000
3507.000000 0.210151 0.004376 -0.000000 -0.000000 7.000000 0.044000
3508.000000 0.210151 0.004376 -0.000000 -0.000000 7.000000 0.044000
3509.000000 0.210151 0.004376 -0.000000 -0.000000 7.000000 0.044000
3510.000000 0.210151 0.004376 -0.000000 -0.000000 7.000000 0.044000
3511.000000 0.210151 0.004376 -0.000000 -0.000000 7.000000 0.044000
3512.000000 0.210151 0.004376 -0.000000 -0.000000 7.000000 0.044000
3513.000000 0.210151 0.004376 -0.000000 -0.000000 7.000000 0.044000
3514.000000 0.210151 0.004376 -0.000000 -0.000000 7.000000 0.044000
3515.000000 0.210151 0.004376 -0.000000 -0.000000 7.000000 0.044000
3516.000000 0.210151 0.004376 -0.000000 -0.000000 7.000000 0.044000
3517.000000 0.210151 0.004376 -0.000000 -0.000000 7.000000 0.044000
3518.000000 0.210151 0.004376 -0.000000 -0.000000 7.000000 0.044000
3519.000000 0.210151 0.004376 -0.000000 -0.000000 7.000000 0.044000
3520.000000 0.210151 0.004376 -0.000000 -0.000000 7.000000 0.044000
3521.000000 0.210151 0.004376 -0.000000 -0.000000 7.000000 0.044000
3522.000000 0.210151 0.004376 -0.000000 -0.000000 7.000000 0.044000
3523.000000 0.210151 0.004376 -0.000000 -0.000000 7.000000 0.044000
3524.000000 0.210151 0.004376 -0.000000 -0.000000 7.000000 0.044000
3525.000000 0.210151 0.004376 -0.000000 -0.000000 7.000000 0.044000
3526.000000 0.210151 0.004376 -0.000000 -0.000000 7.000000 0.044000
3527.000000 0.210151 0.004376 -0.000000 -0.000000 7.000000 0.044000
3528.000000 0.210151 0.004376 -0.000000 -0.000000 7.000000 0.044000
3529.000000 0.210151 0.004376 -0.000000 -0.000000 7.000000 0.044000
3530.000000 0.210151 0.004376 -0.000000 -0.000000 7.000000 0.044000
3531.000000 0.210151 0.004376 -0.000000 -0.000000 7.000000 0.044000
3532.000000 0.210151 0.004376 -0.000000 -0.000000 7.000000 0.044000
3533.000000 0.210151 0.004376 -0.000000 -0.000000 7.000000 0.044000
3534.000000 0.210151 0.004376 -0.000000 -0.000000 7.000000 0.044000
3535.000000 0.210151 0.004376 -0.000000 -0.000000 7.000000 0.044000
3536.000000 0.210151 0.004376 -0.000000 -0.000000 7.000000 0.044000
3537.000000 0.210151 0.004376 -0.000000 -0.000000 7.000000 0.044000
3538.000000 0.210151 0.004376 -0.000000 -0.000000 7.000000 0.044000
3539.000000 0.210151 0.004376 -0.000000 -0.000000 7.000000 0.044000
3540.000000 0.210151 0.004376 -0.000000 -0.000000 7.000000 0.044000
3541.000000 0.210151 0.004376 -0.000000 -0.000000 7.000000 0.044000
3542.000000 0.210151 0.004376 -0.000000 -0.000000 7.000000 0.044000
3543.000000 0.210151 0.004376 -0.000000 -0.000000 7.000000 0.044000
3544.000000 0.210151 0.004376 -0.000000 -0.000000 7.000000 0.044000
3545.000000 0.210152 0.004415 0.000086 0.001909 7.000000 0.044000
3546.000000 0.210152 0.004415 0.000130 0.002881 7.000000 0.044000
3547.000000 0.210152 0.004415 0.000066 0.001468 7.000000 0.044000
3548.000000 0.210152 0.004415 0.000034 0.000748 7.000000 0.044000
3549.000000 0.210152 0.004415 0.000017 0.000381 7.000000 0.044000
3550.000000 0.210152 0.004415 0.000009 0.000194 7.000000 0.044000
3551.000000 0.210152 0.004415 0.000004 0.000099 7.000000 0.044000
3552.000000 0.210152 0.004415 0.000002 0.000050 7.000000 0.044000
3553.000000 0.210152 0.004415 0.000001 0.000026 7.000000 0.044000
3554.000000 0.210152 0.004415 0.000001 0.000013 7.000000 0.044000
3555.000000 0.210152 0.004415 0.000000 0.000007 7.000000 0.044000
3556.000000 0.210152 0.004415 0.000000 0.000003 7.000000 0.044000
3557.000000 0.210152 0.004415 0.000000 0.000002 7.000000 0.044000
3558.000000 0.210152 0.004415 0.000000 0.000001 7.000000 0.044000
3559.000000 0.210152 0.004415 0.000000 0.000000 7.000000 0.044000
3560.000000 0.210152 0.004415 0.000000 0.000000 7.000000 0.044000
3561.000000 0.210152 0.004415 0.000000 0.000000 7.000000 0.044000
3562.000000 0.210152 0.004415 0.000000 0.000000 7.000000 0.044000
3563.000000 0.210152 0.004415 0.000000 0.000000 7.000000 0.044000
3564.000000 0.210152 0.004415 0.000000 0.000000 7.000000 0.044000
3565.000000 0.210152 0.004415 0.000000 0.000000 7.000000 0.044000
3566.000000 0.210152 0.004415 0.000000 0.000000 7.000000 0.044000
3567.000000 0.210152 0.004415 0.000000 0.000000 7.000000 0.044000
3568.000000 0.210152 0.004415 0.000000 0.000000 7.000000 0.044000
3569.000000 0.210152 0.004415 0.000000 0.000000 7.000000 0.044000
3570.000000 0.210152 0.004415 0.000000 0.000000 7.000000 0.044000
3571.000000 0.210152 0.004415 0.000000 0.000000 7.000000 0.044000
3572.000000 0.210152 0.004415 0.000000 0.000000 7.000000 0.044000
3573.000000 0.210152 0.004415 0.000000 0.000000 7.000000 0.044000
3574.000000 0.210152 0.004415 0.000000 0.000000 7.000000 0.044000
3575.000000 0.210152 0.004415 0.000000 0.000000 7.000000 0.044000
3576.000000 0.210152 0.004415 0.000000 0.000000 7.000000 0.044000
3577.000000 0.210152 0.004415 0.000000 0.000000 7.000000 0.044000
3578.000000 0.210152 0.004415 0.000000 0.000000 7.000000 0.044000
3579.000000 0.210152 0.004415 0.000000 0.000000 7.000000 0.044000
3580.000000 0.210152 0.004415 0.000000 0.000000 7.000000 0.044000
3581.000000 0.210152 0.004415 0.000000 0.000000 7.000000 0.044000
3582.000000 0.210152 0.004415 0.000000 0.000000 7.000000 0.044000
3583.000000 0.210152 0.004415 0.000000 0.000000 7.000000 0.044000
3584.000000 0.210152 0.004415 0.000000 0.000000 7.000000 0.044000
3585.000000 0.210152 0.004415 0.000000 0.000000 7.000000 0.044000
3586.000000 0.210152 0.004415 0.000000 0.000000 7.000000 0.044000
3587.000000 0.210152 0.004415 0.000000 0.000000 7.000000 0.044000
3588.000000 0.210152 0.004415 0.000000 0.000000 7.000000 0.044000
3589.000000 0.210152 0.004415 0.000000 0.000000 7.000000 0.044000
3590.000000 0.210152 0.004415 0.000000 0.000000 7.000000 0.044000
3591.000000 0.210152 0.004415 0.000000 0.000000 7.000000 0.044000
3592.000000 0.210152 0.004415 0.000000 0.000000 7.000000 0.044000
3593.000000 0.210152 0.004415 0.000000 0.000000 7.000000 0.044000
3594.000000 0.210152 0.004415 0.000000 0.000000 7.000000 0.044000
3595.000000 0.210152 0.004415 0.000000 0.000000 7.000000 0.044000
3596.000000 0.210152 0.004415 0.000000 0.000000 7.000000 0.044000
3597.000000 0.210152 0.004415 0.000000 0.000000 7.000000 0.044000
3598.000000 0.210152 0.004415 0.000000 0.000000 7.000000 0.044000
3599.000000 0.210152 0.004415 0.000000 0.000000 7.000000 0.044000
3600.000000 0.210152 0.004415 0.000000 0.000000 7.000000 0.044000
3601.000000 0.210152 0.004415 0.000000 0.000000 7.000000 0.044000
3602.000000 0.210152 0.004415 0.000000 0.000000 7.000000 0.044000
3603.000000 0.210152 0.004415 0.000000 0.000000 7.000000 0.044000
3604.000000 0.210152 0.004415 0.000000 0.000000 7.000000 0.044000
3605.000000 0.210152 0.004415 0.000000 0.000000 7.000000 0.044000
3606.000000 0.210152 0.004415 0.000000 0.000000 7.000000 0.044000
3607.000000 0.210152 0.004415 0.000000 0.000000 7.000000 0.044000
3608.000000 0.210152 0.004415 0.000000 0.000000 7.000000 0.044000
3609.000000 0.210152 0.004415 0.000000 0.000000 7.000000 0.044000
3610.000000 0.210152 0.004415 0.000000 0.000000 7.000000 0.044000
3611.000000 0.210152 0.004415 0.000000 0.000000 7.000000 0.044000
3612.000000 0.210152 0.004415 0.000000 0.000000 7.000000 0.044000
3613.000000 0.210152 0.004415 0.000000 0.000000 7.000000 0.044000
3614.000000 0.210152 0.004415 0.000000 0.000000 7.000000 0.044000
3615.000000 0.210152 0.004415 0.000000 0.000000 7.000000 0.044000
3616.000000 0.210152 0.004415 0.000000 0.000000 7.000000 0.044000
3617.000000 0.210152 0.004415 0.000000 0.000000 7.000000 0.044000
3618.000000 0.210152 0.004415 0.000000 0.000000 7.000000 0.044000
3619.000000 0.210152 0.004415 0.000000 0.000000 7.000000 0.044000
3620.000000 0.210152 0.004415 0.000000 0.000000 7.000000 0.044000
3621.000000 0.210152 0.004415 0.000000 0.000000 7.000000 0.044000
3622.000000 0.210152 0.004415 0.000000 0.000000 7.000000 0.044000
3623.000000 0.210152 0.004415 0.000000 0.000000 7.000000 0.044000
3624.000000 0.210152 0.004415 0.000000 0.000000 7.000000 0.044000
3625.000000 0.210152 0.004415 0.000000 0.000000 7.000000 0.044000
3626.000000 0.210152 0.004415 0.000000 0.000000 7.000000 0.044000
3627.000000 0.210152 0.004415 0.000000 0.000000 7.000000 0.044000
3628.000000 0.210152 0.004415 0.000000 0.000000 7.000000 0.044000
3629.000000 0.210152 0.004415 0.000000 0.000000 7.000000 0.044000
3630.000000 0.210152 0.004415 0.000000 0.000000 7.000000 0.044000
3631.000000 0.210152 0.004415 0.000000 0.000000 7.000000 0.044000
3632.000000 0.210152 0.004415 0.000000 0.000000 7.000000 0.044000
3633.000000 0.210152 0.004415 0.000000 0.000000 7.000000 0.044000
3634.000000 0.210152 0.004415 0.000000 0.000000 7.000000 0.044000
3635.000000 0.210152 0.004415 0.000000 0.000000 7.000000 0.044000
3636.000000 0.210152 0.004415 0.000000 0.000000 7.000000 0.044000
3637.000000 0.210152 0.004415 0.000000 0.000000 7.000000 0.044000
3638.000000 0.210152 0.004415 0.000000 0.000000 7.000000 0.044000
3639.000000 0.210152 0.004415 0.000000 0.000000 7.000000 0.044000
3640.000000 0.210152 0.004415 0.000000 0.000000 7.000000 0.044000
3641.000000 0.210152 0.004415 0.000000 0.000000 7.000000 0.044000
3642.000000 0.210152 0.004415 0.000000 0.000000 7.000000 0.044000
3643.000000 0.210152 0.004415 0.000000 0.000000 7.000000 0.044000
3644.000000 0.210152 0.004415 0.000000 0.000000 7.000000 0.044000
3645.000000 0.210152 0.004415 0.000000 0.000000 7.000000 0.044000
3646.000000 0.210152 0.004415 0.000000 0.000000 7.000000 0.044000
3647.000000 0.210152 0.004415 0.000000 0.000000 7.000000 0.044000
3648.000000 0.210152 0.004415 0.000000 0.000000 7.000000 0.044000
3649.000000 0.210152 0.004415 0.000000 0.000000 7.000000 0.044000
3650.000000 0.210152 0.004415 0.000000 0.000000 7.000000 0.044000
3651.000000 0.210152 0.004415 0.000000 0.000000 7.000000 0.044000
3652.000000 0.210152 0.004415 0.000000 0.000000 7.000000 0.044000
3653.000000 0.210152 0.004415 0.000000 0.000000 7.000000 0.044000
3654.000000 0.210152 0.004415 0.000000 0.000000 7.000000 0.044000
3655.000000 0.210152 0.004415 0.000000 0.000000 7.000000 0.044000
3656.000000 0.210152 0.004415 0.000000 0.000000 7.000000 0.044000
3657.000000 0.210152 0.004415 0.000000 0.000000 7.000000 0.044000
3658.000000 0.210152 0.004415 0.000000 0.000000 7.000000 0.044000
3659.000000 0.210152 0.004415 0.000000 0.000000 7.000000 0.044000
3660.000000 0.210152 0.004415 0.000000 0.000000 7.000000 0.044000
3661.000000 0.210152 0.004415 0.000000 0.000000 7.000000 0.044000
3662.000000 0.210152 0.004415 0.000000 0.000000 7.000000 0.044000
3663.000000 0.210152 0.004415 0.000000 0.000000 7.000000 0.044000
3664.000000 0.210152 0.004415 0.000000 0.000000 7.000000 0.044000
3665.000000 0.210152 0.004415 0.000000 0.000000 7.000000 0.044000
3666.000000 0.210152 0.004415 0.000000 0.000000 7.000000 0.044000
3667.000000 0.210152 0.004415 0.000000 0.000000 7.000000 0.044000
3668.000000 0.210152 0.004415 0.000000 0.000000 7.000000 0.044000
3669.000000 0.210152 0.004415 0.000000 0.000000 7.000000 0.044000
3670.000000 0.210152 0.004415 0.000000 0.000000 7.000000 0.044000
3671.000000 0.210152 0.004415 0.000000 0.000000 7.000000 0.044000
3672.000000 0.210152 0.004415 0.000000 0.000000 7.000000 0.044000
3673.000000 0.210152 0.004415 0.000000 0.000000 7.000000 0.044000
3674.000000 0.210152 0.004415 0.000000 0.000000 7.000000 0.044000
3675.000000 0.210152 0.004415 0.000000 0.000000 7.000000 0.044000
3676.000000 0.210152 0.004415 0.000000 0.000000 7.000000 0.044000
3677.000000 0.210152 0.004415 0.000000 0.000000 7.000000 0.044000
3678.000000 0.210152 0.004415 0.000000 0.000000 7.000000 0.044000
3679.000000 0.210152 0.004415 0.000000 0.000000 7.000000 0.044000
3680.000000 0.210152 0.004415 0.000000 0.000000 7.000000 0.044000
3681.000000 0.210152 0.004415 0.000000 0.000000 7.000000 0.044000
3682.000000 0.210152 0.004415 0.000000 0.000000 7.000000 0.044000
3683.000000 0.210152 0.004415 0.000000 0.000000 7.000000 0.044000
3684.000000 0.210152 0.004415 0.000000 0.000000 7.000000 0.044000
3685.000000 0.210152 0.004415 0.000000 0.000000 7.000000 0.044000
3686.000000 0.210152 0.004415 0.000000 0.000000 7.000000 0.044000
3687.000000 0.210152 0.004415 0.000000 0.000000 7.000000 0.044000
3688.000000 0.210152 0.004415 0.000000 0.000000 7.000000 0.044000
3689.000000 0.210152 0.004415 0.000000 0.000000 7.000000 0.044000
3690.000000 0.210152 0.004415 0.000000 0.000000 7.000000 0.044000
3691.000000 0.210152 0.004415 0.000000 0.000000 7.000000 0.044000
3692.000000 0.210152 0.004415 0.000000 0.000000 7.000000 0.044000
3693.000000 0.210152 0.004415 0.000000 0.000000 7.000000 0.044000
3694.000000 0.210152 0.004415 0.000000 0.000000 7.000000 0.044000
3695.000000 0.210152 0.004415 0.000000 0.000000 7.000000 0.044000
3696.000000 0.210152 0.004415 0.000000 0.000000 7.000000 0.044000
3697.000000 0.210152 0.004415 0.000000 0.000000 7.000000 0.044000
3698.000000 0.210152 0.004415 0.000000 0.000000 7.000000 0.044000
3699.000000 0.210152 0.004415 0.000000 0.000000 7.000000 0.044000
3700.000000 0.210152 0.004415 0.000000 0.000000 7.000000 0.044000
3701.000000 0.210152 0.004415 0.000000 0.000000 7.000000 0.044000
3702.000000 0.210152 0.004415 0.000000 0.000000 7.000000 0.044000
3703.000000 0.210152 0.004415 0.000000 0.000000 7.000000 0.044000
3704.000000 0.210152 0.004415 0.000000 0.000000 7.000000 0.044000
3705.000000 0.210152 0.004415 0.000000 0.000000 7.000000 0.044000
3706.000000 0.210152 0.004415 0.000000 0.000000 7.000000 0.044000
3707.000000 0.210152 0.004415 0.000000 0.000000 7.000000 0.044000
3708.000000 0.210152 0.004415 0.000000 0.000000 7.000000 0.044000
3709.000000 0.210152 0.004415 0.000000 0.000000 7.000000 0.044000
3710.000000 0.210152 0.004415 0.000000 0.000000 7.000000 0.044000
3711.000000 0.210152 0.004415 0.000000 0.000000 7.000000 0.044000
3712.000000 0.210152 0.004415 0.000000 0.000000 7.000000 0.044000
3713.000000 0.210152 0.004415 0.000000 0.000000 7.000000 0.044000
3714.000000 0.210152 0.004415 0.000000 0.000000 7.000000 0.044000
3715.000000 0.210152 0.004415 0.000000 0.000000 7.000000 0.044000
3716.000000 0.210152 0.004415 0.000000 0.000000 7.000000 0.044000
3717.000000 0.210152 0.004415 0.000000 0.000000 7.000000 0.044000
3718.000000 0.210152 0.004415 0.000000 0.000000 7.000000 0.044000
3719.000000 0.210152 0.004415 0.000000 0.000000 7.000000 0.044000
3720.000000 0.210152 0.004415 0.000000 0.000000 7.000000 0.044000
3721.000000 0.210152 0.004415 0.000000 0.000000 7.000000 0.044000
3722.000000 0.210152 0.004415 0.000000 0.000000 7.000000 0.044000
3723.000000 0.210152 0.004415 0.000000 0.000000 7.000000 0.044000
3724.000000 0.210152 0.004415 0.000000 0.000000 7.000000 0.044000
3725.000000 0.210152 0.004415 0.000000 0.000000 7.000000 0.044000
3726.000000 0.210152 0.004415 0.000000 0.000000 7.000000 0.044000
3727.000000 0.210152 0.004415 0.000000 0.000000 7.000000 0.044000
3728.000000 0.210152 0.004415 0.000000 0.000000 7.000000 0.044000
3729.000000 0.210152 0.004415 0.000000 0.000000 7.000000 0.044000
3730.000000 0.210152 0.004415 0.000000 0.000000 7.000000 0.044000
3731.000000 0.210152 0.004415 0.000000 0.000000 7.000000 0.044000
3732.000000 0.210152 0.004415 0.000000 0.000000 7.000000 0.044000
3733.000000 0.210152 0.004415 0.000000 0.000000 7.000000 0.044000
3734.000000 0.210152 0.004415 0.000000 0.000000 7.000000 0.044000
3735.000000 0.210152 0.004415 0.000000 0.000000 7.000000 0.044000
3736.000000 0.210152 0.004415 0.000000 0.000000 7.000000 0.044000
3737.000000 0.210152 0.004415 0.000000 0.000000 7.000000 0.044000
3738.000000 0.210152 0.004415 0.000000 0.000000 7.000000 0.044000
3739.000000 0.210152 0.004415 0.000000 0.000000 7.000000 0.044000
3740.000000 0.210152 0.004415 0.000000 0.000000 7.000000 0.044000
3741.000000 0.210152 0.004415 0.000000 0.000000 7.000000 0.044000
3742.000000 0.210152 0.004415 0.000000 0.000000 7.000000 0.044000
3743.000000 0.210152 0.004415 0.000000 0.000000 7.000000 0.044000
3744.000000 0.210152 0.004415 0.000000 0.000000 7.000000 0.044000
3745.000000 0.210152 0.004415 0.000000 0.000000 7.000000 0.044000
3746.000000 0.210152 0.004415 0.000000 0.000000 7.000000 0.044000
3747.000000 0.210152 0.004415 0.000000 0.000000 7.000000 0.044000
3748.000000 0.210152 0.004415 0.000000 0.000000 7.000000 0.044000
3749.000000 0.210152 0.004415 0.000000 0.000000 7.000000 0.044000
3750.000000 0.210152 0.004415 0.000000 0.000000 7.000000 0.044000
3751.000000 0.210152 0.004415 0.000000 0.000000 7.000000 0.044000
3752.000000 0.210152 0.004415 0.000000 0.000000 7.000000 0.044000
3753.000000 0.210152 0.004415 0.000000 0.000000 7.000000 0.044000
3754.000000 0.210152 0.004415 0.000000 0.000000 7.000000 0.044000
3755.000000 0.210152 0.004415 0.000000 0.000000 7.000000 0.044000
3756.000000 0.210152 0.004415 0.000000 0.000000 7.000000 0.044000
3757.000000 0.210152 0.004415 0.000000 0.000000 7.000000 0.044000
3758.000000 0.210152 0.004415 0.000000 0.000000 7.000000 0.044000
3759.000000 0.210152 0.004415 0.000000 0.000000 7.000000 0.044000
3760.000000 0.210152 0.004415 0.000000 0.000000 7.000000 0.044000
3761.000000 0.210152 0.004415 0.000000 0.000000 7.000000 0.044000
3762.000000 0.210152 0.004415 0.000000 0.000000 7.000000 0.044000
3763.000000 0.210152 0.004415 0.000000 0.000000 7.000000 0.044000
3764.000000 0.210152 0.004415 0.000000 0.000000 7.000000 0.044000
3765.000000 0.210152 0.004415 0.000000 0.000000 7.000000 0.044000
3766.000000 0.210152 0.004415 0.000000 0.000000 7.000000 0.044000
3767.000000 0.210152 0.004415 0.000000 0.000000 7.000000 0.044000
3768.000000 0.210152 0.004415 0.000000 0.000000 7.000000 0.044000
3769.000000 0.210152 0.004415 0.000000 0.000000 7.000000 0.044000
3770.000000 0.210152 0.004415 0.000000 0.000000 7.000000 0.044000
3771.000000 0.210152 0.004415 0.000000 0.000000 7.000000 0.044000
3772.000000 0.210152 0.004415 0.000000 0.000000 7.000000 0.044000
3773.000000 0.210152 0.004415 0.000000 0.000000 7.000000 0.044000
3774.000000 0.210152 0.004415 0.000000 0.000000 7.000000 0.044000
3775.000000 0.210152 0.004415 0.000000 0.000000 7.000000 0.044000
3776.000000 0.210152 0.004415 0.000000 0.000000 7.000000 0.044000
3777.000000 0.210152 0.004415 0.000000 0.000000 7.000000 0.044000
3778.000000 0.210152 0.004415 0.000000 0.000000 7.000000 0.044000
3779.000000 0.210152 0.004415 0.000000 0.000000 7.000000 0.044000
3780.000000 0.210152 0.004415 0.000000 0.000000 7.000000 0.044000
3781.000000 0.210152 0.004415 0.000000 0.000000 7.000000 0.044000
3782.000000 0.210152 0.004415 0.000000 0.000000 7.000000 0.044000
3783.000000 0.210152 0.004415 0.000000 0.000000 7.000000 0.044000
3784.000000 0.210152 0.004415 0.000000 0.000000 7.000000 0.044000
3785.000000 0.210152 0.004415 0.000000 0.000000 7.000000 0.044000
3786.000000 0.210152 0.004415 0.000000 0.000000 7.000000 0.044000
3787.000000 0.210152 0.004415 0.000000 0.000000 7.000000 0.044000
3788.000000 0.210152 0.004415 0.000000 0.000000 7.000000 0.044000
3789.000000 0.210152 0.004415 0.000000 0.000000 7.000000 0.044000
3790.000000 0.210152 0.004415 0.000000 0.000000 7.000000 0.044000
3791.000000 0.210152 0.004415 0.000000 0.000000 7.000000 0.044000
3792.000000 0.210152 0.004415 0.000000 0.000000 7.000000 0.044000
3793.000000 0.210152 0.004415 0.000000 0.000000 7.000000 0.044000
3794.000000 0.210152 0.004415 0.000000 0.000000 7.000000 0.044000
3795.000000 0.210152 0.004415 0.000000 0.000000 7.000000 0.044000
3796.000000 0.210152 0.004415 0.000000 0.000000 7.000000 0.044000
3797.000000 0.210152 0.004415 0.000000 0.000000 7.000000 0.044000
3798.000000 0.210152 0.004415 0.000000 0.000000 7.000000 0.044000
3799.000000 0.210152 0.004415 0.000000 0.000000 7.000000 0.044000
3800.000000 0.210152 0.004415 0.000000 0.000000 7.000000 0.044000
3801.000000 0.210152 0.004415 0.000000 0.000000 7.000000 0.044000
3802.000000 0.210152 0.004415 0.000000 0.000000 7.000000 0.044000
3803.000000 0.210152 0.004415 0.000000 0.000000 7.000000 0.044000
3804.000000 0.210152 0.004415 0.000000 0.000000 7.000000 0.044000
3805.000000 0.210152 0.004415 0.000000 0.000000 7.000000 0.044000
3806.000000 0.210152 0.004415 0.000000 0.000000 7.000000 0.044000
3807.000000 0.210152 0.004415 0.000000 0.000000 7.000000 0.044000
3808.000000 0.210152 0.004415 0.000000 0.000000 7.000000 0.044000
3809.000000 0.210152 0.004415 0.000000 0.000000 7.000000 0.044000
3810.000000 0.210152 0.004415 0.000000 0.000000 7.000000 0.044000
3811.000000 0.210152 0.004415 0.000000 0.000000 7.000000 0.044000
3812.000000 0.210152 0.004415 0.000000 0.000000 7.000000 0.044000
3813.000000 0.210152 0.004415 0.000000 0.000000 7.000000 0.044000
3814.000000 0.210152 0.004415 0.000000 0.000000 7.000000 0.044000
3815.000000 0.210152 0.004415 0.000000 0.000000 7.000000 0.044000
3816.000000 0.210152 0.004415 0.000000 0.000000 7.000000 0.044000
3817.000000 0.210152 0.004415 0.000000 0.000000 7.000000 0.044000
3818.000000 0.210152 0.004415 0.000000 0.000000 7.000000 0.044000
3819.000000 0.210152 0.004415 0.000000 0.000000 7.000000 0.044000
3820.000000 0.210152 0.004415 0.000000 0.000000 7.000000 0.044000
3821.000000 0.210152 0.004415 0.000000 0.000000 7.000000 0.044000
3822.000000 0.210152 0.004415 0.000000 0.000000 7.000000 0.044000
3823.000000 0.210152 0.004415 0.000000 0.000000 7.000000 0.044000
3824.000000 0.210152 0.004415 0.000000 0.000000 7.000000 0.044000
3825.000000 0.210152 0.004415 0.000000 0.000000 7.000000 0.044000
3826.000000 0.210152 0.004415 0.000000 0.000000 7.000000 0.044000
3827.000000 0.210152 0.004415 0.000000 0.000000 7.000000 0.044000
3828.000000 0.210152 0.004415 0.000000 0.000000 7.000000 0.044000
3829.000000 0.210152 0.004415 0.000000 0.000000 7.000000 0.044000
3830.000000 0.210152 0.004415 0.000000 0.000000 7.000000 0.044000
3831.000000 0.210152 0.004415 0.000000 0.000000 7.000000 0.044000
3832.000000 0.210152 0.004415 0.000000 0.000000 7.000000 0.044000
3833.000000 0.210152 0.004415 0.000000 0.000000 7.000000 0.044000
3834.000000 0.210152 0.004415 0.000000 0.000000 7.000000 0.044000
3835.000000 0.210152 0.004415 0.000000 0.000000 7.000000 0.044000
3836.000000 0.210152 0.004415 0.000000 0.000000 7.000000 0.044000
3837.000000 0.210152 0.004415 0.000000 0.000000 7.000000 0.044000
3838.000000 0.210152 0.004415 0.000000 0.000000 7.000000 0.044000
3839.000000 0.210152 0.004415 0.000000 0.000000 7.000000 0.044000
3840.000000 0.210152 0.004415 0.000000 0.000000 7.000000 0.044000
3841.000000 0.210152 0.004415 0.000000 0.000000 7.000000 0.044000
3842.000000 0.210152 0.004415 0.000000 0.000000 7.000000 0.044000
3843.000000 0.210152 0.004415 0.000000 0.000000 7.000000 0.044000
3844.000000 0.210152 0.004415 0.000000 0.000000 7.000000 0.044000
3845.000000 0.210152 0.004415 0.000000 0.000000 7.000000 0.044000
3846.000000 0.210152 0.004415 0.000000 0.000000 7.000000 0.044000
3847.000000 0.210152 0.004415 0.000000 0.000000 7.000000 0.044000
3848.000000 0.210152 0.004415 0.000000 0.000000 7.000000 0.044000
3849.000000 0.210152 0.004415 0.000000 0.000000 7.000000 0.044000
3850.000000 0.210152 0.004415 0.000000 0.000000 7.000000 0.044000
3851.000000 0.210152 0.004415 0.000000 0.000000 7.000000 0.044000
3852.000000 0.210152 0.004415 0.000000 0.000000 7.000000 0.044000
3853.000000 0.210152 0.004415 0.000000 0.000000 7.000000 0.044000
3854.000000 0.210152 0.004415 0.000000 0.000000 7.000000 0.044000
3855.000000 0.210152 0.004415 0.000000 0.000000 7.000000 0.044000
3856.000000 0.210152 0.004415 0.000000 0.000000 7.000000 0.044000
3857.000000 0.210152 0.004415 0.000000 0.000000 7.000000 0.044000
3858.000000 0.210152 0.004415 0.000000 0.000000 7.000000 0.044000
3859.000000 0.210152 0.004415 0.000000 0.000000 7.000000 0.044000
3860.000000 0.210152 0.004415 0.000000 0.000000 7.000000 0.044000
3861.000000 0.210152 0.004415 0.000000 0.000000 7.000000 0.044000
3862.000000 0.210152 0.004415 0.000000 0.000000 7.000000 0.044000
3863.000000 0.210152 0.004415 0.000000 0.000000 7.000000 0.044000
3864.000000 0.210152 0.004415 0.000000 0.000000 7.000000 0.044000
3865.000000 0.210152 0.004415 0.000000 0.000000 7.000000 0.044000
3866.000000 0.210152 0.004415 0.000000 0.000000 7.000000 0.044000
3867.000000 0.210152 0.004415 0.000000 0.000000 7.000000 0.044000
3868.000000 0.210152 0.004415 0.000000 0.000000 7.000000 0.044000
3869.000000 0.210152 0.004415 0.000000 0.000000 7.000000 0.044000
3870.000000 0.210152 0.004415 0.000000 0.000000 7.000000 0.044000
3871.000000 0.210152 0.004415 0.000000 0.000000 7.000000 0.044000
3872.000000 0.210152 0.004415 0.000000 0.000000 7.000000 0.044000
3873.000000 0.210152 0.004415 0.000000 0.000000 7.000000 0.044000
3874.000000 0.210152 0.004415 0.000000 0.000000 7.000000 0.044000
3875.000000 0.210152 0.004415 0.000000 0.000000 7.000000 0.044000
3876.000000 0.210152 0.004415 0.000000 0.000000 7.000000 0.044000
3877.000000 0.210152 0.004415 0.000000 0.000000 7.000000 0.044000
3878.000000 0.210152 0.004415 0.000000 0.000000 7.000000 0.044000
3879.000000 0.210152 0.004415 0.000000 0.000000 7.000000 0.044000
3880.000000 0.210152 0.004415 0.000000 0.000000 7.000000 0.044000
3881.000000 0.210152 0.004415 0.000000 0.000000 7.000000 0.044000
3882.000000 0.210152 0.004415 0.000000 0.000000 7.000000 0.044000
3883.000000 0.210152 0.004415 0.000000 0.000000 7.000000 0.044000
3884.000000 0.210152 0.004415 0.000000 0.000000 7.000000 0.044000
3885.000000 0.210152 0.004415 0.000000 0.000000 7.000000 0.044000
3886.000000 0.210152 0.004415 0.000000 0.000000 7.000000 0.044000
3887.000000 0.210152 0.004415 0.000000 0.000000 7.000000 0.044000
3888.000000 0.210152 0.004415 0.000000 0.000000 7.000000 0.044000
3889.000000 0.210152 0.004415 0.000000 0.000000 7.000000 0.044000
3890.000000 0.210152 0.004415 0.000000 0.000000 7.000000 0.044000
3891.000000 0.210152 0.004415 0.000000 0.000000 7.000000 0.044000
3892.000000 0.210152 0.004415 0.000000 0.000000 7.000000 0.044000
3893.000000 0.210152 0.004415 0.000000 0.000000 7.000000 0.044000
3894.000000 0.210152 0.004415 0.000000 0.000000 7.000000 0.044000
3895.000000 0.210152 0.004415 0.000000 0.000000 7.000000 0.044000
3896.000000 0.210152 0.004415 0.000000 0.000000 7.000000 0.044000
3897.000000 0.210152 0.004415 0.000000 0.000000 7.000000 0.044000
3898.000000 0.210152 0.004415 0.000000 0.000000 7.000000 0.044000
3899.000000 0.210152 0.004415 0.000000 0.000000 7.000000 0.044000
3900.000000 0.210152 0.004415 0.000000 0.000000 7.000000 0.044000
3901.000000 0.210152 0.004415 0.000000 0.000000 7.000000 0.044000
3902.000000 0.210152 0.004415 0.000000 0.000000 7.000000 0.044000
3903.000000 0.210152 0.004415 0.000000 0.000000 7.000000 0.044000
3904.000000 0.210152 0.004415 0.000000 0.000000 7.000000 0.044000
3905.000000 0.210152 0.004415 0.000000 0.000000 7.000000 0.044000
3906.000000 0.210152 0.004415 0.000000 0.000000 7.000000 0.044000
3907.000000 0.210152 0.004415 0.000000 0.000000 7.000000 0.044000
3908.000000 0.210152 0.004415 0.000000 0.000000 7.000000 0.044000
3909.000000 0.210152 0.004415 0.000000 0.000000 7.000000 0.044000
3910.000000 0.210152 0.004415 0.000000 0.000000 7.000000 0.044000
3911.000000 0.210152 0.004415 0.000000 0.000000 7.000000 0.044000
3912.000000 0.210152 0.004415 0.000000 0.000000 7.000000 0.044000
3913.000000 0.210152 0.004415 0.000000 0.000000 7.000000 0.044000
3914.000000 0.210152 0.004415 0.000000 0.000000 7.000000 0.044000
3915.000000 0.210152 0.004415 0.000000 0.000000 7.000000 0.044000
3916.000000 0.210152 0.004415 0.000000 0.000000 7.000000 0.044000
3917.000000 0.210152 0.004415 0.000000 0.000000 7.000000 0.044000
3918.000000 0.210152 0.004415 0.000000 0.000000 7.000000 0.044000
3919.000000 0.210152 0.004415 0.000000 0.000000 7.000000 0.044000
3920.000000 0.210152 0.004415 0.000000 0.000000 7.000000 0.044000
3921.000000 0.210152 0.004415 0.000000 0.000000 7.000000 0.044000
3922.000000 0.210152 0.004415 0.000000 0.000000 7.000000 0.044000
3923.000000 0.210152 0.004415 0.000000 0.000000 7.000000 0.044000
3924.000000 0.210152 0.004415 0.000000 0.000000 7.000000 0.044000
3925.000000 0.210152 0.004415 0.000000 0.000000 7.000000 0.044000
3926.000000 0.210152 0.004415 0.000000 0.000000 7.000000 0.044000
3927.000000 0.210152 0.004415 0.000000 0.000000 7.000000 0.044000
3928.000000 0.210152 0.004415 0.000000 0.000000 7.000000 0.044000
3929.000000 0.210152 0.004415 0.000000 0.000000 7.000000 0.044000
3930.000000 0.210152 0.004415 0.000000 0.000000 7.000000 0.044000
3931.000000 0.210152 0.004415 0.000000 0.000000 7.000000 0.044000
3932.000000 0.210152 0.004415 0.000000 0.000000 7.000000 0.044000
3933.000000 0.210152 0.004415 0.000000 0.000000 7.000000 0.044000
3934.000000 0.210152 0.004415 0.000000 0.000000 7.000000 0.044000
3935.000000 0.210152 0.004415 0.000000 0.000000 7.000000 0.044000
3936.000000 0.210152 0.004415 0.000000 0.000000 7.000000 0.044000
3937.000000 0.210152 0.004415 0.000000 0.000000 7.000000 0.044000
3938.000000 0.210152 0.004415 0.000000 0.000000 7.000000 0.044000
