# imt log
s logheadsize 000234
s logcolumns 7
s logname /home/testac/lgames/fitts/20180723_Mon/run1.103711.dat
s logversion 2.0
s logdate "Mon Jul 23 10:37:11 EDT 2018"
s logidate 1532356631

# begin user data

# end user data

#####
387.000000 0.000823 0.204962 -0.000000 0.000000 0.000000 0.000000
388.000000 0.000823 0.204962 -0.000000 0.000000 0.000000 0.000000
389.000000 0.000823 0.204962 -0.000000 0.000000 0.000000 0.000000
390.000000 0.000823 0.204962 -0.000000 0.000000 7.000000 0.039000
391.000000 0.000823 0.204962 -0.000000 0.000000 7.000000 0.039000
392.000000 0.000823 0.204962 -0.000000 0.000000 7.000000 0.039000
393.000000 0.000823 0.204962 -0.000000 0.000000 7.000000 0.039000
394.000000 0.000823 0.204962 -0.000000 0.000000 7.000000 0.039000
395.000000 0.000823 0.204962 -0.000000 0.000000 7.000000 0.039000
396.000000 0.000823 0.204962 -0.000000 0.000000 7.000000 0.039000
397.000000 0.000823 0.204962 -0.000000 0.000000 7.000000 0.039000
398.000000 0.000823 0.204962 -0.000000 0.000000 7.000000 0.039000
399.000000 0.000823 0.204962 -0.000000 0.000000 7.000000 0.039000
400.000000 0.000823 0.204962 -0.000000 0.000000 7.000000 0.039000
401.000000 0.000823 0.204962 -0.000000 0.000000 7.000000 0.039000
402.000000 0.000823 0.204962 -0.000000 0.000000 7.000000 0.039000
403.000000 0.000823 0.204962 -0.000000 0.000000 7.000000 0.039000
404.000000 0.000823 0.204962 -0.000000 0.000000 7.000000 0.039000
405.000000 0.000823 0.204962 -0.000000 0.000000 7.000000 0.039000
406.000000 0.000823 0.204962 -0.000000 0.000000 7.000000 0.039000
407.000000 0.000823 0.204962 -0.000000 0.000000 7.000000 0.039000
408.000000 0.000823 0.204962 -0.000000 0.000000 7.000000 0.039000
409.000000 0.000823 0.204962 -0.000000 0.000000 7.000000 0.039000
410.000000 0.000823 0.204962 -0.000000 0.000000 7.000000 0.039000
411.000000 0.000823 0.204962 -0.000000 0.000000 7.000000 0.039000
412.000000 0.000823 0.204962 -0.000000 0.000000 7.000000 0.039000
413.000000 0.000823 0.204962 -0.000000 0.000000 7.000000 0.039000
414.000000 0.000823 0.204962 -0.000000 0.000000 7.000000 0.039000
415.000000 0.000823 0.204962 -0.000000 0.000000 7.000000 0.039000
416.000000 0.000823 0.204962 -0.000000 0.000000 7.000000 0.039000
417.000000 0.000823 0.204962 -0.000000 0.000000 7.000000 0.039000
418.000000 0.000823 0.204962 -0.000000 0.000000 7.000000 0.039000
419.000000 0.000823 0.204962 -0.000000 0.000000 7.000000 0.039000
420.000000 0.000823 0.204962 -0.000000 0.000000 7.000000 0.039000
421.000000 0.000823 0.204962 -0.000000 0.000000 7.000000 0.039000
422.000000 0.000823 0.204962 -0.000000 0.000000 7.000000 0.039000
423.000000 0.000823 0.204962 -0.000000 0.000000 7.000000 0.039000
424.000000 0.000823 0.204962 -0.000000 0.000000 7.000000 0.039000
425.000000 0.000823 0.204962 -0.000000 0.000000 7.000000 0.039000
426.000000 0.000823 0.204962 -0.000000 0.000000 7.000000 0.039000
427.000000 0.000823 0.204962 -0.000000 0.000000 7.000000 0.039000
428.000000 0.000823 0.204962 -0.000000 0.000000 7.000000 0.039000
429.000000 0.000823 0.204962 -0.000000 0.000000 7.000000 0.039000
430.000000 0.000823 0.204962 -0.000000 0.000000 7.000000 0.039000
431.000000 0.000823 0.204962 -0.000000 0.000000 7.000000 0.039000
432.000000 0.000823 0.204962 -0.000000 0.000000 7.000000 0.039000
433.000000 0.000823 0.204962 -0.000000 0.000000 7.000000 0.039000
434.000000 0.000823 0.204962 -0.000000 0.000000 7.000000 0.039000
435.000000 0.000823 0.204962 -0.000000 0.000000 7.000000 0.039000
436.000000 0.000823 0.204962 -0.000000 0.000000 7.000000 0.039000
437.000000 0.000823 0.204962 -0.000000 0.000000 7.000000 0.039000
438.000000 0.000823 0.204962 -0.000000 0.000000 7.000000 0.039000
439.000000 0.000823 0.204962 -0.000000 0.000000 7.000000 0.039000
440.000000 0.000823 0.204962 -0.000000 0.000000 7.000000 0.039000
441.000000 0.000823 0.204962 -0.000000 0.000000 7.000000 0.039000
442.000000 0.000823 0.204962 -0.000000 0.000000 7.000000 0.039000
443.000000 0.000823 0.204962 -0.000000 0.000000 7.000000 0.039000
444.000000 0.000823 0.204962 -0.000000 0.000000 7.000000 0.039000
445.000000 0.000823 0.204962 -0.000000 0.000000 7.000000 0.039000
446.000000 0.000823 0.204962 -0.000000 0.000000 7.000000 0.039000
447.000000 0.000823 0.204962 -0.000000 0.000000 7.000000 0.039000
448.000000 0.000823 0.204962 -0.000000 0.000000 7.000000 0.039000
449.000000 0.000823 0.204962 -0.000000 0.000000 7.000000 0.039000
450.000000 0.000823 0.204962 -0.000000 0.000000 7.000000 0.039000
451.000000 0.000823 0.204962 -0.000000 0.000000 7.000000 0.039000
452.000000 0.000823 0.204962 -0.000000 0.000000 7.000000 0.039000
453.000000 0.000823 0.204962 -0.000000 0.000000 7.000000 0.039000
454.000000 0.000823 0.204962 -0.000000 0.000000 7.000000 0.039000
455.000000 0.000823 0.204962 -0.000000 0.000000 7.000000 0.039000
456.000000 0.000823 0.204962 -0.000000 0.000000 7.000000 0.039000
457.000000 0.000823 0.204962 -0.000000 0.000000 7.000000 0.039000
458.000000 0.000823 0.204962 -0.000000 0.000000 7.000000 0.039000
459.000000 0.000823 0.204962 -0.000000 0.000000 7.000000 0.039000
460.000000 0.000823 0.204962 -0.000000 0.000000 7.000000 0.039000
461.000000 0.000823 0.204962 -0.000000 0.000000 7.000000 0.039000
462.000000 0.000823 0.204962 -0.000000 0.000000 7.000000 0.039000
463.000000 0.000823 0.204962 -0.000000 0.000000 7.000000 0.039000
464.000000 0.000823 0.204962 -0.000000 0.000000 7.000000 0.039000
465.000000 0.000823 0.204962 -0.000000 0.000000 7.000000 0.039000
466.000000 0.000823 0.204962 -0.000000 0.000000 7.000000 0.039000
467.000000 0.000823 0.204962 -0.000000 0.000000 7.000000 0.039000
468.000000 0.000823 0.204962 -0.000000 0.000000 7.000000 0.039000
469.000000 0.000823 0.204962 -0.000000 0.000000 7.000000 0.039000
470.000000 0.000823 0.204962 -0.000000 0.000000 7.000000 0.039000
471.000000 0.000823 0.204962 -0.000000 0.000000 7.000000 0.039000
472.000000 0.000823 0.204962 -0.000000 0.000000 7.000000 0.039000
473.000000 0.000823 0.204962 -0.000000 0.000000 7.000000 0.039000
474.000000 0.000823 0.204962 -0.000000 0.000000 7.000000 0.039000
475.000000 0.000823 0.204962 -0.000000 0.000000 7.000000 0.039000
476.000000 0.000823 0.204962 -0.000000 0.000000 7.000000 0.039000
477.000000 0.000823 0.204962 -0.000000 0.000000 7.000000 0.039000
478.000000 0.000823 0.204962 -0.000000 0.000000 7.000000 0.039000
479.000000 0.000823 0.204962 -0.000000 0.000000 7.000000 0.039000
480.000000 0.000823 0.204962 -0.000000 0.000000 7.000000 0.039000
481.000000 0.000823 0.204962 -0.000000 0.000000 7.000000 0.039000
482.000000 0.000823 0.204962 -0.000000 0.000000 7.000000 0.039000
483.000000 0.000823 0.204962 -0.000000 0.000000 7.000000 0.039000
484.000000 0.000823 0.204962 -0.000000 0.000000 7.000000 0.039000
485.000000 0.000823 0.204962 -0.000000 0.000000 7.000000 0.039000
486.000000 0.000823 0.204962 -0.000000 0.000000 7.000000 0.039000
487.000000 0.000823 0.204962 -0.000000 0.000000 7.000000 0.039000
488.000000 0.000823 0.204962 -0.000000 0.000000 7.000000 0.039000
489.000000 0.000823 0.204962 -0.000000 0.000000 7.000000 0.039000
490.000000 0.000823 0.204962 -0.000000 0.000000 7.000000 0.039000
491.000000 0.000823 0.204962 -0.000000 0.000000 7.000000 0.039000
492.000000 0.000823 0.204962 -0.000000 0.000000 7.000000 0.039000
493.000000 0.000823 0.204962 -0.000000 0.000000 7.000000 0.039000
494.000000 0.000823 0.204962 -0.000000 0.000000 7.000000 0.039000
495.000000 0.000823 0.204962 -0.000000 0.000000 7.000000 0.039000
496.000000 0.000823 0.204962 -0.000000 0.000000 7.000000 0.039000
497.000000 0.000823 0.204962 -0.000000 0.000000 7.000000 0.039000
498.000000 0.000823 0.204962 -0.000000 0.000000 7.000000 0.039000
499.000000 0.000823 0.204962 -0.000000 0.000000 7.000000 0.039000
500.000000 0.000823 0.204962 -0.000000 0.000000 7.000000 0.039000
501.000000 0.000823 0.204962 -0.000000 0.000000 7.000000 0.039000
502.000000 0.000823 0.204962 -0.000000 0.000000 7.000000 0.039000
503.000000 0.000823 0.204962 -0.000000 0.000000 7.000000 0.039000
504.000000 0.000823 0.204962 -0.000000 0.000000 7.000000 0.039000
505.000000 0.000823 0.204962 -0.000000 0.000000 7.000000 0.039000
506.000000 0.000823 0.204962 -0.000000 0.000000 7.000000 0.039000
507.000000 0.000823 0.204962 -0.000000 0.000000 7.000000 0.039000
508.000000 0.000823 0.204962 -0.000000 0.000000 7.000000 0.039000
509.000000 0.000823 0.204962 -0.000000 0.000000 7.000000 0.039000
510.000000 0.000823 0.204962 -0.000000 0.000000 7.000000 0.039000
511.000000 0.000823 0.204962 -0.000000 0.000000 7.000000 0.039000
512.000000 0.000823 0.204962 -0.000000 0.000000 7.000000 0.039000
513.000000 0.000823 0.204962 -0.000000 0.000000 7.000000 0.039000
514.000000 0.000823 0.204962 -0.000000 0.000000 7.000000 0.039000
515.000000 0.000823 0.204962 -0.000000 0.000000 7.000000 0.039000
516.000000 0.000823 0.204962 -0.000000 0.000000 7.000000 0.039000
517.000000 0.000823 0.204962 -0.000000 0.000000 7.000000 0.039000
518.000000 0.000823 0.204962 -0.000000 0.000000 7.000000 0.039000
519.000000 0.000823 0.204962 -0.000000 0.000000 7.000000 0.039000
520.000000 0.000823 0.204962 -0.000000 0.000000 7.000000 0.039000
521.000000 0.000823 0.204962 -0.000000 0.000000 7.000000 0.039000
522.000000 0.000823 0.204962 -0.000000 0.000000 7.000000 0.039000
523.000000 0.000823 0.204962 -0.000000 0.000000 7.000000 0.039000
524.000000 0.000823 0.204962 -0.000000 0.000000 7.000000 0.039000
525.000000 0.000823 0.204962 -0.000000 0.000000 7.000000 0.039000
526.000000 0.000823 0.204962 -0.000000 0.000000 7.000000 0.039000
527.000000 0.000823 0.204962 -0.000000 0.000000 7.000000 0.039000
528.000000 0.000823 0.204962 -0.000000 0.000000 7.000000 0.039000
529.000000 0.000823 0.204962 -0.000000 0.000000 7.000000 0.039000
530.000000 0.000823 0.204962 -0.000000 0.000000 7.000000 0.039000
531.000000 0.000823 0.204962 -0.000000 0.000000 7.000000 0.039000
532.000000 0.000823 0.204962 -0.000000 0.000000 7.000000 0.039000
533.000000 0.000823 0.204962 -0.000000 0.000000 7.000000 0.039000
534.000000 0.000823 0.204962 -0.000000 0.000000 7.000000 0.039000
535.000000 0.000823 0.204962 -0.000000 0.000000 7.000000 0.039000
536.000000 0.000823 0.204962 -0.000000 0.000000 7.000000 0.039000
537.000000 0.000823 0.204962 -0.000000 0.000000 7.000000 0.039000
538.000000 0.000823 0.204962 -0.000000 0.000000 7.000000 0.039000
539.000000 0.000823 0.204962 -0.000000 0.000000 7.000000 0.039000
540.000000 0.000823 0.204962 -0.000000 0.000000 7.000000 0.039000
541.000000 0.000823 0.204962 -0.000000 0.000000 7.000000 0.039000
542.000000 0.000823 0.204962 -0.000000 0.000000 7.000000 0.039000
543.000000 0.000823 0.204962 -0.000000 0.000000 7.000000 0.039000
544.000000 0.000823 0.204962 -0.000000 0.000000 7.000000 0.039000
545.000000 0.000823 0.204962 -0.000000 0.000000 7.000000 0.039000
546.000000 0.000823 0.204962 -0.000000 0.000000 7.000000 0.039000
547.000000 0.000823 0.204962 -0.000000 0.000000 7.000000 0.039000
548.000000 0.000823 0.204962 -0.000000 0.000000 7.000000 0.039000
549.000000 0.000823 0.204962 -0.000000 0.000000 7.000000 0.039000
550.000000 0.000823 0.204962 -0.000000 0.000000 7.000000 0.039000
551.000000 0.000823 0.204962 -0.000000 0.000000 7.000000 0.039000
552.000000 0.000823 0.204962 -0.000000 0.000000 7.000000 0.039000
553.000000 0.000823 0.204962 -0.000000 0.000000 7.000000 0.039000
554.000000 0.000823 0.204962 -0.000000 0.000000 7.000000 0.039000
555.000000 0.000823 0.204962 -0.000000 0.000000 7.000000 0.039000
556.000000 0.000823 0.204962 -0.000000 0.000000 7.000000 0.039000
557.000000 0.000823 0.204962 -0.000000 0.000000 7.000000 0.039000
558.000000 0.000823 0.204962 -0.000000 0.000000 7.000000 0.039000
559.000000 0.000823 0.204962 -0.000000 0.000000 7.000000 0.039000
560.000000 0.000823 0.204962 -0.000000 0.000000 7.000000 0.039000
561.000000 0.000823 0.204962 -0.000000 0.000000 7.000000 0.039000
562.000000 0.000823 0.204962 -0.000000 0.000000 7.000000 0.039000
563.000000 0.000823 0.204962 -0.000000 0.000000 7.000000 0.039000
564.000000 0.000823 0.204962 -0.000000 0.000000 7.000000 0.039000
565.000000 0.000823 0.204962 -0.000000 0.000000 7.000000 0.039000
566.000000 0.000823 0.204962 -0.000000 0.000000 7.000000 0.039000
567.000000 0.000823 0.204962 -0.000000 0.000000 7.000000 0.039000
568.000000 0.000823 0.204962 -0.000000 0.000000 7.000000 0.039000
569.000000 0.000823 0.204962 -0.000000 0.000000 7.000000 0.039000
570.000000 0.000823 0.204962 -0.000000 0.000000 7.000000 0.039000
571.000000 0.000823 0.204962 -0.000000 0.000000 7.000000 0.039000
572.000000 0.000823 0.204962 -0.000000 0.000000 7.000000 0.039000
573.000000 0.000823 0.204962 -0.000000 0.000000 7.000000 0.039000
574.000000 0.000823 0.204962 -0.000000 0.000000 7.000000 0.039000
575.000000 0.000823 0.204962 -0.000000 0.000000 7.000000 0.039000
576.000000 0.000823 0.204962 -0.000000 0.000000 7.000000 0.039000
577.000000 0.000823 0.204962 -0.000000 0.000000 7.000000 0.039000
578.000000 0.000823 0.204962 -0.000000 0.000000 7.000000 0.039000
579.000000 0.000823 0.204962 -0.000000 0.000000 7.000000 0.039000
580.000000 0.000823 0.204962 -0.000000 0.000000 7.000000 0.039000
581.000000 0.000823 0.204962 -0.000000 0.000000 7.000000 0.039000
582.000000 0.000823 0.204962 -0.000000 0.000000 7.000000 0.039000
583.000000 0.000823 0.204962 -0.000000 0.000000 7.000000 0.039000
584.000000 0.000823 0.204962 -0.000000 0.000000 7.000000 0.039000
585.000000 0.000823 0.204962 -0.000000 0.000000 7.000000 0.039000
586.000000 0.000823 0.204962 -0.000000 0.000000 7.000000 0.039000
587.000000 0.000823 0.204962 -0.000000 0.000000 7.000000 0.039000
588.000000 0.000823 0.204962 -0.000000 0.000000 7.000000 0.039000
589.000000 0.000823 0.204962 -0.000000 0.000000 7.000000 0.039000
590.000000 0.000823 0.204962 -0.000000 0.000000 7.000000 0.039000
591.000000 0.000823 0.204962 -0.000000 0.000000 7.000000 0.039000
592.000000 0.000823 0.204962 -0.000000 0.000000 7.000000 0.039000
593.000000 0.000823 0.204962 -0.000000 0.000000 7.000000 0.039000
594.000000 0.000823 0.204962 -0.000000 0.000000 7.000000 0.039000
595.000000 0.000823 0.204962 -0.000000 0.000000 7.000000 0.039000
596.000000 0.000823 0.204962 -0.000000 0.000000 7.000000 0.039000
597.000000 0.000823 0.204962 -0.000000 0.000000 7.000000 0.039000
598.000000 0.000823 0.204962 -0.000000 0.000000 7.000000 0.039000
599.000000 0.000823 0.204962 -0.000000 0.000000 7.000000 0.039000
600.000000 0.000823 0.204962 -0.000000 0.000000 7.000000 0.039000
601.000000 0.000823 0.204962 -0.000000 0.000000 7.000000 0.039000
602.000000 0.000823 0.204962 -0.000000 0.000000 7.000000 0.039000
603.000000 0.000823 0.204962 -0.000000 0.000000 7.000000 0.039000
604.000000 0.000823 0.204962 -0.000000 0.000000 7.000000 0.039000
605.000000 0.000823 0.204962 -0.000000 0.000000 7.000000 0.039000
606.000000 0.000823 0.204962 -0.000000 0.000000 7.000000 0.039000
607.000000 0.000823 0.204962 -0.000000 0.000000 7.000000 0.039000
608.000000 0.000823 0.204962 -0.000000 0.000000 7.000000 0.039000
609.000000 0.000823 0.204962 -0.000000 0.000000 7.000000 0.039000
610.000000 0.000823 0.204962 -0.000000 0.000000 7.000000 0.039000
611.000000 0.000823 0.204962 -0.000000 0.000000 7.000000 0.039000
612.000000 0.000823 0.204962 -0.000000 0.000000 7.000000 0.039000
613.000000 0.000823 0.204962 -0.000000 0.000000 7.000000 0.039000
614.000000 0.000823 0.204962 -0.000000 0.000000 7.000000 0.039000
615.000000 0.000823 0.204962 -0.000000 0.000000 7.000000 0.039000
616.000000 0.000823 0.204962 -0.000000 0.000000 7.000000 0.039000
617.000000 0.000823 0.204962 -0.000000 0.000000 7.000000 0.039000
618.000000 0.000823 0.204962 -0.000000 0.000000 7.000000 0.039000
619.000000 0.000823 0.204962 -0.000000 0.000000 7.000000 0.039000
620.000000 0.000823 0.204962 -0.000000 0.000000 7.000000 0.039000
621.000000 0.000823 0.204962 -0.000000 0.000000 7.000000 0.039000
622.000000 0.000823 0.204962 -0.000000 0.000000 7.000000 0.039000
623.000000 0.000823 0.204962 -0.000000 0.000000 7.000000 0.039000
624.000000 0.000823 0.204962 -0.000000 0.000000 7.000000 0.039000
625.000000 0.000823 0.204962 -0.000000 0.000000 7.000000 0.039000
626.000000 0.000823 0.204962 -0.000000 0.000000 7.000000 0.039000
627.000000 0.000823 0.204962 -0.000000 0.000000 7.000000 0.039000
628.000000 0.000823 0.204962 -0.000000 0.000000 7.000000 0.039000
629.000000 0.000823 0.204962 -0.000000 0.000000 7.000000 0.039000
630.000000 0.000823 0.204962 -0.000000 0.000000 7.000000 0.039000
631.000000 0.000823 0.204962 -0.000000 0.000000 7.000000 0.039000
632.000000 0.000823 0.204962 -0.000000 0.000000 7.000000 0.039000
633.000000 0.000823 0.204962 -0.000000 0.000000 7.000000 0.039000
634.000000 0.000823 0.204962 -0.000000 0.000000 7.000000 0.039000
635.000000 0.000823 0.204962 -0.000000 0.000000 7.000000 0.039000
636.000000 0.000823 0.204962 -0.000000 0.000000 7.000000 0.039000
637.000000 0.000823 0.204962 -0.000000 0.000000 7.000000 0.039000
638.000000 0.000823 0.204962 -0.000000 0.000000 7.000000 0.039000
639.000000 0.000823 0.204962 -0.000000 0.000000 7.000000 0.039000
640.000000 0.000823 0.204962 -0.000000 0.000000 7.000000 0.039000
641.000000 0.000823 0.204962 -0.000000 0.000000 7.000000 0.039000
642.000000 0.000823 0.204962 -0.000000 0.000000 7.000000 0.039000
643.000000 0.000823 0.204962 -0.000000 0.000000 7.000000 0.039000
644.000000 0.000823 0.204962 -0.000000 0.000000 7.000000 0.039000
645.000000 0.000823 0.204962 -0.000000 0.000000 7.000000 0.039000
646.000000 0.000823 0.204962 -0.000000 0.000000 7.000000 0.039000
647.000000 0.000823 0.204962 -0.000000 0.000000 7.000000 0.039000
648.000000 0.000823 0.204962 -0.000000 0.000000 7.000000 0.039000
649.000000 0.000823 0.204962 -0.000000 0.000000 7.000000 0.039000
650.000000 0.000823 0.204962 -0.000000 0.000000 7.000000 0.039000
651.000000 0.000823 0.204962 -0.000000 0.000000 7.000000 0.039000
652.000000 0.000823 0.204962 -0.000000 0.000000 7.000000 0.039000
653.000000 0.000823 0.204962 -0.000000 0.000000 7.000000 0.039000
654.000000 0.000823 0.204962 -0.000000 0.000000 7.000000 0.039000
655.000000 0.000823 0.204962 -0.000000 0.000000 7.000000 0.039000
656.000000 0.000823 0.204962 -0.000000 0.000000 7.000000 0.039000
657.000000 0.000823 0.204962 -0.000000 0.000000 7.000000 0.039000
658.000000 0.000823 0.204962 -0.000000 0.000000 7.000000 0.039000
659.000000 0.000823 0.204962 -0.000000 0.000000 7.000000 0.039000
660.000000 0.000823 0.204962 -0.000000 0.000000 7.000000 0.039000
661.000000 0.000823 0.204962 -0.000000 0.000000 7.000000 0.039000
662.000000 0.000823 0.204962 -0.000000 0.000000 7.000000 0.039000
663.000000 0.000823 0.204962 -0.000000 0.000000 7.000000 0.039000
664.000000 0.000823 0.204962 -0.000000 0.000000 7.000000 0.039000
665.000000 0.000823 0.204962 -0.000000 0.000000 7.000000 0.039000
666.000000 0.000823 0.204962 -0.000000 0.000000 7.000000 0.039000
667.000000 0.000823 0.204962 -0.000000 0.000000 7.000000 0.039000
668.000000 0.000823 0.204962 -0.000000 0.000000 7.000000 0.039000
669.000000 0.000823 0.204962 -0.000000 0.000000 7.000000 0.039000
670.000000 0.000823 0.204962 -0.000000 0.000000 7.000000 0.039000
671.000000 0.000823 0.204962 -0.000000 0.000000 7.000000 0.039000
672.000000 0.000823 0.204962 -0.000000 0.000000 7.000000 0.039000
673.000000 0.000823 0.204962 -0.000000 0.000000 7.000000 0.039000
674.000000 0.000823 0.204962 -0.000000 0.000000 7.000000 0.039000
675.000000 0.000823 0.204962 -0.000000 0.000000 7.000000 0.039000
676.000000 0.000823 0.204962 -0.000000 0.000000 7.000000 0.039000
677.000000 0.000823 0.204962 -0.000000 0.000000 7.000000 0.039000
678.000000 0.000823 0.204962 -0.000000 0.000000 7.000000 0.039000
679.000000 0.000823 0.204962 -0.000000 0.000000 7.000000 0.039000
680.000000 0.000823 0.204962 -0.000000 0.000000 7.000000 0.039000
681.000000 0.000823 0.204962 -0.000000 0.000000 7.000000 0.039000
682.000000 0.000823 0.204962 -0.000000 0.000000 7.000000 0.039000
683.000000 0.000823 0.204962 -0.000000 0.000000 7.000000 0.039000
684.000000 0.000823 0.204962 -0.000000 0.000000 7.000000 0.039000
685.000000 0.000823 0.204962 -0.000000 0.000000 7.000000 0.039000
686.000000 0.000823 0.204962 -0.000000 0.000000 7.000000 0.039000
687.000000 0.000823 0.204962 -0.000000 0.000000 7.000000 0.039000
688.000000 0.000823 0.204962 -0.000000 0.000000 7.000000 0.039000
689.000000 0.000823 0.204962 -0.000000 0.000000 7.000000 0.039000
690.000000 0.000823 0.204962 -0.000000 0.000000 7.000000 0.039000
691.000000 0.000823 0.204962 -0.000000 0.000000 7.000000 0.039000
692.000000 0.000823 0.204962 -0.000000 0.000000 7.000000 0.039000
693.000000 0.000823 0.204962 -0.000000 0.000000 7.000000 0.039000
694.000000 0.000823 0.204962 -0.000000 0.000000 7.000000 0.039000
695.000000 0.000823 0.204962 -0.000000 0.000000 7.000000 0.039000
696.000000 0.000823 0.204962 -0.000000 0.000000 7.000000 0.039000
697.000000 0.000823 0.204962 -0.000000 0.000000 7.000000 0.039000
698.000000 0.000823 0.204962 -0.000000 0.000000 7.000000 0.039000
699.000000 0.000823 0.204962 -0.000000 0.000000 7.000000 0.039000
700.000000 0.000823 0.204962 -0.000000 0.000000 7.000000 0.039000
701.000000 0.000823 0.204962 -0.000000 0.000000 7.000000 0.039000
702.000000 0.000823 0.204962 -0.000000 0.000000 7.000000 0.039000
703.000000 0.000823 0.204962 -0.000000 0.000000 7.000000 0.039000
704.000000 0.000823 0.204962 -0.000000 0.000000 7.000000 0.039000
705.000000 0.000823 0.204962 -0.000000 0.000000 7.000000 0.039000
706.000000 0.000823 0.204962 -0.000000 0.000000 7.000000 0.039000
707.000000 0.000823 0.204962 -0.000000 0.000000 7.000000 0.039000
708.000000 0.000823 0.204962 -0.000000 0.000000 7.000000 0.039000
709.000000 0.000823 0.204962 -0.000000 0.000000 7.000000 0.039000
710.000000 0.000823 0.204962 -0.000000 0.000000 7.000000 0.039000
711.000000 0.000823 0.204962 -0.000000 0.000000 7.000000 0.039000
712.000000 0.000823 0.204962 -0.000000 0.000000 7.000000 0.039000
713.000000 0.000823 0.204962 -0.000000 0.000000 7.000000 0.039000
714.000000 0.000823 0.204962 -0.000000 0.000000 7.000000 0.039000
715.000000 0.000823 0.204962 -0.000000 0.000000 7.000000 0.039000
716.000000 0.000823 0.204962 -0.000000 0.000000 7.000000 0.039000
717.000000 0.000823 0.204962 -0.000000 0.000000 7.000000 0.039000
718.000000 0.000823 0.204962 -0.000000 0.000000 7.000000 0.039000
719.000000 0.000823 0.204962 -0.000000 0.000000 7.000000 0.039000
720.000000 0.000823 0.204962 -0.000000 0.000000 7.000000 0.039000
721.000000 0.000823 0.204962 -0.000000 0.000000 7.000000 0.039000
722.000000 0.000823 0.204962 -0.000000 0.000000 7.000000 0.039000
723.000000 0.000823 0.204962 -0.000000 0.000000 7.000000 0.039000
724.000000 0.000823 0.204962 -0.000000 0.000000 7.000000 0.039000
725.000000 0.000823 0.204962 -0.000000 0.000000 7.000000 0.039000
726.000000 0.000823 0.204962 -0.000000 0.000000 7.000000 0.039000
727.000000 0.000823 0.204962 -0.000000 0.000000 7.000000 0.039000
728.000000 0.000823 0.204962 -0.000000 0.000000 7.000000 0.039000
729.000000 0.000823 0.204962 -0.000000 0.000000 7.000000 0.039000
730.000000 0.000823 0.204962 -0.000000 0.000000 7.000000 0.039000
731.000000 0.000823 0.204962 -0.000000 0.000000 7.000000 0.039000
732.000000 0.000823 0.204962 -0.000000 0.000000 7.000000 0.039000
733.000000 0.000823 0.204962 -0.000000 0.000000 7.000000 0.039000
734.000000 0.000823 0.204962 -0.000000 0.000000 7.000000 0.039000
735.000000 0.000823 0.204962 -0.000000 0.000000 7.000000 0.039000
736.000000 0.000823 0.204962 -0.000000 0.000000 7.000000 0.039000
737.000000 0.000823 0.204962 -0.000000 0.000000 7.000000 0.039000
738.000000 0.000823 0.204962 -0.000000 0.000000 7.000000 0.039000
739.000000 0.000823 0.204962 -0.000000 0.000000 7.000000 0.039000
740.000000 0.000823 0.204962 -0.000000 0.000000 7.000000 0.039000
741.000000 0.000823 0.204962 -0.000000 0.000000 7.000000 0.039000
742.000000 0.000823 0.204962 -0.000000 0.000000 7.000000 0.039000
743.000000 0.000823 0.204962 -0.000000 0.000000 7.000000 0.039000
744.000000 0.000823 0.204962 -0.000000 0.000000 7.000000 0.039000
745.000000 0.000823 0.204962 -0.000000 0.000000 7.000000 0.039000
746.000000 0.000823 0.204962 -0.000000 0.000000 7.000000 0.039000
747.000000 0.000823 0.204962 -0.000000 0.000000 7.000000 0.039000
748.000000 0.000823 0.204962 -0.000000 0.000000 7.000000 0.039000
749.000000 0.000823 0.204962 -0.000000 0.000000 7.000000 0.039000
750.000000 0.000823 0.204962 -0.000000 0.000000 7.000000 0.039000
751.000000 0.000823 0.204962 -0.000000 0.000000 7.000000 0.039000
752.000000 0.000823 0.204962 -0.000000 0.000000 7.000000 0.039000
753.000000 0.000823 0.204962 -0.000000 0.000000 7.000000 0.039000
754.000000 0.000823 0.204962 -0.000000 0.000000 7.000000 0.039000
755.000000 0.000823 0.204962 -0.000000 0.000000 7.000000 0.039000
756.000000 0.000823 0.204962 -0.000000 0.000000 7.000000 0.039000
757.000000 0.000823 0.204962 -0.000000 0.000000 7.000000 0.039000
758.000000 0.000823 0.204962 -0.000000 0.000000 7.000000 0.039000
759.000000 0.000823 0.204962 -0.000000 0.000000 7.000000 0.039000
760.000000 0.000823 0.204962 -0.000000 0.000000 7.000000 0.039000
761.000000 0.000823 0.204962 -0.000000 0.000000 7.000000 0.039000
762.000000 0.000823 0.204962 -0.000000 0.000000 7.000000 0.039000
763.000000 0.000823 0.204962 -0.000000 0.000000 7.000000 0.039000
764.000000 0.000823 0.204962 -0.000000 0.000000 7.000000 0.039000
765.000000 0.000823 0.204962 -0.000000 0.000000 7.000000 0.039000
766.000000 0.000823 0.204962 -0.000000 0.000000 7.000000 0.039000
767.000000 0.000823 0.204962 -0.000000 0.000000 7.000000 0.039000
768.000000 0.000823 0.204962 -0.000000 0.000000 7.000000 0.039000
769.000000 0.000823 0.204962 -0.000000 0.000000 7.000000 0.039000
770.000000 0.000823 0.204962 -0.000000 0.000000 7.000000 0.039000
771.000000 0.000823 0.204962 -0.000000 0.000000 7.000000 0.039000
772.000000 0.000823 0.204962 -0.000000 0.000000 7.000000 0.039000
773.000000 0.000823 0.204962 -0.000000 0.000000 7.000000 0.039000
774.000000 0.000823 0.204962 -0.000000 0.000000 7.000000 0.039000
775.000000 0.000823 0.204962 -0.000000 0.000000 7.000000 0.039000
776.000000 0.000823 0.204962 -0.000000 0.000000 7.000000 0.039000
777.000000 0.000823 0.204962 -0.000000 0.000000 7.000000 0.039000
778.000000 0.000823 0.204962 -0.000000 0.000000 7.000000 0.039000
779.000000 0.000823 0.204962 -0.000000 0.000000 7.000000 0.039000
780.000000 0.000823 0.204962 -0.000000 0.000000 7.000000 0.039000
781.000000 0.000823 0.204962 -0.000000 0.000000 7.000000 0.039000
782.000000 0.000823 0.204962 -0.000000 0.000000 7.000000 0.039000
783.000000 0.000823 0.204962 -0.000000 0.000000 7.000000 0.039000
784.000000 0.000823 0.204962 -0.000000 0.000000 7.000000 0.039000
785.000000 0.000823 0.204962 -0.000000 0.000000 7.000000 0.039000
786.000000 0.000823 0.204962 -0.000000 0.000000 7.000000 0.039000
787.000000 0.000823 0.204962 -0.000000 0.000000 7.000000 0.039000
788.000000 0.000823 0.204962 -0.000000 0.000000 7.000000 0.039000
789.000000 0.000823 0.204962 -0.000000 0.000000 7.000000 0.039000
790.000000 0.000823 0.204962 -0.000000 0.000000 7.000000 0.039000
791.000000 0.000823 0.204962 -0.000000 0.000000 7.000000 0.039000
792.000000 0.000823 0.204962 -0.000000 0.000000 7.000000 0.039000
793.000000 0.000823 0.204962 -0.000000 0.000000 7.000000 0.039000
794.000000 0.000823 0.204962 -0.000000 0.000000 7.000000 0.039000
795.000000 0.000823 0.204962 -0.000000 0.000000 7.000000 0.039000
796.000000 0.000823 0.204962 -0.000000 0.000000 7.000000 0.039000
797.000000 0.000823 0.204962 -0.000000 0.000000 7.000000 0.039000
798.000000 0.000823 0.204962 -0.000000 0.000000 7.000000 0.039000
799.000000 0.000823 0.204962 -0.000000 0.000000 7.000000 0.039000
800.000000 0.000823 0.204962 -0.000000 0.000000 7.000000 0.039000
801.000000 0.000823 0.204962 -0.000000 0.000000 7.000000 0.039000
802.000000 0.000823 0.204962 -0.000000 0.000000 7.000000 0.039000
803.000000 0.000823 0.204962 -0.000000 0.000000 7.000000 0.039000
804.000000 0.000823 0.204962 -0.000000 0.000000 7.000000 0.039000
805.000000 0.000823 0.204962 -0.000000 0.000000 7.000000 0.039000
806.000000 0.000823 0.204962 -0.000000 0.000000 7.000000 0.039000
807.000000 0.000823 0.204962 -0.000000 0.000000 7.000000 0.039000
808.000000 0.000823 0.204962 -0.000000 0.000000 7.000000 0.039000
809.000000 0.000823 0.204962 -0.000000 0.000000 7.000000 0.039000
810.000000 0.000823 0.204962 -0.000000 0.000000 7.000000 0.039000
811.000000 0.000823 0.204962 -0.000000 0.000000 7.000000 0.039000
812.000000 0.000823 0.204962 -0.000000 0.000000 7.000000 0.039000
813.000000 0.000823 0.204962 -0.000000 0.000000 7.000000 0.039000
814.000000 0.000823 0.204962 -0.000000 0.000000 7.000000 0.039000
815.000000 0.000823 0.204962 -0.000000 0.000000 7.000000 0.039000
816.000000 0.000823 0.204962 -0.000000 0.000000 7.000000 0.039000
817.000000 0.000823 0.204962 -0.000000 0.000000 7.000000 0.039000
818.000000 0.000823 0.204962 -0.000000 0.000000 7.000000 0.039000
819.000000 0.000823 0.204962 -0.000000 0.000000 7.000000 0.039000
820.000000 0.000823 0.204962 -0.000000 0.000000 7.000000 0.039000
821.000000 0.000823 0.204962 -0.000000 0.000000 7.000000 0.039000
822.000000 0.000823 0.204962 -0.000000 0.000000 7.000000 0.039000
823.000000 0.000823 0.204962 -0.000000 0.000000 7.000000 0.039000
824.000000 0.000823 0.204962 -0.000000 0.000000 7.000000 0.039000
825.000000 0.000823 0.204962 -0.000000 0.000000 7.000000 0.039000
826.000000 0.000823 0.204962 -0.000000 0.000000 7.000000 0.039000
827.000000 0.000823 0.204962 -0.000000 0.000000 7.000000 0.039000
828.000000 0.000823 0.204962 -0.000000 0.000000 7.000000 0.039000
829.000000 0.000823 0.204962 -0.000000 0.000000 7.000000 0.039000
830.000000 0.000823 0.204962 -0.000000 0.000000 7.000000 0.039000
831.000000 0.000823 0.204962 -0.000000 0.000000 7.000000 0.039000
832.000000 0.000823 0.204962 -0.000000 0.000000 7.000000 0.039000
833.000000 0.000823 0.204962 -0.000000 0.000000 7.000000 0.039000
834.000000 0.000823 0.204962 -0.000000 0.000000 7.000000 0.039000
835.000000 0.000823 0.204962 -0.000000 0.000000 7.000000 0.039000
836.000000 0.000823 0.204962 -0.000000 0.000000 7.000000 0.039000
837.000000 0.000823 0.204962 -0.000000 0.000000 7.000000 0.039000
838.000000 0.000823 0.204962 -0.000000 0.000000 7.000000 0.039000
839.000000 0.000823 0.204962 -0.000000 0.000000 7.000000 0.039000
840.000000 0.000823 0.204962 -0.000000 0.000000 7.000000 0.039000
841.000000 0.000823 0.204962 -0.000000 0.000000 7.000000 0.039000
842.000000 0.000823 0.204962 -0.000000 0.000000 7.000000 0.039000
843.000000 0.000823 0.204962 -0.000000 0.000000 7.000000 0.039000
844.000000 0.000823 0.204962 -0.000000 0.000000 7.000000 0.039000
845.000000 0.000823 0.204962 -0.000000 0.000000 7.000000 0.039000
846.000000 0.000823 0.204962 -0.000000 0.000000 7.000000 0.039000
847.000000 0.000823 0.204962 -0.000000 0.000000 7.000000 0.039000
848.000000 0.000823 0.204962 -0.000000 0.000000 7.000000 0.039000
849.000000 0.000823 0.204962 -0.000000 0.000000 7.000000 0.039000
850.000000 0.000823 0.204962 -0.000000 0.000000 7.000000 0.039000
851.000000 0.000823 0.204962 -0.000000 0.000000 7.000000 0.039000
852.000000 0.000823 0.204962 -0.000000 0.000000 7.000000 0.039000
853.000000 0.000823 0.204962 -0.000000 0.000000 7.000000 0.039000
854.000000 0.000823 0.204962 -0.000000 0.000000 7.000000 0.039000
855.000000 0.000823 0.204962 -0.000000 0.000000 7.000000 0.039000
856.000000 0.000823 0.204962 -0.000000 0.000000 7.000000 0.039000
857.000000 0.000823 0.204962 -0.000000 0.000000 7.000000 0.039000
858.000000 0.000823 0.204962 -0.000000 0.000000 7.000000 0.039000
859.000000 0.000823 0.204962 -0.000000 0.000000 7.000000 0.039000
860.000000 0.000823 0.204962 -0.000000 0.000000 7.000000 0.039000
861.000000 0.000823 0.204962 -0.000000 0.000000 7.000000 0.039000
862.000000 0.000823 0.204962 -0.000000 0.000000 7.000000 0.039000
863.000000 0.000823 0.204962 -0.000000 0.000000 7.000000 0.039000
864.000000 0.000823 0.204962 -0.000000 0.000000 7.000000 0.039000
865.000000 0.000823 0.204962 -0.000000 0.000000 7.000000 0.039000
866.000000 0.000823 0.204962 -0.000000 0.000000 7.000000 0.039000
867.000000 0.000823 0.204962 -0.000000 0.000000 7.000000 0.039000
868.000000 0.000823 0.204962 -0.000000 0.000000 7.000000 0.039000
869.000000 0.000823 0.204962 -0.000000 0.000000 7.000000 0.039000
870.000000 0.000823 0.204962 -0.000000 0.000000 7.000000 0.039000
871.000000 0.000823 0.204962 -0.000000 0.000000 7.000000 0.039000
872.000000 0.000823 0.204962 -0.000000 0.000000 7.000000 0.039000
873.000000 0.000823 0.204962 -0.000000 0.000000 7.000000 0.039000
874.000000 0.000823 0.204962 -0.000000 0.000000 7.000000 0.039000
875.000000 0.000823 0.204962 -0.000000 0.000000 7.000000 0.039000
876.000000 0.000823 0.204962 -0.000000 0.000000 7.000000 0.039000
877.000000 0.000823 0.204962 -0.000000 0.000000 7.000000 0.039000
878.000000 0.000823 0.204962 -0.000000 0.000000 7.000000 0.039000
879.000000 0.000823 0.204962 -0.000000 0.000000 7.000000 0.039000
880.000000 0.000823 0.204962 -0.000000 0.000000 7.000000 0.039000
881.000000 0.000823 0.204962 -0.000000 0.000000 7.000000 0.039000
882.000000 0.000823 0.204962 -0.000000 0.000000 7.000000 0.039000
883.000000 0.000823 0.204962 -0.000000 0.000000 7.000000 0.039000
884.000000 0.000823 0.204962 -0.000000 0.000000 7.000000 0.039000
885.000000 0.000823 0.204962 -0.000000 0.000000 7.000000 0.039000
886.000000 0.000823 0.204962 -0.000000 0.000000 7.000000 0.039000
887.000000 0.000823 0.204962 -0.000000 0.000000 7.000000 0.039000
888.000000 0.000823 0.204962 -0.000000 0.000000 7.000000 0.039000
889.000000 0.000823 0.204962 -0.000000 0.000000 7.000000 0.039000
890.000000 0.000823 0.204962 -0.000000 0.000000 7.000000 0.039000
891.000000 0.000823 0.204962 -0.000000 0.000000 7.000000 0.039000
892.000000 0.000823 0.204962 -0.000000 0.000000 7.000000 0.039000
893.000000 0.000823 0.204962 -0.000000 0.000000 7.000000 0.039000
894.000000 0.000823 0.204962 -0.000000 0.000000 7.000000 0.039000
895.000000 0.000823 0.204962 -0.000000 0.000000 7.000000 0.039000
896.000000 0.000823 0.204962 -0.000000 0.000000 7.000000 0.039000
897.000000 0.000823 0.204962 -0.000000 0.000000 7.000000 0.039000
898.000000 0.000823 0.204962 -0.000000 0.000000 7.000000 0.039000
899.000000 0.000823 0.204962 -0.000000 0.000000 7.000000 0.039000
900.000000 0.000823 0.204962 -0.000000 0.000000 7.000000 0.039000
901.000000 0.000823 0.204962 -0.000000 0.000000 7.000000 0.039000
902.000000 0.000823 0.204962 -0.000000 0.000000 7.000000 0.039000
903.000000 0.000823 0.204962 -0.000000 0.000000 7.000000 0.039000
904.000000 0.000823 0.204962 -0.000000 0.000000 7.000000 0.039000
905.000000 0.000823 0.204962 -0.000000 0.000000 7.000000 0.039000
906.000000 0.000823 0.204962 -0.000000 0.000000 7.000000 0.039000
907.000000 0.000823 0.204962 -0.000000 0.000000 7.000000 0.039000
908.000000 0.000823 0.204962 -0.000000 0.000000 7.000000 0.039000
909.000000 0.000823 0.204962 -0.000000 0.000000 7.000000 0.039000
910.000000 0.000823 0.204962 -0.000000 0.000000 7.000000 0.039000
911.000000 0.000823 0.204962 -0.000000 0.000000 7.000000 0.039000
912.000000 0.000823 0.204962 -0.000000 0.000000 7.000000 0.039000
913.000000 0.000823 0.204962 -0.000000 0.000000 7.000000 0.039000
914.000000 0.000823 0.204962 -0.000000 0.000000 7.000000 0.039000
915.000000 0.000823 0.204962 -0.000000 0.000000 7.000000 0.039000
916.000000 0.000823 0.204962 -0.000000 0.000000 7.000000 0.039000
917.000000 0.000823 0.204962 -0.000000 0.000000 7.000000 0.039000
918.000000 0.000823 0.204962 -0.000000 0.000000 7.000000 0.039000
919.000000 0.000823 0.204962 -0.000000 0.000000 7.000000 0.039000
920.000000 0.000823 0.204962 -0.000000 0.000000 7.000000 0.039000
921.000000 0.000823 0.204962 -0.000000 0.000000 7.000000 0.039000
922.000000 0.000823 0.204962 -0.000000 0.000000 7.000000 0.039000
923.000000 0.000823 0.204962 -0.000000 0.000000 7.000000 0.039000
924.000000 0.000823 0.204962 -0.000000 0.000000 7.000000 0.039000
925.000000 0.000823 0.204962 -0.000000 0.000000 7.000000 0.039000
926.000000 0.000823 0.204962 -0.000000 0.000000 7.000000 0.039000
927.000000 0.000823 0.204962 -0.000000 0.000000 7.000000 0.039000
928.000000 0.000823 0.204962 -0.000000 0.000000 7.000000 0.039000
929.000000 0.000823 0.204962 -0.000000 0.000000 7.000000 0.039000
930.000000 0.000823 0.204962 -0.000000 0.000000 7.000000 0.039000
931.000000 0.000823 0.204962 -0.000000 0.000000 7.000000 0.039000
932.000000 0.000823 0.204962 -0.000000 0.000000 7.000000 0.039000
933.000000 0.000823 0.204962 -0.000000 0.000000 7.000000 0.039000
934.000000 0.000823 0.204962 -0.000000 0.000000 7.000000 0.039000
935.000000 0.000823 0.204962 -0.000000 0.000000 7.000000 0.039000
936.000000 0.000823 0.204962 -0.000000 0.000000 7.000000 0.039000
937.000000 0.000823 0.204962 -0.000000 0.000000 7.000000 0.039000
938.000000 0.000823 0.204962 -0.000000 0.000000 7.000000 0.039000
939.000000 0.000823 0.204962 -0.000000 0.000000 7.000000 0.039000
940.000000 0.000823 0.204962 -0.000000 0.000000 7.000000 0.039000
941.000000 0.000823 0.204962 -0.000000 0.000000 7.000000 0.039000
942.000000 0.000823 0.204962 -0.000000 0.000000 7.000000 0.039000
943.000000 0.000823 0.204962 -0.000000 0.000000 7.000000 0.039000
944.000000 0.000823 0.204962 -0.000000 0.000000 7.000000 0.039000
945.000000 0.000823 0.204962 -0.000000 0.000000 7.000000 0.039000
946.000000 0.000823 0.204962 -0.000000 0.000000 7.000000 0.039000
947.000000 0.000823 0.204962 -0.000000 0.000000 7.000000 0.039000
948.000000 0.000823 0.204962 -0.000000 0.000000 7.000000 0.039000
949.000000 0.000823 0.204962 -0.000000 0.000000 7.000000 0.039000
950.000000 0.000823 0.204962 -0.000000 0.000000 7.000000 0.039000
951.000000 0.000823 0.204962 -0.000000 0.000000 7.000000 0.039000
952.000000 0.000823 0.204962 -0.000000 0.000000 7.000000 0.039000
953.000000 0.000823 0.204962 -0.000000 0.000000 7.000000 0.039000
954.000000 0.000823 0.204962 -0.000000 0.000000 7.000000 0.039000
955.000000 0.000823 0.204962 -0.000000 0.000000 7.000000 0.039000
956.000000 0.000823 0.204962 -0.000000 0.000000 7.000000 0.039000
957.000000 0.000823 0.204962 -0.000000 0.000000 7.000000 0.039000
958.000000 0.000823 0.204962 -0.000000 0.000000 7.000000 0.039000
959.000000 0.000823 0.204962 -0.000000 0.000000 7.000000 0.039000
960.000000 0.000823 0.204962 -0.000000 0.000000 7.000000 0.039000
961.000000 0.000823 0.204962 -0.000000 0.000000 7.000000 0.039000
962.000000 0.000823 0.204962 -0.000000 0.000000 7.000000 0.039000
963.000000 0.000823 0.204962 -0.000000 0.000000 7.000000 0.039000
964.000000 0.000823 0.204962 -0.000000 0.000000 7.000000 0.039000
965.000000 0.000823 0.204962 -0.000000 0.000000 7.000000 0.039000
966.000000 0.000823 0.204962 -0.000000 0.000000 7.000000 0.039000
967.000000 0.000823 0.204962 -0.000000 0.000000 7.000000 0.039000
968.000000 0.000823 0.204962 -0.000000 0.000000 7.000000 0.039000
969.000000 0.000823 0.204962 -0.000000 0.000000 7.000000 0.039000
970.000000 0.000823 0.204962 -0.000000 0.000000 7.000000 0.039000
971.000000 0.000823 0.204962 -0.000000 0.000000 7.000000 0.039000
972.000000 0.000823 0.204962 -0.000000 0.000000 7.000000 0.039000
973.000000 0.000823 0.204962 -0.000000 0.000000 7.000000 0.039000
974.000000 0.000823 0.204962 -0.000000 0.000000 7.000000 0.039000
975.000000 0.000823 0.204962 -0.000000 0.000000 7.000000 0.039000
976.000000 0.000823 0.204962 -0.000000 0.000000 7.000000 0.039000
977.000000 0.000823 0.204962 -0.000000 0.000000 7.000000 0.039000
978.000000 0.000823 0.204962 -0.000000 0.000000 7.000000 0.039000
979.000000 0.000823 0.204962 -0.000000 0.000000 7.000000 0.039000
980.000000 0.000823 0.204962 -0.000000 0.000000 7.000000 0.039000
981.000000 0.000823 0.204962 -0.000000 0.000000 7.000000 0.039000
982.000000 0.000823 0.204962 -0.000000 0.000000 7.000000 0.039000
983.000000 0.000823 0.204962 -0.000000 0.000000 7.000000 0.039000
984.000000 0.000823 0.204962 -0.000000 0.000000 7.000000 0.039000
985.000000 0.000823 0.204962 -0.000000 0.000000 7.000000 0.039000
986.000000 0.000823 0.204962 -0.000000 0.000000 7.000000 0.039000
987.000000 0.000823 0.204962 -0.000000 0.000000 7.000000 0.039000
988.000000 0.000823 0.204962 -0.000000 0.000000 7.000000 0.039000
989.000000 0.000823 0.204962 -0.000000 0.000000 7.000000 0.039000
990.000000 0.000823 0.204962 -0.000000 0.000000 7.000000 0.039000
991.000000 0.000823 0.204962 -0.000000 0.000000 7.000000 0.039000
992.000000 0.000823 0.204962 -0.000000 0.000000 7.000000 0.039000
993.000000 0.000823 0.204962 -0.000000 0.000000 7.000000 0.039000
994.000000 0.000823 0.204962 -0.000000 0.000000 7.000000 0.039000
995.000000 0.000823 0.204962 -0.000000 0.000000 7.000000 0.039000
996.000000 0.000823 0.204962 -0.000000 0.000000 7.000000 0.039000
997.000000 0.000823 0.204962 -0.000000 0.000000 7.000000 0.039000
998.000000 0.000823 0.204962 -0.000000 0.000000 7.000000 0.039000
999.000000 0.000823 0.204962 -0.000000 0.000000 7.000000 0.039000
1000.000000 0.000823 0.204962 -0.000000 0.000000 7.000000 0.039000
1001.000000 0.000823 0.204962 -0.000000 0.000000 7.000000 0.039000
1002.000000 0.000823 0.204962 -0.000000 0.000000 7.000000 0.039000
1003.000000 0.000823 0.204962 -0.000000 0.000000 7.000000 0.039000
1004.000000 0.000823 0.204962 -0.000000 0.000000 7.000000 0.039000
1005.000000 0.000823 0.204962 -0.000000 0.000000 7.000000 0.039000
1006.000000 0.000823 0.204962 -0.000000 0.000000 7.000000 0.039000
1007.000000 0.000823 0.204962 -0.000000 0.000000 7.000000 0.039000
1008.000000 0.000823 0.204962 -0.000000 0.000000 7.000000 0.039000
1009.000000 0.000823 0.204962 -0.000000 0.000000 7.000000 0.039000
1010.000000 0.000823 0.204962 -0.000000 0.000000 7.000000 0.039000
1011.000000 0.000823 0.204962 -0.000000 0.000000 7.000000 0.039000
1012.000000 0.000823 0.204962 -0.000000 0.000000 7.000000 0.039000
1013.000000 0.000823 0.204962 -0.000000 0.000000 7.000000 0.039000
1014.000000 0.000823 0.204962 -0.000000 0.000000 7.000000 0.039000
1015.000000 0.000823 0.204962 -0.000000 0.000000 7.000000 0.039000
1016.000000 0.000823 0.204962 -0.000000 0.000000 7.000000 0.039000
1017.000000 0.000823 0.204962 -0.000000 0.000000 7.000000 0.039000
1018.000000 0.000823 0.204962 -0.000000 0.000000 7.000000 0.039000
1019.000000 0.000823 0.204962 -0.000000 0.000000 7.000000 0.039000
1020.000000 0.000823 0.204962 -0.000000 0.000000 7.000000 0.039000
1021.000000 0.000823 0.204962 -0.000000 0.000000 7.000000 0.039000
1022.000000 0.000823 0.204962 -0.000000 0.000000 7.000000 0.039000
1023.000000 0.000823 0.204962 -0.000000 0.000000 7.000000 0.039000
1024.000000 0.000823 0.204962 -0.000000 0.000000 7.000000 0.039000
1025.000000 0.000823 0.204962 -0.000000 0.000000 7.000000 0.039000
1026.000000 0.000823 0.204962 -0.000000 0.000000 7.000000 0.039000
1027.000000 0.000823 0.204962 -0.000000 0.000000 7.000000 0.039000
1028.000000 0.000823 0.204962 -0.000000 0.000000 7.000000 0.039000
1029.000000 0.000823 0.204962 -0.000000 0.000000 7.000000 0.039000
1030.000000 0.000823 0.204962 -0.000000 0.000000 7.000000 0.039000
1031.000000 0.000823 0.204962 -0.000000 0.000000 7.000000 0.039000
1032.000000 0.000823 0.204962 -0.000000 0.000000 7.000000 0.039000
1033.000000 0.000823 0.204962 -0.000000 0.000000 7.000000 0.039000
1034.000000 0.000823 0.204962 -0.000000 0.000000 7.000000 0.039000
1035.000000 0.000823 0.204962 -0.000000 0.000000 7.000000 0.039000
1036.000000 0.000823 0.204962 -0.000000 0.000000 7.000000 0.039000
1037.000000 0.000823 0.204962 -0.000000 0.000000 7.000000 0.039000
1038.000000 0.000823 0.204962 -0.000000 0.000000 7.000000 0.039000
1039.000000 0.000823 0.204962 -0.000000 0.000000 7.000000 0.039000
1040.000000 0.000823 0.204962 -0.000000 0.000000 7.000000 0.039000
1041.000000 0.000823 0.204962 -0.000000 0.000000 7.000000 0.039000
1042.000000 0.000823 0.204962 -0.000000 0.000000 7.000000 0.039000
1043.000000 0.000823 0.204962 -0.000000 0.000000 7.000000 0.039000
1044.000000 0.000823 0.204962 -0.000000 0.000000 7.000000 0.039000
1045.000000 0.000823 0.204962 -0.000000 0.000000 7.000000 0.039000
1046.000000 0.000823 0.204962 -0.000000 0.000000 7.000000 0.039000
1047.000000 0.000823 0.204962 -0.000000 0.000000 7.000000 0.039000
1048.000000 0.000823 0.204962 -0.000000 0.000000 7.000000 0.039000
1049.000000 0.000823 0.204962 -0.000000 0.000000 7.000000 0.039000
1050.000000 0.000823 0.204962 -0.000000 0.000000 7.000000 0.039000
1051.000000 0.000823 0.204962 -0.000000 0.000000 7.000000 0.039000
1052.000000 0.000823 0.204962 -0.000000 0.000000 7.000000 0.039000
1053.000000 0.000823 0.204962 -0.000000 0.000000 7.000000 0.039000
1054.000000 0.000823 0.204962 -0.000000 0.000000 7.000000 0.039000
1055.000000 0.000823 0.204962 -0.000000 0.000000 7.000000 0.039000
1056.000000 0.000823 0.204962 -0.000000 0.000000 7.000000 0.039000
1057.000000 0.000823 0.204962 -0.000000 0.000000 7.000000 0.039000
1058.000000 0.000823 0.204962 -0.000000 0.000000 7.000000 0.039000
1059.000000 0.000823 0.204962 -0.000000 0.000000 7.000000 0.039000
1060.000000 0.000823 0.204962 -0.000000 0.000000 7.000000 0.039000
1061.000000 0.000823 0.204962 -0.000000 0.000000 7.000000 0.039000
1062.000000 0.000823 0.204962 -0.000000 0.000000 7.000000 0.039000
1063.000000 0.000823 0.204962 -0.000000 0.000000 7.000000 0.039000
1064.000000 0.000823 0.204962 -0.000000 0.000000 7.000000 0.039000
1065.000000 0.000823 0.204962 -0.000000 0.000000 7.000000 0.039000
1066.000000 0.000823 0.204962 -0.000000 0.000000 7.000000 0.039000
1067.000000 0.000823 0.204962 -0.000000 0.000000 7.000000 0.039000
1068.000000 0.000823 0.204962 -0.000000 0.000000 7.000000 0.039000
1069.000000 0.000823 0.204962 -0.000000 0.000000 7.000000 0.039000
1070.000000 0.000823 0.204962 -0.000000 0.000000 7.000000 0.039000
1071.000000 0.000823 0.204962 -0.000000 0.000000 7.000000 0.039000
1072.000000 0.000823 0.204962 -0.000000 0.000000 7.000000 0.039000
1073.000000 0.000823 0.204962 -0.000000 0.000000 7.000000 0.039000
1074.000000 0.000823 0.204962 -0.000000 0.000000 7.000000 0.039000
1075.000000 0.000823 0.204962 -0.000000 0.000000 7.000000 0.039000
1076.000000 0.000823 0.204962 -0.000000 0.000000 7.000000 0.039000
1077.000000 0.000823 0.204962 -0.000000 0.000000 7.000000 0.039000
1078.000000 0.000823 0.204962 -0.000000 0.000000 7.000000 0.039000
1079.000000 0.000823 0.204962 -0.000000 0.000000 7.000000 0.039000
1080.000000 0.000823 0.204962 -0.000000 0.000000 7.000000 0.039000
1081.000000 0.000823 0.204962 -0.000000 0.000000 7.000000 0.039000
1082.000000 0.000823 0.204962 -0.000000 0.000000 7.000000 0.039000
1083.000000 0.000823 0.204962 -0.000000 0.000000 7.000000 0.039000
1084.000000 0.000823 0.204962 -0.000000 0.000000 7.000000 0.039000
1085.000000 0.000823 0.204962 -0.000000 0.000000 7.000000 0.039000
1086.000000 0.000823 0.204962 -0.000000 0.000000 7.000000 0.039000
1087.000000 0.000823 0.204962 -0.000000 0.000000 7.000000 0.039000
1088.000000 0.000823 0.204962 -0.000000 0.000000 7.000000 0.039000
1089.000000 0.000823 0.204962 -0.000000 0.000000 7.000000 0.039000
1090.000000 0.000823 0.204962 -0.000000 0.000000 7.000000 0.039000
1091.000000 0.000823 0.204962 -0.000000 0.000000 7.000000 0.039000
1092.000000 0.000823 0.204962 -0.000000 0.000000 7.000000 0.039000
1093.000000 0.000823 0.204962 -0.000000 0.000000 7.000000 0.039000
1094.000000 0.000823 0.204962 -0.000000 0.000000 7.000000 0.039000
1095.000000 0.000823 0.204962 -0.000000 0.000000 7.000000 0.039000
1096.000000 0.000823 0.204962 -0.000000 0.000000 7.000000 0.039000
1097.000000 0.000823 0.204962 -0.000000 0.000000 7.000000 0.039000
1098.000000 0.000823 0.204962 -0.000000 0.000000 7.000000 0.039000
1099.000000 0.000823 0.204962 -0.000000 0.000000 7.000000 0.039000
1100.000000 0.000823 0.204962 -0.000000 0.000000 7.000000 0.039000
1101.000000 0.000823 0.204962 -0.000000 0.000000 7.000000 0.039000
1102.000000 0.000823 0.204962 -0.000000 0.000000 7.000000 0.039000
1103.000000 0.000823 0.204962 -0.000000 0.000000 7.000000 0.039000
1104.000000 0.000823 0.204962 -0.000000 0.000000 7.000000 0.039000
1105.000000 0.000823 0.204962 -0.000000 0.000000 7.000000 0.039000
1106.000000 0.000823 0.204962 -0.000000 0.000000 7.000000 0.039000
1107.000000 0.000823 0.204962 -0.000000 0.000000 7.000000 0.039000
1108.000000 0.000823 0.204962 -0.000000 0.000000 7.000000 0.039000
1109.000000 0.000823 0.204962 -0.000000 0.000000 7.000000 0.039000
1110.000000 0.000823 0.204962 -0.000000 0.000000 7.000000 0.039000
1111.000000 0.000823 0.204962 -0.000000 0.000000 7.000000 0.039000
1112.000000 0.000823 0.204962 -0.000000 0.000000 7.000000 0.039000
1113.000000 0.000823 0.204962 -0.000000 0.000000 7.000000 0.039000
1114.000000 0.000823 0.204962 -0.000000 0.000000 7.000000 0.039000
