# imt log
s logheadsize 000234
s logcolumns 7
s logname /home/testac/lgames/fitts/20180723_Mon/run1.103756.dat
s logversion 2.0
s logdate "Mon Jul 23 10:37:56 EDT 2018"
s logidate 1532356676

# begin user data

# end user data

#####
4758.000000 0.009227 0.040772 -0.085710 -0.277177 0.000000 0.000000
4759.000000 0.008794 0.039448 -0.085422 -0.274511 0.000000 0.000000
4760.000000 0.008317 0.038163 -0.089135 -0.267552 0.000000 0.000000
4761.000000 0.007865 0.036804 -0.092017 -0.265719 7.000000 0.033000
4762.000000 0.007457 0.035447 -0.090109 -0.268279 7.000000 0.033000
4763.000000 0.007033 0.034054 -0.087728 -0.271253 7.000000 0.033000
4764.000000 0.006575 0.032737 -0.088916 -0.270823 7.000000 0.033000
4765.000000 0.006123 0.031459 -0.090885 -0.264980 7.000000 0.033000
4766.000000 0.005695 0.030108 -0.090445 -0.263678 7.000000 0.033000
4767.000000 0.005233 0.028833 -0.090665 -0.262884 7.000000 0.033000
4768.000000 0.004767 0.027558 -0.092630 -0.258696 7.000000 0.033000
4769.000000 0.004257 0.026323 -0.096004 -0.254612 7.000000 0.033000
4770.000000 0.003771 0.025014 -0.098745 -0.254219 7.000000 0.033000
4771.000000 0.003341 0.023744 -0.096167 -0.255688 7.000000 0.033000
4772.000000 0.002895 0.022439 -0.092837 -0.256280 7.000000 0.033000
4773.000000 0.002429 0.021246 -0.092893 -0.252818 7.000000 0.033000
4774.000000 0.001947 0.020018 -0.094710 -0.247277 7.000000 0.033000
4775.000000 0.001460 0.018790 -0.096626 -0.246142 7.000000 0.033000
4776.000000 0.000981 0.017602 -0.097422 -0.243613 7.000000 0.033000
4777.000000 0.000510 0.016451 -0.097034 -0.238562 7.000000 0.033000
4778.000000 -0.000016 0.015302 -0.099157 -0.234037 7.000000 0.033000
4779.000000 -0.000507 0.014118 -0.101228 -0.233415 7.000000 0.033000
4780.000000 -0.000951 0.012934 -0.098215 -0.234792 7.000000 0.033000
4781.000000 -0.001399 0.011752 -0.094531 -0.235371 7.000000 0.033000
4782.000000 -0.001877 0.010645 -0.094307 -0.231919 7.000000 0.033000
4783.000000 -0.002358 0.009540 -0.095847 -0.226410 7.000000 0.033000
4784.000000 -0.002856 0.008399 -0.097628 -0.225278 7.000000 0.033000
4785.000000 -0.003345 0.007295 -0.098882 -0.224576 7.000000 0.033000
4786.000000 -0.003773 0.006230 -0.096003 -0.220522 7.000000 0.033000
4787.000000 -0.004295 0.005203 -0.096144 -0.214715 7.000000 0.033000
4788.000000 -0.004781 0.004141 -0.099100 -0.211617 7.000000 0.033000
4789.000000 -0.005231 0.003042 -0.097100 -0.213558 7.000000 0.033000
4790.000000 -0.005711 0.002018 -0.095729 -0.212638 7.000000 0.033000
4791.000000 -0.006180 0.001033 -0.095909 -0.206655 7.000000 0.033000
4792.000000 -0.006652 0.000048 -0.095618 -0.201708 7.000000 0.033000
4793.000000 -0.007141 -0.000972 -0.096445 -0.200859 7.000000 0.033000
4794.000000 -0.007605 -0.001918 -0.096448 -0.198539 7.000000 0.033000
4795.000000 -0.008072 -0.002864 -0.095356 -0.193681 7.000000 0.033000
4796.000000 -0.008606 -0.003697 -0.098181 -0.185679 7.000000 0.033000
4797.000000 -0.009078 -0.004640 -0.099886 -0.181496 7.000000 0.033000
4798.000000 -0.009500 -0.005583 -0.095251 -0.184741 7.000000 0.033000
4799.000000 -0.009963 -0.006487 -0.092437 -0.184516 7.000000 0.033000
4800.000000 -0.010439 -0.007281 -0.093624 -0.177116 7.000000 0.033000
4801.000000 -0.010892 -0.008148 -0.093751 -0.171476 7.000000 0.033000
4802.000000 -0.011334 -0.008977 -0.092102 -0.170345 7.000000 0.033000
4803.000000 -0.011816 -0.009768 -0.092667 -0.166082 7.000000 0.033000
4804.000000 -0.012262 -0.010596 -0.093162 -0.163823 7.000000 0.033000
4805.000000 -0.012758 -0.011276 -0.094041 -0.157234 7.000000 0.033000
4806.000000 -0.013232 -0.012028 -0.095865 -0.150198 7.000000 0.033000
4807.000000 -0.013615 -0.012819 -0.091232 -0.152026 7.000000 0.033000
4808.000000 -0.014077 -0.013534 -0.088308 -0.151116 7.000000 0.033000
4809.000000 -0.014511 -0.014176 -0.089295 -0.143410 7.000000 0.033000
4810.000000 -0.014962 -0.014854 -0.089215 -0.137651 7.000000 0.033000
4811.000000 -0.015375 -0.015568 -0.088168 -0.138236 7.000000 0.033000
4812.000000 -0.015799 -0.016172 -0.086256 -0.134962 7.000000 0.033000
4813.000000 -0.016223 -0.016776 -0.085812 -0.127892 7.000000 0.033000
4814.000000 -0.016704 -0.017378 -0.088391 -0.124143 7.000000 0.033000
4815.000000 -0.017061 -0.017946 -0.086372 -0.120516 7.000000 0.033000
4816.000000 -0.017435 -0.018550 -0.080123 -0.118774 7.000000 0.033000
4817.000000 -0.017888 -0.019078 -0.081629 -0.115915 7.000000 0.033000
4818.000000 -0.018257 -0.019536 -0.082063 -0.107344 7.000000 0.033000
4819.000000 -0.018657 -0.020066 -0.079714 -0.103009 7.000000 0.033000
4820.000000 -0.019027 -0.020523 -0.078588 -0.100764 7.000000 0.033000
4821.000000 -0.019414 -0.021015 -0.077331 -0.097828 7.000000 0.033000
4822.000000 -0.019769 -0.021436 -0.075973 -0.094555 7.000000 0.033000
4823.000000 -0.020181 -0.021855 -0.076481 -0.089264 7.000000 0.033000
4824.000000 -0.020522 -0.022240 -0.076007 -0.084798 7.000000 0.033000
4825.000000 -0.020863 -0.022624 -0.072346 -0.080846 7.000000 0.033000
4826.000000 -0.021206 -0.023008 -0.070540 -0.078802 7.000000 0.033000
4827.000000 -0.021516 -0.023321 -0.068071 -0.074261 7.000000 0.033000
4828.000000 -0.021844 -0.023669 -0.066070 -0.070182 7.000000 0.033000
4829.000000 -0.022194 -0.023944 -0.066988 -0.066238 7.000000 0.033000
4830.000000 -0.022490 -0.024220 -0.065891 -0.060738 7.000000 0.033000
4831.000000 -0.022841 -0.024494 -0.065373 -0.057907 7.000000 0.033000
4832.000000 -0.023121 -0.024735 -0.064330 -0.054715 7.000000 0.033000
4833.000000 -0.023401 -0.024976 -0.060321 -0.051447 7.000000 0.033000
4834.000000 -0.023643 -0.025254 -0.056412 -0.051609 7.000000 0.033000
4835.000000 -0.023891 -0.025424 -0.052816 -0.048218 7.000000 0.033000
4836.000000 -0.024139 -0.025593 -0.051278 -0.041173 7.000000 0.033000
4837.000000 -0.024387 -0.025763 -0.050509 -0.037571 7.000000 0.033000
4838.000000 -0.024658 -0.025859 -0.051208 -0.032150 7.000000 0.033000
4839.000000 -0.024890 -0.025993 -0.050763 -0.027648 7.000000 0.033000
4840.000000 -0.025144 -0.026054 -0.049725 -0.023615 7.000000 0.033000
4841.000000 -0.025343 -0.026117 -0.047569 -0.018099 7.000000 0.033000
4842.000000 -0.025559 -0.026215 -0.044586 -0.017127 7.000000 0.033000
4843.000000 -0.025719 -0.026316 -0.041180 -0.018475 7.000000 0.033000
4844.000000 -0.025885 -0.026309 -0.036987 -0.013978 7.000000 0.033000
4845.000000 -0.026012 -0.026339 -0.033216 -0.008232 7.000000 0.033000
4846.000000 -0.026178 -0.026331 -0.031293 -0.005300 7.000000 0.033000
4847.000000 -0.026327 -0.026289 -0.031380 -0.000228 7.000000 0.033000
4848.000000 -0.026476 -0.026246 -0.030603 0.004087 7.000000 0.033000
4849.000000 -0.026608 -0.026168 -0.029383 0.008014 7.000000 0.033000
4850.000000 -0.026741 -0.026090 -0.027938 0.011743 7.000000 0.033000
4851.000000 -0.026851 -0.026085 -0.026134 0.010068 7.000000 0.033000
4852.000000 -0.026889 -0.026047 -0.020619 0.007236 7.000000 0.033000
4853.000000 -0.026950 -0.025936 -0.015344 0.010970 7.000000 0.033000
4854.000000 -0.027027 -0.025861 -0.014544 0.014727 7.000000 0.033000
4855.000000 -0.027120 -0.025820 -0.015775 0.013191 7.000000 0.033000
4856.000000 -0.027159 -0.025782 -0.014517 0.010556 7.000000 0.033000
4857.000000 -0.027197 -0.025745 -0.011168 0.009086 7.000000 0.033000
4858.000000 -0.027224 -0.025563 -0.008885 0.015368 7.000000 0.033000
4859.000000 -0.027212 -0.025420 -0.005266 0.023748 7.000000 0.033000
4860.000000 -0.027145 -0.025279 0.001163 0.026039 7.000000 0.033000
4861.000000 -0.027095 -0.025174 0.006320 0.025354 7.000000 0.033000
4862.000000 -0.027029 -0.025033 0.008942 0.025007 7.000000 0.033000
4863.000000 -0.026962 -0.024892 0.011090 0.026560 7.000000 0.033000
4864.000000 -0.026879 -0.024716 0.012992 0.029083 7.000000 0.033000
4865.000000 -0.026812 -0.024575 0.013956 0.030371 7.000000 0.033000
4866.000000 -0.026712 -0.024363 0.015250 0.032761 7.000000 0.033000
4867.000000 -0.026629 -0.024187 0.016716 0.035711 7.000000 0.033000
4868.000000 -0.026513 -0.023940 0.018258 0.038952 7.000000 0.033000
4869.000000 -0.026397 -0.023694 0.020653 0.044069 7.000000 0.033000
4870.000000 -0.026298 -0.023482 0.021048 0.044953 7.000000 0.033000
4871.000000 -0.026199 -0.023270 0.020427 0.043678 7.000000 0.033000
4872.000000 -0.026083 -0.023023 0.020903 0.044767 7.000000 0.033000
4873.000000 -0.025891 -0.022852 0.025710 0.043354 7.000000 0.033000
4874.000000 -0.025683 -0.022645 0.032717 0.040672 7.000000 0.033000
4875.000000 -0.025436 -0.022475 0.038961 0.039198 7.000000 0.033000
4876.000000 -0.025189 -0.022306 0.044010 0.036609 7.000000 0.033000
4877.000000 -0.024926 -0.022101 0.047361 0.037041 7.000000 0.033000
4878.000000 -0.024664 -0.021896 0.049846 0.039012 7.000000 0.033000
4879.000000 -0.024456 -0.021688 0.048403 0.040143 7.000000 0.033000
4880.000000 -0.024211 -0.021518 0.046851 0.038996 7.000000 0.033000
4881.000000 -0.023933 -0.021277 0.049513 0.040054 7.000000 0.033000
4882.000000 -0.023671 -0.021071 0.051642 0.042346 7.000000 0.033000
4883.000000 -0.023355 -0.020868 0.054587 0.041687 13.000000 0.033000
4884.000000 -0.023039 -0.020664 0.058744 0.041263 13.000000 0.033000
4885.000000 -0.022707 -0.020424 0.061616 0.042813 13.000000 0.033000
4886.000000 -0.022392 -0.020220 0.063052 0.043623 13.000000 0.033000
4887.000000 -0.022023 -0.020018 0.065644 0.042219 13.000000 0.033000
4888.000000 -0.021747 -0.019775 0.065040 0.043365 13.000000 0.033000
4889.000000 -0.021432 -0.019570 0.062026 0.044073 13.000000 0.033000
4890.000000 -0.021064 -0.019367 0.065031 0.042516 13.000000 0.033000
4891.000000 -0.020718 -0.019091 0.068079 0.045239 13.000000 0.033000
4892.000000 -0.020350 -0.018887 0.069601 0.046655 13.000000 0.033000
4893.000000 -0.019928 -0.018685 0.074134 0.043730 13.000000 0.033000
4894.000000 -0.019522 -0.018518 0.078317 0.040431 13.000000 0.033000
4895.000000 -0.019140 -0.018278 0.078507 0.040621 13.000000 0.033000
4896.000000 -0.018757 -0.018037 0.077434 0.044334 13.000000 0.033000
4897.000000 -0.018376 -0.017797 0.076846 0.046257 13.000000 0.033000
4898.000000 -0.017994 -0.017555 0.076507 0.047267 13.000000 0.033000
4899.000000 -0.017574 -0.017351 0.078202 0.045981 13.000000 0.033000
4900.000000 -0.017155 -0.017147 0.080935 0.043526 13.000000 0.033000
4901.000000 -0.016720 -0.016906 0.083042 0.044067 13.000000 0.033000
4902.000000 -0.016340 -0.016664 0.082170 0.046204 13.000000 0.033000
4903.000000 -0.015867 -0.016460 0.083592 0.045506 13.000000 0.033000
4904.000000 -0.015434 -0.016218 0.086935 0.045113 13.000000 0.033000
4905.000000 -0.015017 -0.016012 0.085942 0.045019 13.000000 0.033000
4906.000000 -0.014569 -0.015734 0.086129 0.046771 13.000000 0.033000
4907.000000 -0.014152 -0.015527 0.086192 0.047696 13.000000 0.033000
4908.000000 -0.013682 -0.015321 0.087349 0.044627 13.000000 0.033000
4909.000000 -0.013235 -0.015042 0.089371 0.046624 13.000000 0.033000
4910.000000 -0.012766 -0.014835 0.090363 0.047684 13.000000 0.033000
4911.000000 -0.012281 -0.014592 0.092733 0.046450 13.000000 0.033000
4912.000000 -0.011812 -0.014384 0.093903 0.045863 13.000000 0.033000
4913.000000 -0.011383 -0.014139 0.091799 0.045655 13.000000 0.033000
4914.000000 -0.010939 -0.013857 0.089485 0.049173 13.000000 0.033000
4915.000000 -0.010472 -0.013648 0.090188 0.049190 13.000000 0.033000
4916.000000 -0.010005 -0.013439 0.091701 0.045657 13.000000 0.033000
4917.000000 -0.009523 -0.013193 0.093147 0.045672 13.000000 0.033000
4918.000000 -0.009082 -0.012910 0.092627 0.049300 13.000000 0.033000
4919.000000 -0.008616 -0.012699 0.091602 0.049422 13.000000 0.033000
4920.000000 -0.008136 -0.012452 0.092955 0.047718 13.000000 0.033000
4921.000000 -0.007656 -0.012205 0.094312 0.048667 13.000000 0.033000
4922.000000 -0.007192 -0.011993 0.094251 0.047418 13.000000 0.033000
4923.000000 -0.006753 -0.011707 0.092231 0.048629 13.000000 0.033000
4924.000000 -0.006289 -0.011495 0.091166 0.049286 13.000000 0.033000
4925.000000 -0.005826 -0.011281 0.091808 0.046082 13.000000 0.033000
4926.000000 -0.005349 -0.011032 0.092789 0.046271 13.000000 0.033000
4927.000000 -0.004912 -0.010745 0.092000 0.049985 13.000000 0.033000
4928.000000 -0.004436 -0.010494 0.091548 0.051923 13.000000 0.033000
4929.000000 -0.003975 -0.010279 0.092518 0.049371 13.000000 0.033000
4930.000000 -0.003500 -0.010027 0.092961 0.048117 13.000000 0.033000
4931.000000 -0.003039 -0.009812 0.093149 0.047517 13.000000 0.033000
4932.000000 -0.002644 -0.009486 0.089299 0.050836 13.000000 0.033000
4933.000000 -0.002171 -0.009233 0.087977 0.054355 13.000000 0.033000
4934.000000 -0.001726 -0.009053 0.089789 0.049029 13.000000 0.033000
4935.000000 -0.001253 -0.008799 0.090660 0.046361 13.000000 0.033000
4936.000000 -0.000835 -0.008545 0.089796 0.048611 13.000000 0.033000
4937.000000 -0.000363 -0.008290 0.089304 0.049803 13.000000 0.033000
4938.000000 0.000094 -0.008072 0.090962 0.048661 13.000000 0.033000
4939.000000 0.000525 -0.007780 0.089799 0.049905 13.000000 0.033000
4940.000000 0.000982 -0.007560 0.089169 0.050579 13.000000 0.033000
4941.000000 0.001358 -0.007268 0.086173 0.050945 13.000000 0.033000
4942.000000 0.001774 -0.007011 0.082651 0.052951 13.000000 0.033000
4943.000000 0.002175 -0.006791 0.082109 0.050429 13.000000 0.033000
4944.000000 0.002630 -0.006570 0.083746 0.047404 13.000000 0.033000
4945.000000 0.003044 -0.006312 0.085196 0.047689 13.000000 0.033000
4946.000000 0.003458 -0.006055 0.083932 0.049649 13.000000 0.033000
4947.000000 0.003872 -0.005796 0.083241 0.050682 13.000000 0.033000
4948.000000 0.004271 -0.005574 0.082199 0.049444 13.000000 0.033000
4949.000000 0.004684 -0.005315 0.081621 0.048848 13.000000 0.033000
4950.000000 0.005056 -0.005020 0.079965 0.052144 13.000000 0.033000
4951.000000 0.005441 -0.004834 0.077801 0.050256 13.000000 0.033000
4952.000000 0.005799 -0.004574 0.076009 0.047522 13.000000 0.033000
4953.000000 0.006197 -0.004351 0.075705 0.047959 13.000000 0.033000
4954.000000 0.006594 -0.004127 0.077477 0.046443 13.000000 0.033000
4955.000000 0.007004 -0.003866 0.078972 0.047506 13.000000 0.033000
4956.000000 0.007387 -0.003678 0.079070 0.046274 13.000000 0.033000
4957.000000 0.007743 -0.003417 0.076473 0.045637 13.000000 0.033000
4958.000000 0.008099 -0.003156 0.073775 0.048908 13.000000 0.033000
4959.000000 0.008441 -0.002931 0.071737 0.048794 13.000000 0.033000
4960.000000 0.008783 -0.002706 0.070035 0.046955 13.000000 0.033000
4961.000000 0.009125 -0.002481 0.069136 0.046041 13.000000 0.033000
4962.000000 0.009466 -0.002256 0.068645 0.045599 13.000000 0.033000
4963.000000 0.009807 -0.002030 0.068362 0.045398 13.000000 0.033000
4964.000000 0.010148 -0.001804 0.068184 0.045319 13.000000 0.033000
4965.000000 0.010488 -0.001578 0.068060 0.045303 13.000000 0.033000
4966.000000 0.010828 -0.001352 0.067963 0.045318 13.000000 0.033000
4967.000000 0.011195 -0.001198 0.069254 0.041785 13.000000 0.033000
4968.000000 0.011481 -0.000972 0.067289 0.039948 13.000000 0.033000
4969.000000 0.011768 -0.000746 0.062305 0.042540 13.000000 0.033000
4970.000000 0.012094 -0.000556 0.061719 0.042127 13.000000 0.033000
4971.000000 0.012367 -0.000367 0.060789 0.040119 13.000000 0.033000
4972.000000 0.012705 -0.000139 0.060888 0.040933 13.000000 0.033000
4973.000000 0.013030 0.000052 0.063500 0.041428 13.000000 0.033000
4974.000000 0.013343 0.000206 0.063603 0.038074 13.000000 0.033000
4975.000000 0.013615 0.000396 0.061049 0.036316 13.000000 0.033000
4976.000000 0.013940 0.000588 0.060322 0.037256 13.000000 0.033000
4977.000000 0.014171 0.000814 0.057943 0.039493 13.000000 0.033000
4978.000000 0.014418 0.000930 0.052946 0.036947 13.000000 0.033000
4979.000000 0.014702 0.001158 0.052949 0.035736 13.000000 0.033000
4980.000000 0.014973 0.001349 0.054119 0.038765 13.000000 0.033000
4981.000000 0.015272 0.001467 0.055502 0.034947 13.000000 0.033000
4982.000000 0.015531 0.001621 0.055598 0.031198 13.000000 0.033000
4983.000000 0.015842 0.001777 0.056218 0.031124 13.000000 0.033000
4984.000000 0.016100 0.001931 0.056518 0.031099 13.000000 0.033000
4985.000000 0.016358 0.002086 0.054077 0.031024 13.000000 0.033000
4986.000000 0.016563 0.002239 0.050244 0.030915 13.000000 0.033000
4987.000000 0.016821 0.002394 0.048274 0.030874 13.000000 0.033000
4988.000000 0.017067 0.002512 0.049252 0.029123 13.000000 0.033000
4989.000000 0.017312 0.002630 0.049156 0.026423 13.000000 0.033000
4990.000000 0.017558 0.002748 0.049096 0.025058 13.000000 0.033000
4991.000000 0.017774 0.002938 0.047632 0.027932 13.000000 0.033000
4992.000000 0.018060 0.003021 0.048872 0.027674 13.000000 0.033000
4993.000000 0.018293 0.003102 0.050337 0.022172 13.000000 0.033000
4994.000000 0.018497 0.003256 0.047078 0.022849 13.000000 0.033000
4995.000000 0.018701 0.003410 0.043984 0.026759 13.000000 0.033000
4996.000000 0.018934 0.003492 0.043823 0.025204 13.000000 0.033000
4997.000000 0.019167 0.003574 0.045158 0.020865 13.000000 0.033000
4998.000000 0.019400 0.003655 0.045832 0.018665 13.000000 0.033000
4999.000000 0.019633 0.003737 0.046169 0.017554 13.000000 0.033000
5000.000000 0.019866 0.003819 0.046334 0.016998 13.000000 0.033000
5001.000000 0.020098 0.003901 0.046410 0.016725 13.000000 0.033000
5002.000000 0.020331 0.003983 0.046442 0.016596 13.000000 0.033000
5003.000000 0.020522 0.004101 0.044447 0.018265 13.000000 0.033000
5004.000000 0.020743 0.004146 0.042864 0.017300 13.000000 0.033000
5005.000000 0.020912 0.004189 0.040926 0.013161 13.000000 0.033000
5006.000000 0.021133 0.004235 0.039935 0.011061 13.000000 0.033000
5007.000000 0.021353 0.004280 0.041994 0.010100 13.000000 0.033000
5008.000000 0.021574 0.004325 0.043039 0.009619 13.000000 0.033000
5009.000000 0.021754 0.004406 0.041561 0.011104 13.000000 0.033000
5010.000000 0.022015 0.004417 0.042813 0.010150 13.000000 0.033000
5011.000000 0.022195 0.004497 0.043444 0.009668 13.000000 0.033000
5012.000000 0.022363 0.004541 0.039193 0.011046 13.000000 0.033000
5013.000000 0.022573 0.004550 0.038475 0.008206 13.000000 0.033000
5014.000000 0.022770 0.004521 0.039564 0.003217 13.000000 0.033000
5015.000000 0.022980 0.004530 0.040118 0.000683 13.000000 0.033000
5016.000000 0.023189 0.004539 0.040956 0.001228 13.000000 0.033000
5017.000000 0.023398 0.004548 0.041383 0.001514 13.000000 0.033000
5018.000000 0.023607 0.004557 0.041600 0.001667 13.000000 0.033000
5019.000000 0.023846 0.004494 0.043174 -0.001790 13.000000 0.033000
5020.000000 0.024014 0.004538 0.041960 -0.001831 13.000000 0.033000
5021.000000 0.024171 0.004545 0.037318 0.001584 13.000000 0.033000
5022.000000 0.024380 0.004554 0.036965 0.001617 13.000000 0.033000
5023.000000 0.024567 0.004489 0.038252 -0.001905 13.000000 0.033000
5024.000000 0.024776 0.004498 0.038907 -0.003691 13.000000 0.033000
5025.000000 0.024974 0.004470 0.039794 -0.002764 13.000000 0.033000
5026.000000 0.025131 0.004478 0.037680 -0.002405 13.000000 0.033000
5027.000000 0.025329 0.004450 0.036606 -0.002215 13.000000 0.033000
5028.000000 0.025527 0.004422 0.038076 -0.003822 13.000000 0.033000
5029.000000 0.025725 0.004395 0.038828 -0.004634 13.000000 0.033000
5030.000000 0.025882 0.004402 0.037193 -0.003334 13.000000 0.033000
5031.000000 0.026080 0.004375 0.036362 -0.002664 13.000000 0.033000
5032.000000 0.026256 0.004273 0.036870 -0.007687 13.000000 0.033000
5033.000000 0.026454 0.004246 0.037131 -0.010239 13.000000 0.033000
5034.000000 0.026611 0.004253 0.036336 -0.006167 13.000000 0.033000
5035.000000 0.026798 0.004189 0.035389 -0.005916 13.000000 0.033000
5036.000000 0.026955 0.004197 0.034906 -0.005785 13.000000 0.033000
5037.000000 0.027184 0.004098 0.036689 -0.007412 13.000000 0.033000
5038.000000 0.027352 0.004143 0.038137 -0.006406 13.000000 0.033000
5039.000000 0.027498 0.004113 0.034832 -0.002483 13.000000 0.033000
5040.000000 0.027644 0.004084 0.032063 -0.004144 13.000000 0.033000
5041.000000 0.027831 0.004020 0.032680 -0.006686 13.000000 0.033000
5042.000000 0.027977 0.003991 0.032996 -0.007978 13.000000 0.033000
5043.000000 0.028123 0.003961 0.031133 -0.006931 13.000000 0.033000
5044.000000 0.028321 0.003935 0.032754 -0.006259 13.000000 0.033000
5045.000000 0.028508 0.003871 0.035610 -0.007608 13.000000 0.033000
5046.000000 0.028654 0.003842 0.034498 -0.008426 13.000000 0.033000
5047.000000 0.028812 0.003850 0.032445 -0.005308 13.000000 0.033000
5048.000000 0.028927 0.003893 0.029908 -0.000188 13.000000 0.033000
5049.000000 0.029115 0.003829 0.030108 -0.001102 13.000000 0.033000
5050.000000 0.029261 0.003800 0.031701 -0.005094 13.000000 0.033000
5051.000000 0.029448 0.003737 0.032517 -0.007120 13.000000 0.033000
5052.000000 0.029605 0.003745 0.033471 -0.006316 13.000000 0.033000
5053.000000 0.029793 0.003682 0.033961 -0.005898 13.000000 0.033000
5054.000000 0.029981 0.003619 0.035708 -0.009206 13.000000 0.033000
5055.000000 0.030138 0.003627 0.035103 -0.007361 13.000000 0.033000
5056.000000 0.030295 0.003636 0.033299 -0.002891 13.000000 0.033000
5057.000000 0.030441 0.003607 0.031845 -0.002444 13.000000 0.033000
5058.000000 0.030576 0.003541 0.030036 -0.005881 13.000000 0.033000
5059.000000 0.030775 0.003516 0.031685 -0.007480 13.000000 0.033000
5060.000000 0.030921 0.003487 0.033062 -0.006458 13.000000 0.033000
5061.000000 0.031079 0.003496 0.031729 -0.004243 13.000000 0.033000
5062.000000 0.031266 0.003433 0.033089 -0.004796 13.000000 0.033000
5063.000000 0.031465 0.003408 0.035819 -0.006758 13.000000 0.033000
5064.000000 0.031622 0.003417 0.035707 -0.004232 13.000000 0.033000
5065.000000 0.031780 0.003426 0.033612 -0.001255 13.000000 0.033000
5066.000000 0.031937 0.003435 0.032544 0.000267 13.000000 0.033000
5067.000000 0.032072 0.003369 0.030940 -0.002626 13.000000 0.033000
5068.000000 0.032271 0.003344 0.032163 -0.005776 13.000000 0.033000
5069.000000 0.032470 0.003319 0.035890 -0.005387 13.000000 0.033000
5070.000000 0.032658 0.003257 0.037263 -0.007017 13.000000 0.033000
5071.000000 0.032857 0.003232 0.037964 -0.007840 13.000000 0.033000
5072.000000 0.033056 0.003207 0.038853 -0.006416 13.000000 0.033000
5073.000000 0.033255 0.003183 0.039308 -0.005683 13.000000 0.033000
5074.000000 0.033423 0.003230 0.038022 -0.001789 13.000000 0.033000
5075.000000 0.033591 0.003277 0.035849 0.003715 13.000000 0.033000
5076.000000 0.033779 0.003215 0.035736 0.001174 13.000000 0.033000
5077.000000 0.033978 0.003190 0.037196 -0.003628 13.000000 0.033000
5078.000000 0.034177 0.003166 0.038470 -0.004230 13.000000 0.033000
5079.000000 0.034376 0.003142 0.039121 -0.004529 13.000000 0.033000
5080.000000 0.034575 0.003117 0.039454 -0.004674 13.000000 0.033000
5081.000000 0.034826 0.003096 0.042198 -0.004574 13.000000 0.033000
5082.000000 0.035025 0.003072 0.043598 -0.004515 13.000000 0.033000
5083.000000 0.035235 0.003086 0.042262 -0.002805 13.000000 0.033000
5084.000000 0.035403 0.003133 0.040052 0.001581 13.000000 0.033000
5085.000000 0.035644 0.003076 0.040459 0.000317 13.000000 0.033000
5086.000000 0.035895 0.003055 0.044768 -0.003656 13.000000 0.033000
5087.000000 0.036095 0.003032 0.044915 -0.004004 13.000000 0.033000
5088.000000 0.036346 0.003011 0.044993 -0.004169 13.000000 0.033000
5089.000000 0.036556 0.003025 0.045551 -0.002407 13.000000 0.033000
5090.000000 0.036849 0.002971 0.047894 -0.003160 13.000000 0.033000
5091.000000 0.037101 0.002952 0.051144 -0.005198 13.000000 0.033000
5092.000000 0.037363 0.002970 0.051262 -0.002719 13.000000 0.033000
5093.000000 0.037584 0.003021 0.049778 0.002055 13.000000 0.033000
5094.000000 0.037783 0.002998 0.045938 0.002478 13.000000 0.033000
5095.000000 0.038035 0.002979 0.045524 -0.000798 13.000000 0.033000
5096.000000 0.038297 0.002997 0.048399 -0.000435 13.000000 0.033000
5097.000000 0.038549 0.002978 0.049867 -0.000238 13.000000 0.033000
5098.000000 0.038853 0.002963 0.052676 -0.001780 13.000000 0.033000
5099.000000 0.039157 0.002948 0.056683 -0.002365 13.000000 0.033000
5100.000000 0.039461 0.002933 0.058727 -0.002645 13.000000 0.033000
5101.000000 0.039682 0.002986 0.055639 0.000530 13.000000 0.033000
5102.000000 0.039986 0.002971 0.054069 0.002166 13.000000 0.033000
5103.000000 0.040280 0.002919 0.056894 -0.002135 13.000000 0.033000
5104.000000 0.040584 0.002905 0.058336 -0.004309 13.000000 0.033000
5105.000000 0.040857 0.002962 0.058013 -0.000068 13.000000 0.033000
5106.000000 0.041161 0.002948 0.057852 0.002111 13.000000 0.033000
5107.000000 0.041476 0.002971 0.059834 0.001589 13.000000 0.033000
5108.000000 0.041822 0.002924 0.062921 -0.000301 13.000000 0.033000
5109.000000 0.042147 0.002986 0.064989 0.000598 13.000000 0.033000
5110.000000 0.042452 0.002973 0.063977 0.002718 13.000000 0.033000
5111.000000 0.042766 0.002997 0.062957 0.001972 13.000000 0.033000
5112.000000 0.043113 0.002951 0.064519 -0.000028 13.000000 0.033000
5113.000000 0.043428 0.002976 0.065311 -0.001031 13.000000 0.033000
5114.000000 0.043785 0.002967 0.066217 0.000328 13.000000 0.033000
5115.000000 0.044142 0.002959 0.068756 -0.000596 13.000000 0.033000
5116.000000 0.044509 0.002989 0.070543 0.000804 13.000000 0.033000
5117.000000 0.044876 0.003019 0.071945 0.003388 13.000000 0.033000
5118.000000 0.045243 0.003049 0.072657 0.004729 13.000000 0.033000
5119.000000 0.045600 0.003042 0.072531 0.003588 13.000000 0.033000
5120.000000 0.046010 0.003040 0.074550 0.001407 13.000000 0.033000
5121.000000 0.046367 0.003033 0.075582 0.000317 13.000000 0.033000
5122.000000 0.046734 0.003064 0.074023 0.001416 13.000000 0.033000
5123.000000 0.047143 0.003062 0.075803 0.002227 13.000000 0.033000
5124.000000 0.047553 0.003061 0.078797 0.001044 13.000000 0.033000
5125.000000 0.047963 0.003060 0.080326 0.000473 13.000000 0.033000
5126.000000 0.048382 0.003097 0.081585 0.002063 13.000000 0.033000
5127.000000 0.048802 0.003134 0.082706 0.004754 13.000000 0.033000
5128.000000 0.049221 0.003172 0.083273 0.006157 13.000000 0.033000
5129.000000 0.049631 0.003172 0.083085 0.005053 13.000000 0.033000
5130.000000 0.050040 0.003173 0.082515 0.002670 13.000000 0.033000
5131.000000 0.050502 0.003178 0.084798 0.001731 13.000000 0.033000
5132.000000 0.050922 0.003217 0.086433 0.003134 13.000000 0.033000
5133.000000 0.051384 0.003223 0.087269 0.003890 13.000000 0.033000
5134.000000 0.051846 0.003230 0.089795 0.002704 13.000000 0.033000
5135.000000 0.052318 0.003275 0.091549 0.003993 13.000000 0.033000
5136.000000 0.052832 0.003288 0.095015 0.004945 13.000000 0.033000
5137.000000 0.053252 0.003329 0.094206 0.005211 13.000000 0.033000
5138.000000 0.053723 0.003375 0.091687 0.006990 13.000000 0.033000
5139.000000 0.054176 0.003346 0.092053 0.004478 13.000000 0.033000
5140.000000 0.054648 0.003393 0.092233 0.003239 13.000000 0.033000
5141.000000 0.055162 0.003407 0.095361 0.004768 13.000000 0.033000
5142.000000 0.055677 0.003423 0.099066 0.004001 13.000000 0.033000
5143.000000 0.056201 0.003476 0.101406 0.005516 13.000000 0.033000
5144.000000 0.056707 0.003455 0.102152 0.004480 13.000000 0.033000
5145.000000 0.057230 0.003509 0.102524 0.004002 13.000000 0.033000
5146.000000 0.057711 0.003597 0.101494 0.009097 13.000000 0.033000
5147.000000 0.058226 0.003615 0.100520 0.009885 13.000000 0.033000
5148.000000 0.058775 0.003563 0.103375 0.003462 13.000000 0.033000
5149.000000 0.059308 0.003657 0.105713 0.003956 13.000000 0.033000
5150.000000 0.059866 0.003644 0.107364 0.006123 13.000000 0.033000
5151.000000 0.060389 0.003702 0.107749 0.005418 13.000000 0.033000
5152.000000 0.060956 0.003728 0.108393 0.006977 13.000000 0.033000
5153.000000 0.061480 0.003787 0.108712 0.007819 13.000000 0.033000
5154.000000 0.062047 0.003814 0.108877 0.008308 13.000000 0.033000
5155.000000 0.062571 0.003874 0.108954 0.008604 13.000000 0.033000
5156.000000 0.063138 0.003902 0.108995 0.008815 13.000000 0.033000
5157.000000 0.063696 0.003893 0.110722 0.005554 13.000000 0.033000
5158.000000 0.064272 0.003960 0.112027 0.005814 13.000000 0.033000
5159.000000 0.064839 0.003991 0.113126 0.007867 13.000000 0.033000
5160.000000 0.065406 0.004021 0.113255 0.007109 13.000000 0.033000
5161.000000 0.066026 0.004059 0.115888 0.007102 13.000000 0.033000
5162.000000 0.066601 0.004129 0.117647 0.009020 13.000000 0.033000
5163.000000 0.067177 0.004199 0.116392 0.011607 13.000000 0.033000
5164.000000 0.067700 0.004264 0.113179 0.012655 13.000000 0.033000
5165.000000 0.068267 0.004298 0.111123 0.011384 13.000000 0.033000
5166.000000 0.068886 0.004339 0.114788 0.009584 13.000000 0.033000
5167.000000 0.069506 0.004380 0.119221 0.009062 13.000000 0.033000
5168.000000 0.070081 0.004454 0.119320 0.010394 13.000000 0.033000
5169.000000 0.070700 0.004497 0.119370 0.011144 13.000000 0.033000
5170.000000 0.071276 0.004572 0.119386 0.011583 13.000000 0.033000
5171.000000 0.071851 0.004647 0.117230 0.013398 13.000000 0.033000
5172.000000 0.072470 0.004692 0.118289 0.012863 13.000000 0.033000
5173.000000 0.073045 0.004769 0.118819 0.012648 13.000000 0.033000
5174.000000 0.073620 0.004846 0.116920 0.014123 13.000000 0.033000
5175.000000 0.074231 0.004855 0.117724 0.011552 13.000000 0.033000
5176.000000 0.074814 0.004972 0.118511 0.012171 13.000000 0.033000
5177.000000 0.075433 0.005020 0.119311 0.014427 13.000000 0.033000
5178.000000 0.076052 0.005069 0.121489 0.012261 13.000000 0.033000
5179.000000 0.076678 0.005157 0.122981 0.013100 13.000000 0.033000
5180.000000 0.077261 0.005276 0.121941 0.016967 13.000000 0.033000
5181.000000 0.077880 0.005327 0.121023 0.017137 13.000000 0.033000
5182.000000 0.078418 0.005478 0.118352 0.018775 13.000000 0.033000
5183.000000 0.079028 0.005493 0.116620 0.017808 13.000000 0.033000
5184.000000 0.079647 0.005546 0.119705 0.012511 13.000000 0.033000
5185.000000 0.080273 0.005638 0.122030 0.013629 13.000000 0.033000
5186.000000 0.080855 0.005761 0.121392 0.017627 13.000000 0.033000
5187.000000 0.081473 0.005816 0.120690 0.017862 13.000000 0.033000
5188.000000 0.082100 0.005910 0.122504 0.016561 13.000000 0.033000
5189.000000 0.082718 0.005967 0.123428 0.015968 13.000000 0.033000
5190.000000 0.083351 0.006101 0.124246 0.017614 13.000000 0.033000
5191.000000 0.083925 0.006189 0.122467 0.019992 13.000000 0.033000
5192.000000 0.084498 0.006278 0.118627 0.018992 13.000000 0.033000
5193.000000 0.085124 0.006375 0.119216 0.018951 13.000000 0.033000
5194.000000 0.085742 0.006435 0.121709 0.017523 13.000000 0.033000
5195.000000 0.086367 0.006534 0.122967 0.016868 13.000000 0.033000
5196.000000 0.086947 0.006664 0.121749 0.019941 13.000000 0.033000
5197.000000 0.087565 0.006726 0.120772 0.019700 13.000000 0.033000
5198.000000 0.088190 0.006827 0.122462 0.018181 13.000000 0.033000
5199.000000 0.088815 0.006929 0.123664 0.019357 13.000000 0.033000
5200.000000 0.089388 0.007023 0.121713 0.019595 13.000000 0.033000
5201.000000 0.090012 0.007126 0.120706 0.019789 13.000000 0.033000
5202.000000 0.090630 0.007192 0.122400 0.018499 13.000000 0.033000
5203.000000 0.091209 0.007326 0.121032 0.019355 13.000000 0.033000
5204.000000 0.091834 0.007431 0.120666 0.021744 13.000000 0.033000
5205.000000 0.092451 0.007499 0.122350 0.019700 13.000000 0.033000
5206.000000 0.093075 0.007605 0.123194 0.018730 13.000000 0.033000
5207.000000 0.093699 0.007713 0.123948 0.020188 13.000000 0.033000
5208.000000 0.094277 0.007850 0.122093 0.022430 13.000000 0.033000
5209.000000 0.094849 0.007950 0.118590 0.023187 13.000000 0.033000
5210.000000 0.095511 0.007992 0.120923 0.018900 13.000000 0.033000
5211.000000 0.096083 0.008093 0.122100 0.016770 13.000000 0.033000
5212.000000 0.096706 0.008204 0.120789 0.019074 13.000000 0.033000
5213.000000 0.097330 0.008316 0.122654 0.020771 13.000000 0.033000
5214.000000 0.097946 0.008389 0.123282 0.019822 13.000000 0.033000
5215.000000 0.098569 0.008503 0.123587 0.019410 13.000000 0.033000
5216.000000 0.099192 0.008616 0.124046 0.021155 13.000000 0.033000
5217.000000 0.099763 0.008721 0.121723 0.021633 13.000000 0.033000
5218.000000 0.100386 0.008836 0.120525 0.021949 13.000000 0.033000
5219.000000 0.100956 0.008942 0.119905 0.022165 13.000000 0.033000
5220.000000 0.101573 0.009021 0.119278 0.020460 13.000000 0.033000
5221.000000 0.102195 0.009138 0.121487 0.020140 13.000000 0.033000
5222.000000 0.102811 0.009217 0.122611 0.020046 13.000000 0.033000
5223.000000 0.103433 0.009336 0.123167 0.020069 13.000000 0.033000
5224.000000 0.104055 0.009455 0.123737 0.022039 13.000000 0.033000
5225.000000 0.104625 0.009565 0.121474 0.022609 13.000000 0.033000
5226.000000 0.105201 0.009714 0.118052 0.024355 13.000000 0.033000
5227.000000 0.105862 0.009769 0.120809 0.022540 13.000000 0.033000
5228.000000 0.106426 0.009842 0.121629 0.017891 13.000000 0.033000
5229.000000 0.107048 0.009965 0.120071 0.018874 13.000000 0.033000
5230.000000 0.107669 0.010089 0.122088 0.021836 13.000000 0.033000
5231.000000 0.108284 0.010174 0.122826 0.021525 13.000000 0.033000
5232.000000 0.108905 0.010299 0.123186 0.021438 13.000000 0.033000
5233.000000 0.109520 0.010386 0.123366 0.021462 13.000000 0.033000
5234.000000 0.110141 0.010513 0.123442 0.021545 13.000000 0.033000
5235.000000 0.110715 0.010668 0.121474 0.024908 13.000000 0.033000
5236.000000 0.111330 0.010757 0.120194 0.024800 13.000000 0.033000
5237.000000 0.111945 0.010847 0.121526 0.021554 13.000000 0.033000
5238.000000 0.112560 0.010937 0.122200 0.019970 13.000000 0.033000
5239.000000 0.113180 0.011067 0.122796 0.021125 13.000000 0.033000
5240.000000 0.113800 0.011198 0.123350 0.023677 13.000000 0.033000
5241.000000 0.114414 0.011290 0.123363 0.023153 13.000000 0.033000
5242.000000 0.115034 0.011422 0.123353 0.022956 13.000000 0.033000
5243.000000 0.115700 0.011528 0.125873 0.023480 13.000000 0.033000
5244.000000 0.116268 0.011650 0.124612 0.023257 13.000000 0.033000
5245.000000 0.116882 0.011745 0.121433 0.022667 13.000000 0.033000
5246.000000 0.117501 0.011880 0.122326 0.022985 13.000000 0.033000
5247.000000 0.118115 0.011977 0.122777 0.023216 13.000000 0.033000
5248.000000 0.118734 0.012113 0.122989 0.023403 13.000000 0.033000
5249.000000 0.119348 0.012212 0.123092 0.023568 13.000000 0.033000
5250.000000 0.120008 0.012284 0.125183 0.020505 13.000000 0.033000
5251.000000 0.120627 0.012422 0.126474 0.020908 13.000000 0.033000
5252.000000 0.121198 0.012588 0.122777 0.025723 13.000000 0.033000
5253.000000 0.121817 0.012728 0.120876 0.028247 13.000000 0.033000
5254.000000 0.122430 0.012830 0.121953 0.026381 13.000000 0.033000
5255.000000 0.123043 0.012932 0.122261 0.023603 13.000000 0.033000
5256.000000 0.123656 0.013036 0.122412 0.022257 13.000000 0.033000
5257.000000 0.124274 0.013178 0.122702 0.023537 13.000000 0.033000
5258.000000 0.124887 0.013283 0.122844 0.024259 13.000000 0.033000
5259.000000 0.125551 0.013400 0.125202 0.023400 13.000000 0.033000
5260.000000 0.126164 0.013506 0.126396 0.023029 13.000000 0.033000
5261.000000 0.126781 0.013652 0.124687 0.024215 13.000000 0.033000
5262.000000 0.127299 0.013812 0.119191 0.027465 13.000000 0.033000
5263.000000 0.127912 0.013920 0.116166 0.027293 13.000000 0.033000
5264.000000 0.128571 0.014003 0.121537 0.023395 13.000000 0.033000
5265.000000 0.129136 0.014139 0.121953 0.022759 13.000000 0.033000
5266.000000 0.129753 0.014288 0.120052 0.025698 13.000000 0.033000
5267.000000 0.130361 0.014360 0.121185 0.024074 13.000000 0.033000
5268.000000 0.130977 0.014510 0.121743 0.023317 13.000000 0.033000
5269.000000 0.131589 0.014622 0.122226 0.024899 13.000000 0.033000
5270.000000 0.132200 0.014735 0.122259 0.023875 13.000000 0.033000
5271.000000 0.132722 0.014940 0.117815 0.027853 13.000000 0.033000
5272.000000 0.133329 0.015016 0.115356 0.028050 13.000000 0.033000
5273.000000 0.133889 0.015118 0.116016 0.023130 13.000000 0.033000
5274.000000 0.134504 0.015272 0.116727 0.024497 13.000000 0.033000
5275.000000 0.135116 0.015388 0.119596 0.025894 13.000000 0.033000
5276.000000 0.135675 0.015492 0.118345 0.024126 13.000000 0.033000
5277.000000 0.136286 0.015610 0.117698 0.023296 13.000000 0.033000
5278.000000 0.136850 0.015754 0.117541 0.024830 13.000000 0.033000
5279.000000 0.137413 0.015899 0.115119 0.026927 13.000000 0.033000
5280.000000 0.137976 0.016044 0.113869 0.028053 13.000000 0.033000
5281.000000 0.138536 0.016151 0.113045 0.026781 13.000000 0.033000
5282.000000 0.139143 0.016233 0.114774 0.023050 13.000000 0.033000
5283.000000 0.139706 0.016380 0.115817 0.023108 13.000000 0.033000
5284.000000 0.140265 0.016489 0.114010 0.024441 13.000000 0.033000
5285.000000 0.140776 0.016624 0.110566 0.024505 13.000000 0.033000
5286.000000 0.141386 0.016747 0.111310 0.025271 13.000000 0.033000
5287.000000 0.141945 0.016858 0.114018 0.024478 13.000000 0.033000
5288.000000 0.142504 0.016969 0.112884 0.023466 13.000000 0.033000
5289.000000 0.143018 0.017145 0.110110 0.026132 13.000000 0.033000
5290.000000 0.143573 0.017218 0.108536 0.025645 13.000000 0.033000
5291.000000 0.144084 0.017356 0.107554 0.023537 13.000000 0.033000
5292.000000 0.144642 0.017469 0.107209 0.024427 13.000000 0.033000
5293.000000 0.145201 0.017583 0.109369 0.023713 13.000000 0.033000
5294.000000 0.145759 0.017698 0.110462 0.023408 13.000000 0.033000
5295.000000 0.146266 0.017799 0.108510 0.022613 13.000000 0.033000
5296.000000 0.146824 0.017915 0.107507 0.022267 13.000000 0.033000
5297.000000 0.147334 0.018056 0.107135 0.024040 13.000000 0.033000
5298.000000 0.147793 0.018183 0.102082 0.025498 13.000000 0.033000
5299.000000 0.148348 0.018262 0.101711 0.023185 13.000000 0.033000
5300.000000 0.148858 0.018404 0.104006 0.022749 13.000000 0.033000
5301.000000 0.149364 0.018508 0.102817 0.023781 13.000000 0.033000
5302.000000 0.149871 0.018613 0.102060 0.022448 13.000000 0.033000
5303.000000 0.150329 0.018742 0.099307 0.023006 13.000000 0.033000
5304.000000 0.150836 0.018848 0.097899 0.023338 13.000000 0.033000
5305.000000 0.151342 0.018954 0.099532 0.022358 13.000000 0.033000
5306.000000 0.151849 0.019060 0.100358 0.021907 13.000000 0.033000
5307.000000 0.152258 0.019216 0.096041 0.024087 13.000000 0.033000
5308.000000 0.152711 0.019270 0.091216 0.022614 13.000000 0.033000
5309.000000 0.153169 0.019402 0.091107 0.020712 13.000000 0.033000
5310.000000 0.153624 0.019495 0.091179 0.021687 13.000000 0.033000
5311.000000 0.154082 0.019628 0.091203 0.022223 13.000000 0.033000
5312.000000 0.154534 0.019683 0.091092 0.020628 13.000000 0.033000
5313.000000 0.155037 0.019754 0.093273 0.016777 13.000000 0.033000
5314.000000 0.155447 0.019912 0.092251 0.019833 13.000000 0.033000
5315.000000 0.155853 0.020031 0.086984 0.023772 13.000000 0.033000
5316.000000 0.156259 0.020151 0.084168 0.023901 13.000000 0.033000
5317.000000 0.156661 0.020193 0.082496 0.020181 13.000000 0.033000
5318.000000 0.157067 0.020314 0.081634 0.018316 13.000000 0.033000
5319.000000 0.157519 0.020372 0.083688 0.018143 13.000000 0.033000
5320.000000 0.157923 0.020454 0.084613 0.016177 13.000000 0.033000
5321.000000 0.158327 0.020536 0.082708 0.016371 13.000000 0.033000
5322.000000 0.158733 0.020658 0.081841 0.018407 13.000000 0.033000
5323.000000 0.159139 0.020779 0.081502 0.021382 13.000000 0.033000
5324.000000 0.159492 0.020847 0.078729 0.020262 13.000000 0.033000
5325.000000 0.159847 0.020955 0.074820 0.018965 13.000000 0.033000
5326.000000 0.160198 0.020984 0.072724 0.016417 13.000000 0.033000
5327.000000 0.160553 0.021092 0.071648 0.015142 13.000000 0.033000
5328.000000 0.160956 0.021176 0.073691 0.017186 13.000000 0.033000
5329.000000 0.161309 0.021245 0.074623 0.016342 13.000000 0.033000
5330.000000 0.161662 0.021315 0.072610 0.015177 13.000000 0.033000
5331.000000 0.162014 0.021385 0.071582 0.014606 13.000000 0.033000
5332.000000 0.162369 0.021494 0.071153 0.016246 13.000000 0.033000
5333.000000 0.162673 0.021587 0.068545 0.018241 13.000000 0.033000
5334.000000 0.162977 0.021681 0.064726 0.018509 13.000000 0.033000
5335.000000 0.163325 0.021673 0.064976 0.013710 13.000000 0.033000
5336.000000 0.163627 0.021729 0.065003 0.009372 13.000000 0.033000
5337.000000 0.163931 0.021823 0.062820 0.012135 13.000000 0.033000
5338.000000 0.164282 0.021855 0.064097 0.012428 13.000000 0.033000
5339.000000 0.164586 0.021950 0.064741 0.012594 13.000000 0.033000
5340.000000 0.164936 0.021982 0.065072 0.012703 13.000000 0.033000
5341.000000 0.165238 0.022038 0.065145 0.010865 13.000000 0.033000
5342.000000 0.165491 0.022118 0.060399 0.012202 13.000000 0.033000
5343.000000 0.165793 0.022174 0.057979 0.012900 13.000000 0.033000
5344.000000 0.166044 0.022215 0.056656 0.011357 13.000000 0.033000
5345.000000 0.166346 0.022271 0.055980 0.010589 13.000000 0.033000
5346.000000 0.166597 0.022312 0.055636 0.010207 13.000000 0.033000
5347.000000 0.166899 0.022369 0.055459 0.010031 13.000000 0.033000
5348.000000 0.167150 0.022410 0.055369 0.009951 13.000000 0.033000
5349.000000 0.167499 0.022406 0.057636 0.006904 13.000000 0.033000
5350.000000 0.167751 0.022486 0.058872 0.007269 13.000000 0.033000
5351.000000 0.168003 0.022528 0.054711 0.009708 13.000000 0.033000
5352.000000 0.168254 0.022570 0.052506 0.009052 13.000000 0.033000
5353.000000 0.168503 0.022572 0.051302 0.006820 13.000000 0.033000
5354.000000 0.168754 0.022614 0.050688 0.005695 13.000000 0.033000
5355.000000 0.169004 0.022617 0.050378 0.005133 13.000000 0.033000
5356.000000 0.169255 0.022660 0.050219 0.004858 13.000000 0.033000
5357.000000 0.169553 0.022640 0.052542 0.003622 13.000000 0.033000
5358.000000 0.169754 0.022666 0.051246 0.002201 13.000000 0.033000
5359.000000 0.170005 0.022709 0.048265 0.004509 13.000000 0.033000
5360.000000 0.170206 0.022735 0.046746 0.005691 13.000000 0.033000
5361.000000 0.170455 0.022739 0.045896 0.004396 13.000000 0.033000
5362.000000 0.170705 0.022743 0.047866 0.002640 13.000000 0.033000
5363.000000 0.170955 0.022747 0.048872 0.001758 13.000000 0.033000
5364.000000 0.171204 0.022751 0.049387 0.001320 13.000000 0.033000
5365.000000 0.171405 0.022778 0.047246 0.002207 13.000000 0.033000
5366.000000 0.171654 0.022782 0.046157 0.002672 13.000000 0.033000
5367.000000 0.171903 0.022748 0.047936 -0.000092 13.000000 0.033000
5368.000000 0.172152 0.022752 0.048844 -0.001488 13.000000 0.033000
5369.000000 0.172304 0.022802 0.044568 0.001911 13.000000 0.033000
5370.000000 0.172551 0.022729 0.042250 -0.000163 13.000000 0.033000
5371.000000 0.172750 0.022717 0.043402 -0.004221 13.000000 0.033000
5372.000000 0.172951 0.022744 0.041729 -0.001365 13.000000 0.033000
5373.000000 0.173199 0.022711 0.043287 -0.000994 13.000000 0.033000
5374.000000 0.173398 0.022699 0.044010 -0.002708 13.000000 0.033000
5375.000000 0.173647 0.022666 0.044383 -0.003568 13.000000 0.033000
5376.000000 0.173895 0.022632 0.046985 -0.005088 13.000000 0.033000
5377.000000 0.174145 0.022638 0.048384 -0.003940 13.000000 0.033000
5378.000000 0.174295 0.022649 0.044278 -0.001173 13.000000 0.033000
5379.000000 0.174493 0.022599 0.039640 -0.002484 13.000000 0.033000
5380.000000 0.174691 0.022549 0.039620 -0.006144 13.000000 0.033000
5381.000000 0.174940 0.022516 0.042093 -0.007175 13.000000 0.033000
5382.000000 0.175138 0.022466 0.043357 -0.007694 13.000000 0.033000
5383.000000 0.175387 0.022433 0.044004 -0.007945 13.000000 0.033000
5384.000000 0.175634 0.022362 0.046751 -0.009146 13.000000 0.033000
5385.000000 0.175833 0.022351 0.045740 -0.008668 13.000000 0.033000
5386.000000 0.176033 0.022341 0.042882 -0.005424 13.000000 0.033000
5387.000000 0.176231 0.022292 0.041362 -0.005674 13.000000 0.033000
5388.000000 0.176428 0.022204 0.040455 -0.009614 13.000000 0.033000
5389.000000 0.176676 0.022132 0.042412 -0.012689 13.000000 0.033000
5390.000000 0.176874 0.022083 0.043479 -0.012339 13.000000 0.033000
5391.000000 0.177121 0.022013 0.044028 -0.012148 13.000000 0.033000
5392.000000 0.177369 0.021942 0.046728 -0.013116 13.000000 0.033000
5393.000000 0.177617 0.021871 0.048108 -0.013597 13.000000 0.033000
5394.000000 0.177815 0.021822 0.046398 -0.012761 13.000000 0.033000
5395.000000 0.178063 0.021752 0.045532 -0.012323 13.000000 0.033000
5396.000000 0.178262 0.021703 0.045092 -0.012094 13.000000 0.033000
5397.000000 0.178508 0.021594 0.044808 -0.013874 13.000000 0.033000
5398.000000 0.178755 0.021485 0.047020 -0.017750 13.000000 0.033000
5399.000000 0.178952 0.021398 0.045732 -0.018648 13.000000 0.033000
5400.000000 0.179200 0.021328 0.045147 -0.017184 13.000000 0.033000
5401.000000 0.179447 0.021219 0.047273 -0.017494 13.000000 0.033000
5402.000000 0.179693 0.021111 0.048296 -0.019549 13.000000 0.033000
5403.000000 0.179990 0.020981 0.051245 -0.021643 13.000000 0.033000
5404.000000 0.180236 0.020872 0.052753 -0.022699 13.000000 0.033000
5405.000000 0.180483 0.020764 0.051105 -0.022163 13.000000 0.033000
5406.000000 0.180730 0.020656 0.050270 -0.021878 13.000000 0.033000
5407.000000 0.180977 0.020548 0.049849 -0.021722 13.000000 0.033000
5408.000000 0.181274 0.020418 0.052066 -0.022683 13.000000 0.033000
5409.000000 0.181570 0.020289 0.055627 -0.024213 13.000000 0.033000
5410.000000 0.181867 0.020160 0.057449 -0.024975 13.000000 0.033000
5411.000000 0.182164 0.020031 0.058385 -0.025345 13.000000 0.033000
5412.000000 0.182461 0.019902 0.058869 -0.025517 13.000000 0.033000
5413.000000 0.182659 0.019817 0.054265 -0.023498 13.000000 0.033000
5414.000000 0.183005 0.019667 0.054356 -0.023494 13.000000 0.033000
5415.000000 0.183302 0.019538 0.059264 -0.025576 13.000000 0.033000
5416.000000 0.183647 0.019350 0.061709 -0.028520 13.000000 0.033000
5417.000000 0.183943 0.019183 0.062895 -0.031914 13.000000 0.033000
5418.000000 0.184287 0.018956 0.063442 -0.035528 13.000000 0.033000
5419.000000 0.184633 0.018769 0.066160 -0.038389 13.000000 0.033000
5420.000000 0.184978 0.018581 0.067622 -0.037914 13.000000 0.033000
5421.000000 0.185321 0.018316 0.068239 -0.041467 13.000000 0.033000
5422.000000 0.185616 0.018111 0.066058 -0.044134 13.000000 0.033000
5423.000000 0.185962 0.017924 0.065093 -0.041650 13.000000 0.033000
5424.000000 0.186308 0.017738 0.067113 -0.039487 13.000000 0.033000
5425.000000 0.186702 0.017491 0.070519 -0.041296 13.000000 0.033000
5426.000000 0.187047 0.017266 0.072194 -0.044105 13.000000 0.033000
5427.000000 0.187442 0.017021 0.073059 -0.045504 13.000000 0.033000
5428.000000 0.187787 0.016796 0.073507 -0.046195 13.000000 0.033000
5429.000000 0.188231 0.016530 0.076188 -0.047533 13.000000 0.033000
5430.000000 0.188575 0.016267 0.077489 -0.050104 13.000000 0.033000
5431.000000 0.188869 0.016025 0.070767 -0.050240 13.000000 0.033000
5432.000000 0.189264 0.015781 0.069865 -0.049390 13.000000 0.033000
5433.000000 0.189709 0.015516 0.076812 -0.050067 13.000000 0.033000
5434.000000 0.190054 0.015293 0.077918 -0.049373 13.000000 0.033000
5435.000000 0.190450 0.015050 0.076052 -0.047971 13.000000 0.033000
5436.000000 0.190844 0.014768 0.077480 -0.050151 13.000000 0.033000
5437.000000 0.191239 0.014525 0.078218 -0.051231 13.000000 0.033000
5438.000000 0.191685 0.014262 0.081127 -0.050842 13.000000 0.033000
5439.000000 0.192028 0.013962 0.080018 -0.053434 13.000000 0.033000
5440.000000 0.192374 0.013741 0.074571 -0.052720 13.000000 0.033000
5441.000000 0.192818 0.013440 0.076775 -0.052417 13.000000 0.033000
5442.000000 0.193216 0.013237 0.080434 -0.051327 13.000000 0.033000
5443.000000 0.193610 0.012958 0.079860 -0.049739 13.000000 0.033000
5444.000000 0.194005 0.012678 0.079423 -0.052718 13.000000 0.033000
5445.000000 0.194400 0.012399 0.079209 -0.054206 13.000000 0.033000
5446.000000 0.194797 0.012159 0.079189 -0.053025 13.000000 0.033000
5447.000000 0.195192 0.011880 0.079187 -0.052393 13.000000 0.033000
5448.000000 0.195537 0.011622 0.076661 -0.052968 13.000000 0.033000
5449.000000 0.195934 0.011383 0.075465 -0.051321 13.000000 0.033000
5450.000000 0.196329 0.011105 0.077316 -0.051439 13.000000 0.033000
5451.000000 0.196678 0.010925 0.075896 -0.048583 13.000000 0.033000
5452.000000 0.197075 0.010687 0.075263 -0.045187 13.000000 0.033000
5453.000000 0.197470 0.010410 0.077244 -0.048228 13.000000 0.033000
5454.000000 0.197868 0.010172 0.078264 -0.049746 13.000000 0.033000
5455.000000 0.198214 0.009916 0.076331 -0.049519 13.000000 0.033000
5456.000000 0.198611 0.009679 0.075358 -0.049372 13.000000 0.033000
5457.000000 0.199007 0.009403 0.077329 -0.050243 13.000000 0.033000
5458.000000 0.199303 0.009167 0.073334 -0.050635 13.000000 0.033000
5459.000000 0.199701 0.008931 0.071394 -0.048894 13.000000 0.033000
5460.000000 0.200050 0.008754 0.073042 -0.045138 13.000000 0.033000
5461.000000 0.200398 0.008538 0.071428 -0.042233 13.000000 0.033000
5462.000000 0.200746 0.008322 0.070529 -0.042639 13.000000 0.033000
5463.000000 0.201094 0.008107 0.070079 -0.042823 13.000000 0.033000
5464.000000 0.201442 0.007892 0.069857 -0.042893 13.000000 0.033000
5465.000000 0.201790 0.007677 0.069751 -0.042906 13.000000 0.033000
5466.000000 0.202137 0.007423 0.069617 -0.044798 13.000000 0.033000
5467.000000 0.202435 0.007228 0.067088 -0.044789 13.000000 0.033000
5468.000000 0.202785 0.007052 0.065983 -0.040943 13.000000 0.033000
5469.000000 0.203083 0.006858 0.065424 -0.038968 13.000000 0.033000
5470.000000 0.203381 0.006663 0.062591 -0.038900 13.000000 0.033000
5471.000000 0.203732 0.006489 0.063711 -0.037885 13.000000 0.033000
5472.000000 0.204030 0.006294 0.064286 -0.037352 13.000000 0.033000
5473.000000 0.204328 0.006101 0.062028 -0.038023 13.000000 0.033000
5474.000000 0.204627 0.005907 0.060882 -0.038348 13.000000 0.033000
5475.000000 0.204875 0.005732 0.057832 -0.037557 13.000000 0.033000
5476.000000 0.205125 0.005597 0.053902 -0.034289 13.000000 0.033000
5477.000000 0.205425 0.005443 0.054465 -0.031643 13.000000 0.033000
5478.000000 0.205675 0.005308 0.054756 -0.030284 13.000000 0.033000
5479.000000 0.205925 0.005173 0.052437 -0.028638 13.000000 0.033000
5480.000000 0.206176 0.005038 0.051260 -0.027788 13.000000 0.033000
5481.000000 0.206426 0.004904 0.050664 -0.027343 13.000000 0.033000
5482.000000 0.206676 0.004769 0.050365 -0.027105 13.000000 0.033000
5483.000000 0.206926 0.004635 0.050216 -0.026972 13.000000 0.033000
5484.000000 0.207175 0.004462 0.050053 -0.028800 13.000000 0.033000
5485.000000 0.207326 0.004404 0.045114 -0.025954 13.000000 0.033000
5486.000000 0.207528 0.004328 0.040309 -0.019745 13.000000 0.033000
5487.000000 0.207679 0.004271 0.037862 -0.016579 13.000000 0.033000
5488.000000 0.207879 0.004156 0.036527 -0.016866 13.000000 0.033000
5489.000000 0.208081 0.004080 0.038324 -0.017937 13.000000 0.033000
5490.000000 0.208231 0.003985 0.036766 -0.017548 13.000000 0.033000
5491.000000 0.208483 0.003890 0.038452 -0.018267 13.000000 0.033000
5492.000000 0.208635 0.003833 0.039404 -0.016722 13.000000 0.033000
5493.000000 0.208782 0.003699 0.034754 -0.017893 13.000000 0.033000
5494.000000 0.208883 0.003661 0.029908 -0.017562 13.000000 0.033000
5495.000000 0.209037 0.003643 0.027717 -0.011664 13.000000 0.033000
5496.000000 0.209138 0.003605 0.026601 -0.008658 13.000000 0.033000
5497.000000 0.209288 0.003510 0.025850 -0.010938 13.000000 0.033000
5498.000000 0.209389 0.003472 0.025468 -0.012099 13.000000 0.033000
5499.000000 0.209490 0.003434 0.022888 -0.009857 13.000000 0.033000
5500.000000 0.209641 0.003378 0.024053 -0.009633 13.000000 0.033000
5501.000000 0.209742 0.003340 0.024647 -0.009518 13.000000 0.033000
5502.000000 0.209843 0.003303 0.022472 -0.008535 13.000000 0.033000
5503.000000 0.209843 0.003303 0.016407 -0.006192 13.000000 0.033000
5504.000000 0.209944 0.003265 0.013317 -0.004996 13.000000 0.033000
5505.000000 0.209995 0.003246 0.014221 -0.005309 13.000000 0.033000
5506.000000 0.210046 0.003228 0.012204 -0.004546 13.000000 0.033000
5507.000000 0.210096 0.003209 0.011176 -0.004157 13.000000 0.033000
5508.000000 0.210147 0.003190 0.010652 -0.003958 13.000000 0.033000
5509.000000 0.210248 0.003153 0.012865 -0.004776 13.000000 0.033000
5510.000000 0.210248 0.003153 0.011513 -0.004273 13.000000 0.033000
5511.000000 0.210298 0.003134 0.008345 -0.003097 13.000000 0.033000
5512.000000 0.210252 0.003230 0.004435 0.002239 13.000000 0.033000
5513.000000 0.210302 0.003212 0.002443 0.004958 13.000000 0.033000
5514.000000 0.210302 0.003212 0.003724 0.001606 13.000000 0.033000
5515.000000 0.210304 0.003251 0.001989 0.002727 13.000000 0.033000
5516.000000 0.210356 0.003271 0.003675 0.004287 13.000000 0.033000
5517.000000 0.210358 0.003310 0.004533 0.005082 13.000000 0.033000
5518.000000 0.210360 0.003349 0.002491 0.006406 13.000000 0.033000
5519.000000 0.210362 0.003387 0.001450 0.007081 13.000000 0.033000
5520.000000 0.210364 0.003426 0.000919 0.007425 13.000000 0.033000
5521.000000 0.210366 0.003465 0.000649 0.007600 13.000000 0.033000
5522.000000 0.210366 0.003465 0.000421 0.005781 4.000000 0.033000
5523.000000 0.210367 0.003504 0.000304 0.004854 4.000000 0.033000
5524.000000 0.210367 0.003504 0.000245 0.004382 4.000000 0.033000
5525.000000 0.210369 0.003543 0.000215 0.004141 4.000000 0.033000
5526.000000 0.210371 0.003582 0.000289 0.005927 4.000000 0.033000
5527.000000 0.210373 0.003621 0.000326 0.006837 4.000000 0.033000
5528.000000 0.210375 0.003660 0.000344 0.007301 4.000000 0.033000
5529.000000 0.210377 0.003699 0.000354 0.007537 4.000000 0.033000
5530.000000 0.210378 0.003738 0.000358 0.007658 4.000000 0.033000
5531.000000 0.210377 0.003699 0.000183 0.003902 4.000000 0.033000
5532.000000 0.210378 0.003738 0.000093 0.001988 4.000000 0.033000
5533.000000 0.210378 0.003738 0.000136 0.002921 4.000000 0.033000
5534.000000 0.210380 0.003777 0.000158 0.003397 4.000000 0.033000
5535.000000 0.210380 0.003777 0.000169 0.003640 4.000000 0.033000
5536.000000 0.210279 0.003814 -0.004872 0.003694 4.000000 0.033000
5537.000000 0.210283 0.003892 -0.007264 0.007540 4.000000 0.033000
5538.000000 0.210333 0.003873 -0.001045 0.006739 4.000000 0.033000
5539.000000 0.210283 0.003892 -0.000532 0.003433 4.000000 0.033000
5540.000000 0.210283 0.003892 -0.002750 0.002669 4.000000 0.033000
5541.000000 0.210283 0.003892 -0.001401 0.001360 4.000000 0.033000
5542.000000 0.210232 0.003911 -0.003193 0.001613 4.000000 0.033000
5543.000000 0.210232 0.003911 -0.004106 0.001742 4.000000 0.033000
5544.000000 0.210232 0.003911 -0.002092 0.000888 4.000000 0.033000
5545.000000 0.210232 0.003911 -0.001066 0.000452 4.000000 0.033000
5546.000000 0.210131 0.003948 -0.005501 0.002072 4.000000 0.033000
5547.000000 0.210182 0.003930 -0.005282 0.001976 4.000000 0.033000
5548.000000 0.210182 0.003930 -0.000212 0.000086 4.000000 0.033000
5549.000000 0.210182 0.003930 -0.000108 0.000044 4.000000 0.033000
5550.000000 0.210182 0.003930 -0.000055 0.000022 4.000000 0.033000
5551.000000 0.210182 0.003930 -0.000028 0.000011 4.000000 0.033000
5552.000000 0.210182 0.003930 -0.000014 0.000006 4.000000 0.033000
5553.000000 0.210182 0.003930 -0.000007 0.000003 4.000000 0.033000
5554.000000 0.210182 0.003930 -0.000004 0.000002 4.000000 0.033000
5555.000000 0.210081 0.003967 -0.004959 0.001843 4.000000 0.033000
5556.000000 0.210131 0.003948 -0.005006 0.001859 4.000000 0.033000
5557.000000 0.210131 0.003948 -0.000072 0.000027 4.000000 0.033000
5558.000000 0.210131 0.003948 -0.000036 0.000014 4.000000 0.033000
5559.000000 0.210131 0.003948 -0.000019 0.000007 4.000000 0.033000
5560.000000 0.210131 0.003948 -0.000009 0.000004 4.000000 0.033000
5561.000000 0.210131 0.003948 -0.000005 0.000002 4.000000 0.033000
5562.000000 0.210131 0.003948 -0.000002 0.000001 4.000000 0.033000
5563.000000 0.210131 0.003948 -0.000001 0.000000 4.000000 0.033000
5564.000000 0.210131 0.003948 -0.000001 0.000000 4.000000 0.033000
5565.000000 0.210131 0.003948 -0.000000 0.000000 4.000000 0.033000
5566.000000 0.210131 0.003948 -0.000000 0.000000 4.000000 0.033000
5567.000000 0.210081 0.003967 -0.002479 0.000921 4.000000 0.033000
5568.000000 0.210081 0.003967 -0.003742 0.001390 4.000000 0.033000
5569.000000 0.210081 0.003967 -0.001906 0.000708 4.000000 0.033000
5570.000000 0.210081 0.003967 -0.000971 0.000361 4.000000 0.033000
5571.000000 0.210081 0.003967 -0.000495 0.000184 4.000000 0.033000
5572.000000 0.210081 0.003967 -0.000252 0.000094 4.000000 0.033000
5573.000000 0.210081 0.003967 -0.000128 0.000048 4.000000 0.033000
5574.000000 0.210081 0.003967 -0.000065 0.000024 4.000000 0.033000
5575.000000 0.210081 0.003967 -0.000033 0.000012 4.000000 0.033000
5576.000000 0.210081 0.003967 -0.000017 0.000006 4.000000 0.033000
5577.000000 0.210030 0.003986 -0.002487 0.000924 4.000000 0.033000
5578.000000 0.210030 0.003986 -0.003746 0.001392 4.000000 0.033000
5579.000000 0.210030 0.003986 -0.001909 0.000709 4.000000 0.033000
5580.000000 0.210030 0.003986 -0.000972 0.000361 4.000000 0.033000
5581.000000 0.210030 0.003986 -0.000495 0.000184 4.000000 0.033000
5582.000000 0.210030 0.003986 -0.000252 0.000094 4.000000 0.033000
5583.000000 0.210030 0.003986 -0.000129 0.000048 4.000000 0.033000
5584.000000 0.210030 0.003986 -0.000066 0.000024 4.000000 0.033000
5585.000000 0.210030 0.003986 -0.000033 0.000012 4.000000 0.033000
5586.000000 0.210030 0.003986 -0.000017 0.000006 4.000000 0.033000
5587.000000 0.210030 0.003986 -0.000009 0.000003 4.000000 0.033000
5588.000000 0.210030 0.003986 -0.000004 0.000002 4.000000 0.033000
5589.000000 0.209929 0.004023 -0.004959 0.001844 4.000000 0.033000
5590.000000 0.209929 0.004023 -0.007484 0.002783 4.000000 0.033000
5591.000000 0.209929 0.004023 -0.003813 0.001418 4.000000 0.033000
5592.000000 0.209979 0.004005 0.000536 -0.000199 4.000000 0.033000
5593.000000 0.209979 0.004005 0.002752 -0.001023 4.000000 0.033000
5594.000000 0.209979 0.004005 0.001402 -0.000521 4.000000 0.033000
5595.000000 0.209979 0.004005 0.000714 -0.000266 4.000000 0.033000
5596.000000 0.209979 0.004005 0.000364 -0.000135 4.000000 0.033000
5597.000000 0.209979 0.004005 0.000185 -0.000069 4.000000 0.033000
5598.000000 0.209979 0.004005 0.000094 -0.000035 4.000000 0.033000
5599.000000 0.209979 0.004005 0.000048 -0.000018 4.000000 0.033000
5600.000000 0.209979 0.004005 0.000025 -0.000009 4.000000 0.033000
5601.000000 0.209979 0.004005 0.000012 -0.000005 4.000000 0.033000
5602.000000 0.209979 0.004005 0.000006 -0.000002 4.000000 0.033000
5603.000000 0.209979 0.004005 0.000003 -0.000001 4.000000 0.033000
5604.000000 0.209979 0.004005 0.000002 -0.000001 4.000000 0.033000
5605.000000 0.209979 0.004005 0.000001 -0.000000 4.000000 0.033000
5606.000000 0.209979 0.004005 0.000000 -0.000000 4.000000 0.033000
5607.000000 0.209979 0.004005 0.000000 -0.000000 4.000000 0.033000
5608.000000 0.209979 0.004005 0.000000 -0.000000 4.000000 0.033000
5609.000000 0.209979 0.004005 0.000000 -0.000000 4.000000 0.033000
5610.000000 0.209979 0.004005 0.000000 -0.000000 4.000000 0.033000
5611.000000 0.209929 0.004023 -0.002479 0.000922 4.000000 0.033000
5612.000000 0.209929 0.004023 -0.003741 0.001391 4.000000 0.033000
5613.000000 0.209929 0.004023 -0.001906 0.000709 4.000000 0.033000
5614.000000 0.209929 0.004023 -0.000971 0.000361 4.000000 0.033000
5615.000000 0.209929 0.004023 -0.000495 0.000184 4.000000 0.033000
5616.000000 0.209929 0.004023 -0.000252 0.000094 4.000000 0.033000
5617.000000 0.209929 0.004023 -0.000128 0.000048 4.000000 0.033000
5618.000000 0.209929 0.004023 -0.000065 0.000024 4.000000 0.033000
5619.000000 0.209929 0.004023 -0.000033 0.000012 4.000000 0.033000
5620.000000 0.209929 0.004023 -0.000017 0.000006 4.000000 0.033000
5621.000000 0.209929 0.004023 -0.000009 0.000003 4.000000 0.033000
5622.000000 0.209929 0.004023 -0.000004 0.000002 4.000000 0.033000
5623.000000 0.209929 0.004023 -0.000002 0.000001 4.000000 0.033000
5624.000000 0.209929 0.004023 -0.000001 0.000000 4.000000 0.033000
5625.000000 0.209929 0.004023 -0.000001 0.000000 4.000000 0.033000
5626.000000 0.209929 0.004023 -0.000000 0.000000 4.000000 0.033000
5627.000000 0.209929 0.004023 -0.000000 0.000000 4.000000 0.033000
5628.000000 0.209929 0.004023 -0.000000 0.000000 4.000000 0.033000
5629.000000 0.209929 0.004023 -0.000000 0.000000 4.000000 0.033000
5630.000000 0.209929 0.004023 -0.000000 0.000000 4.000000 0.033000
5631.000000 0.209929 0.004023 -0.000000 0.000000 4.000000 0.033000
5632.000000 0.209929 0.004023 -0.000000 0.000000 4.000000 0.033000
5633.000000 0.209927 0.003984 -0.000089 -0.001909 4.000000 0.033000
5634.000000 0.209927 0.003984 -0.000134 -0.002881 4.000000 0.033000
5635.000000 0.209927 0.003984 -0.000068 -0.001468 4.000000 0.033000
5636.000000 0.209927 0.003984 -0.000035 -0.000748 4.000000 0.033000
5637.000000 0.209927 0.003984 -0.000018 -0.000381 4.000000 0.033000
5638.000000 0.209927 0.003984 -0.000009 -0.000194 4.000000 0.033000
5639.000000 0.209927 0.003984 -0.000005 -0.000099 4.000000 0.033000
5640.000000 0.209927 0.003984 -0.000002 -0.000050 4.000000 0.033000
5641.000000 0.209927 0.003984 -0.000001 -0.000026 4.000000 0.033000
5642.000000 0.209927 0.003984 -0.000001 -0.000013 4.000000 0.033000
5643.000000 0.209927 0.003984 -0.000000 -0.000007 4.000000 0.033000
5644.000000 0.209927 0.003984 -0.000000 -0.000003 4.000000 0.033000
5645.000000 0.209927 0.003984 -0.000000 -0.000002 4.000000 0.033000
5646.000000 0.209927 0.003984 -0.000000 -0.000001 4.000000 0.033000
5647.000000 0.209927 0.003984 -0.000000 -0.000000 4.000000 0.033000
5648.000000 0.209927 0.003984 -0.000000 -0.000000 4.000000 0.033000
5649.000000 0.209927 0.003984 -0.000000 -0.000000 4.000000 0.033000
5650.000000 0.209927 0.003984 -0.000000 -0.000000 4.000000 0.033000
5651.000000 0.209927 0.003984 -0.000000 -0.000000 4.000000 0.033000
5652.000000 0.209927 0.003984 -0.000000 -0.000000 4.000000 0.033000
5653.000000 0.209927 0.003984 -0.000000 -0.000000 4.000000 0.033000
5654.000000 0.209927 0.003984 -0.000000 -0.000000 4.000000 0.033000
5655.000000 0.209927 0.003984 -0.000000 -0.000000 4.000000 0.033000
5656.000000 0.209927 0.003984 -0.000000 -0.000000 4.000000 0.033000
5657.000000 0.209927 0.003984 -0.000000 -0.000000 4.000000 0.033000
5658.000000 0.209927 0.003984 -0.000000 -0.000000 4.000000 0.033000
5659.000000 0.209927 0.003984 -0.000000 -0.000000 4.000000 0.033000
5660.000000 0.209927 0.003984 -0.000000 -0.000000 4.000000 0.033000
5661.000000 0.209927 0.003984 -0.000000 -0.000000 4.000000 0.033000
5662.000000 0.209927 0.003984 -0.000000 -0.000000 4.000000 0.033000
5663.000000 0.209925 0.003946 -0.000089 -0.001909 4.000000 0.033000
5664.000000 0.209925 0.003946 -0.000134 -0.002881 4.000000 0.033000
5665.000000 0.209927 0.003984 0.000020 0.000441 4.000000 0.033000
5666.000000 0.209925 0.003946 0.000010 0.000225 4.000000 0.033000
5667.000000 0.209925 0.003946 -0.000084 -0.001794 4.000000 0.033000
5668.000000 0.209925 0.003946 -0.000043 -0.000914 4.000000 0.033000
5669.000000 0.209824 0.003983 -0.004978 0.001379 4.000000 0.033000
5670.000000 0.209824 0.003983 -0.007493 0.002547 4.000000 0.033000
5671.000000 0.209824 0.003983 -0.003818 0.001298 4.000000 0.033000
5672.000000 0.209875 0.003964 0.000533 -0.000261 4.000000 0.033000
5673.000000 0.209875 0.003964 0.002750 -0.001055 4.000000 0.033000
5674.000000 0.209875 0.003964 0.001401 -0.000537 4.000000 0.033000
5675.000000 0.209875 0.003964 0.000714 -0.000274 4.000000 0.033000
5676.000000 0.209875 0.003964 0.000364 -0.000140 4.000000 0.033000
5677.000000 0.209875 0.003964 0.000185 -0.000071 4.000000 0.033000
5678.000000 0.209873 0.003925 0.000005 -0.001945 4.000000 0.033000
5679.000000 0.209873 0.003925 -0.000086 -0.002900 4.000000 0.033000
5680.000000 0.209873 0.003925 -0.000044 -0.001477 4.000000 0.033000
5681.000000 0.209873 0.003925 -0.000022 -0.000753 4.000000 0.033000
5682.000000 0.209873 0.003925 -0.000011 -0.000384 4.000000 0.033000
5683.000000 0.209873 0.003925 -0.000006 -0.000195 4.000000 0.033000
5684.000000 0.209873 0.003925 -0.000003 -0.000100 4.000000 0.033000
5685.000000 0.209873 0.003925 -0.000002 -0.000051 4.000000 0.033000
5686.000000 0.209873 0.003925 -0.000001 -0.000026 4.000000 0.033000
5687.000000 0.209873 0.003925 -0.000000 -0.000013 4.000000 0.033000
5688.000000 0.209873 0.003925 -0.000000 -0.000007 4.000000 0.033000
5689.000000 0.209873 0.003925 -0.000000 -0.000003 4.000000 0.033000
5690.000000 0.209871 0.003887 -0.000089 -0.001910 4.000000 0.033000
5691.000000 0.209873 0.003925 -0.000045 -0.000973 4.000000 0.033000
5692.000000 0.209873 0.003925 0.000066 0.001413 4.000000 0.033000
5693.000000 0.209871 0.003887 -0.000056 -0.001189 4.000000 0.033000
5694.000000 0.209871 0.003887 -0.000118 -0.002514 4.000000 0.033000
5695.000000 0.209871 0.003887 -0.000060 -0.001281 4.000000 0.033000
5696.000000 0.209770 0.003924 -0.004987 0.001192 4.000000 0.033000
5697.000000 0.209770 0.003924 -0.007497 0.002452 4.000000 0.033000
5698.000000 0.209770 0.003924 -0.003820 0.001249 4.000000 0.033000
5699.000000 0.209821 0.003905 0.000532 -0.000286 4.000000 0.033000
5700.000000 0.209821 0.003905 0.002749 -0.001068 4.000000 0.033000
5701.000000 0.209821 0.003905 0.001401 -0.000544 4.000000 0.033000
5702.000000 0.209821 0.003905 0.000714 -0.000277 4.000000 0.033000
5703.000000 0.209821 0.003905 0.000364 -0.000141 4.000000 0.033000
5704.000000 0.209821 0.003905 0.000185 -0.000072 4.000000 0.033000
5705.000000 0.209821 0.003905 0.000094 -0.000037 4.000000 0.033000
5706.000000 0.209821 0.003905 0.000048 -0.000019 4.000000 0.033000
5707.000000 0.209819 0.003866 -0.000065 -0.001918 4.000000 0.033000
5708.000000 0.209819 0.003866 -0.000122 -0.002886 4.000000 0.033000
5709.000000 0.209819 0.003866 -0.000062 -0.001470 4.000000 0.033000
5710.000000 0.209819 0.003866 -0.000032 -0.000749 4.000000 0.033000
5711.000000 0.209819 0.003866 -0.000016 -0.000382 4.000000 0.033000
5712.000000 0.209819 0.003866 -0.000008 -0.000194 4.000000 0.033000
5713.000000 0.209819 0.003866 -0.000004 -0.000099 4.000000 0.033000
5714.000000 0.209819 0.003866 -0.000002 -0.000050 4.000000 0.033000
5715.000000 0.209819 0.003866 -0.000001 -0.000026 4.000000 0.033000
5716.000000 0.209819 0.003866 -0.000001 -0.000013 4.000000 0.033000
5717.000000 0.209819 0.003866 -0.000000 -0.000007 4.000000 0.033000
5718.000000 0.209819 0.003866 -0.000000 -0.000003 4.000000 0.033000
5719.000000 0.209819 0.003866 -0.000000 -0.000002 4.000000 0.033000
5720.000000 0.209819 0.003866 -0.000000 -0.000001 4.000000 0.033000
5721.000000 0.209819 0.003866 -0.000000 -0.000000 4.000000 0.033000
5722.000000 0.209819 0.003866 -0.000000 -0.000000 4.000000 0.033000
5723.000000 0.209817 0.003827 -0.000090 -0.001909 4.000000 0.033000
5724.000000 0.209817 0.003827 -0.000135 -0.002881 4.000000 0.033000
5725.000000 0.209817 0.003827 -0.000069 -0.001468 4.000000 0.033000
5726.000000 0.209817 0.003827 -0.000035 -0.000748 4.000000 0.033000
5727.000000 0.209817 0.003827 -0.000018 -0.000381 4.000000 0.033000
5728.000000 0.209817 0.003827 -0.000009 -0.000194 4.000000 0.033000
5729.000000 0.209766 0.003846 -0.002483 0.000823 4.000000 0.033000
5730.000000 0.209766 0.003846 -0.003743 0.001342 4.000000 0.033000
5731.000000 0.209766 0.003846 -0.001907 0.000684 4.000000 0.033000
5732.000000 0.209766 0.003846 -0.000972 0.000348 4.000000 0.033000
5733.000000 0.209766 0.003846 -0.000495 0.000177 4.000000 0.033000
5734.000000 0.209766 0.003846 -0.000252 0.000090 4.000000 0.033000
5735.000000 0.209766 0.003846 -0.000129 0.000046 4.000000 0.033000
5736.000000 0.209766 0.003846 -0.000065 0.000023 4.000000 0.033000
5737.000000 0.209766 0.003846 -0.000033 0.000012 4.000000 0.033000
5738.000000 0.209766 0.003846 -0.000017 0.000006 4.000000 0.033000
5739.000000 0.209766 0.003846 -0.000009 0.000003 4.000000 0.033000
5740.000000 0.209766 0.003846 -0.000004 0.000002 7.000000 0.063000
5741.000000 0.209766 0.003846 -0.000002 0.000001 7.000000 0.063000
5742.000000 0.209765 0.003807 -0.000091 -0.001908 7.000000 0.063000
5743.000000 0.209765 0.003807 -0.000136 -0.002881 7.000000 0.063000
5744.000000 0.209765 0.003807 -0.000069 -0.001468 7.000000 0.063000
5745.000000 0.209765 0.003807 -0.000035 -0.000748 7.000000 0.063000
5746.000000 0.209765 0.003807 -0.000018 -0.000381 7.000000 0.063000
5747.000000 0.209765 0.003807 -0.000009 -0.000194 7.000000 0.063000
5748.000000 0.209765 0.003807 -0.000005 -0.000099 7.000000 0.063000
5749.000000 0.209765 0.003807 -0.000002 -0.000050 7.000000 0.063000
5750.000000 0.209765 0.003807 -0.000001 -0.000026 7.000000 0.063000
5751.000000 0.209765 0.003807 -0.000001 -0.000013 7.000000 0.063000
5752.000000 0.209765 0.003807 -0.000000 -0.000007 7.000000 0.063000
5753.000000 0.209765 0.003807 -0.000000 -0.000003 7.000000 0.063000
5754.000000 0.209765 0.003807 -0.000000 -0.000002 7.000000 0.063000
5755.000000 0.209765 0.003807 -0.000000 -0.000001 7.000000 0.063000
5756.000000 0.209765 0.003807 -0.000000 -0.000000 7.000000 0.063000
5757.000000 0.209765 0.003807 -0.000000 -0.000000 7.000000 0.063000
5758.000000 0.209765 0.003807 -0.000000 -0.000000 7.000000 0.063000
5759.000000 0.209765 0.003807 -0.000000 -0.000000 7.000000 0.063000
5760.000000 0.209765 0.003807 -0.000000 -0.000000 7.000000 0.063000
5761.000000 0.209765 0.003807 -0.000000 -0.000000 7.000000 0.063000
5762.000000 0.209765 0.003807 -0.000000 -0.000000 7.000000 0.063000
5763.000000 0.209765 0.003807 -0.000000 -0.000000 7.000000 0.063000
5764.000000 0.209765 0.003807 -0.000000 -0.000000 7.000000 0.063000
5765.000000 0.209765 0.003807 -0.000000 -0.000000 7.000000 0.063000
5766.000000 0.209765 0.003807 -0.000000 -0.000000 7.000000 0.063000
5767.000000 0.209765 0.003807 -0.000000 -0.000000 7.000000 0.063000
5768.000000 0.209765 0.003807 -0.000000 -0.000000 7.000000 0.063000
5769.000000 0.209765 0.003807 -0.000000 -0.000000 7.000000 0.063000
5770.000000 0.209765 0.003807 -0.000000 -0.000000 7.000000 0.063000
5771.000000 0.209765 0.003807 -0.000000 -0.000000 7.000000 0.063000
5772.000000 0.209765 0.003807 -0.000000 -0.000000 7.000000 0.063000
5773.000000 0.209765 0.003807 -0.000000 -0.000000 7.000000 0.063000
5774.000000 0.209763 0.003768 -0.000090 -0.001909 7.000000 0.063000
5775.000000 0.209763 0.003768 -0.000136 -0.002881 7.000000 0.063000
5776.000000 0.209763 0.003768 -0.000069 -0.001468 7.000000 0.063000
5777.000000 0.209763 0.003768 -0.000035 -0.000748 7.000000 0.063000
5778.000000 0.209763 0.003768 -0.000018 -0.000381 7.000000 0.063000
5779.000000 0.209763 0.003768 -0.000009 -0.000194 7.000000 0.063000
5780.000000 0.209763 0.003768 -0.000005 -0.000099 7.000000 0.063000
5781.000000 0.209763 0.003768 -0.000002 -0.000050 7.000000 0.063000
5782.000000 0.209763 0.003768 -0.000001 -0.000026 7.000000 0.063000
5783.000000 0.209763 0.003768 -0.000001 -0.000013 7.000000 0.063000
5784.000000 0.209763 0.003768 -0.000000 -0.000007 7.000000 0.063000
5785.000000 0.209763 0.003768 -0.000000 -0.000003 7.000000 0.063000
5786.000000 0.209763 0.003768 -0.000000 -0.000002 7.000000 0.063000
5787.000000 0.209761 0.003730 -0.000090 -0.001910 7.000000 0.063000
5788.000000 0.209761 0.003730 -0.000136 -0.002882 7.000000 0.063000
5789.000000 0.209763 0.003768 0.000021 0.000440 7.000000 0.063000
5790.000000 0.209761 0.003730 0.000011 0.000224 7.000000 0.063000
5791.000000 0.209761 0.003730 -0.000085 -0.001794 7.000000 0.063000
