# imt log
s logheadsize 000234
s logcolumns 7
s logname /home/testac/lgames/fitts/20180723_Mon/run1.125935.dat
s logversion 2.0
s logdate "Mon Jul 23 12:59:35 EDT 2018"
s logidate 1532365175

# begin user data

# end user data

#####
690.000000 0.026690 -0.071216 -0.041297 0.031425 0.000000 0.000000
691.000000 0.026432 -0.071020 -0.046268 0.035260 0.000000 0.000000
692.000000 0.026132 -0.070791 -0.050887 0.038839 7.000000 0.044000
693.000000 0.025790 -0.070529 -0.057422 0.043900 7.000000 0.044000
694.000000 0.025490 -0.070300 -0.060736 0.046500 7.000000 0.044000
695.000000 0.025147 -0.070038 -0.062403 0.047852 7.000000 0.044000
696.000000 0.024805 -0.069775 -0.065330 0.050177 7.000000 0.044000
697.000000 0.024378 -0.069446 -0.070982 0.054627 7.000000 0.044000
698.000000 0.023993 -0.069150 -0.075932 0.058540 7.000000 0.044000
699.000000 0.023566 -0.068821 -0.078419 0.060578 7.000000 0.044000
700.000000 0.023097 -0.068458 -0.083833 0.064901 7.000000 0.044000
701.000000 0.022586 -0.068061 -0.090724 0.070403 7.000000 0.044000
702.000000 0.022160 -0.067731 -0.092116 0.071625 7.000000 0.044000
703.000000 0.021692 -0.067366 -0.090697 0.070675 7.000000 0.044000
704.000000 0.021182 -0.066968 -0.094100 0.073501 7.000000 0.044000
705.000000 0.020629 -0.066536 -0.099946 0.078268 7.000000 0.044000
706.000000 0.020035 -0.066071 -0.107022 0.084041 7.000000 0.044000
707.000000 0.019484 -0.065637 -0.110572 0.087053 7.000000 0.044000
708.000000 0.018892 -0.065170 -0.112316 0.088670 7.000000 0.044000
709.000000 0.018299 -0.064702 -0.115217 0.091211 7.000000 0.044000
710.000000 0.017665 -0.064199 -0.118694 0.094242 7.000000 0.044000
711.000000 0.017032 -0.063696 -0.122463 0.097522 7.000000 0.044000
712.000000 0.016442 -0.063225 -0.122253 0.097623 7.000000 0.044000
713.000000 0.015768 -0.062686 -0.124126 0.099431 7.000000 0.044000
714.000000 0.015095 -0.062146 -0.129126 0.103762 7.000000 0.044000
715.000000 0.014440 -0.061570 -0.130772 0.107801 7.000000 0.044000
716.000000 0.013760 -0.060924 -0.131941 0.115093 7.000000 0.044000
717.000000 0.013064 -0.060312 -0.134498 0.120587 7.000000 0.044000
718.000000 0.012345 -0.059629 -0.137747 0.125188 7.000000 0.044000
719.000000 0.011668 -0.058979 -0.138496 0.129373 7.000000 0.044000
720.000000 0.010975 -0.058363 -0.137550 0.128220 7.000000 0.044000
721.000000 0.010300 -0.057711 -0.136978 0.127745 7.000000 0.044000
722.000000 0.009559 -0.056954 -0.139022 0.134468 7.000000 0.044000
723.000000 0.008844 -0.056265 -0.141999 0.139703 7.000000 0.044000
724.000000 0.008147 -0.055539 -0.141375 0.140815 7.000000 0.044000
725.000000 0.007409 -0.054778 -0.142160 0.144947 7.000000 0.044000
726.000000 0.006673 -0.054015 -0.144474 0.148890 7.000000 0.044000
727.000000 0.005996 -0.053250 -0.142714 0.151057 7.000000 0.044000
728.000000 0.005221 -0.052449 -0.143708 0.154026 7.000000 0.044000
729.000000 0.004488 -0.051682 -0.146933 0.155653 7.000000 0.044000
730.000000 0.003797 -0.050948 -0.144438 0.153189 7.000000 0.044000
731.000000 0.003026 -0.050143 -0.145049 0.153806 7.000000 0.044000
732.000000 0.002272 -0.049301 -0.148446 0.159442 7.000000 0.044000
733.000000 0.001561 -0.048493 -0.147246 0.162465 7.000000 0.044000
734.000000 0.000809 -0.047648 -0.146503 0.164166 7.000000 0.044000
735.000000 0.000060 -0.046801 -0.148000 0.166916 7.000000 0.044000
736.000000 -0.000632 -0.045953 -0.145847 0.168457 7.000000 0.044000
737.000000 -0.001363 -0.045068 -0.143816 0.171134 7.000000 0.044000
738.000000 -0.002125 -0.044252 -0.146253 0.170925 7.000000 0.044000
739.000000 -0.002830 -0.043435 -0.146198 0.167480 7.000000 0.044000
740.000000 -0.003516 -0.042581 -0.142463 0.167585 7.000000 0.044000
741.000000 -0.004242 -0.041689 -0.141612 0.171279 7.000000 0.044000
742.000000 -0.004991 -0.040725 -0.144194 0.178580 7.000000 0.044000
743.000000 -0.005674 -0.039867 -0.143424 0.180678 7.000000 0.044000
744.000000 -0.006356 -0.039007 -0.139774 0.176630 7.000000 0.044000
745.000000 -0.007060 -0.038074 -0.138960 0.178224 7.000000 0.044000
746.000000 -0.007723 -0.037175 -0.137639 0.180909 7.000000 0.044000
747.000000 -0.008442 -0.036275 -0.137632 0.180699 7.000000 0.044000
748.000000 -0.009063 -0.035410 -0.135579 0.178935 7.000000 0.044000
749.000000 -0.009723 -0.034507 -0.131667 0.178136 7.000000 0.044000
750.000000 -0.010381 -0.033603 -0.131518 0.179650 7.000000 0.044000
751.000000 -0.011023 -0.032662 -0.130541 0.182302 7.000000 0.044000
752.000000 -0.011679 -0.031755 -0.129930 0.183793 7.000000 0.044000
753.000000 -0.012263 -0.030812 -0.126799 0.184625 7.000000 0.044000
754.000000 -0.012861 -0.029904 -0.122378 0.185117 7.000000 0.044000
755.000000 -0.013498 -0.028957 -0.122744 0.185571 7.000000 0.044000
756.000000 -0.014111 -0.028082 -0.123620 0.184183 7.000000 0.044000
757.000000 -0.014667 -0.027206 -0.120126 0.179971 7.000000 0.044000
758.000000 -0.015207 -0.026294 -0.114769 0.179612 7.000000 0.044000
759.000000 -0.015801 -0.025379 -0.113868 0.181369 7.000000 0.044000
760.000000 -0.016299 -0.024501 -0.111428 0.180544 7.000000 0.044000
761.000000 -0.016836 -0.023585 -0.107403 0.180165 7.000000 0.044000
762.000000 -0.017318 -0.022670 -0.104515 0.181817 7.000000 0.044000
763.000000 -0.017853 -0.021752 -0.102962 0.182775 7.000000 0.044000
764.000000 -0.018310 -0.020907 -0.100990 0.179774 7.000000 0.044000
765.000000 -0.018805 -0.020025 -0.098007 0.176517 7.000000 0.044000
766.000000 -0.019222 -0.019215 -0.094544 0.173095 7.000000 0.044000
767.000000 -0.019662 -0.018332 -0.090051 0.171356 7.000000 0.044000
768.000000 -0.020077 -0.017522 -0.087719 0.170545 7.000000 0.044000
769.000000 -0.020461 -0.016639 -0.083831 0.170123 7.000000 0.044000
770.000000 -0.020822 -0.015828 -0.079157 0.169879 7.000000 0.044000
771.000000 -0.021221 -0.014980 -0.077503 0.168090 7.000000 0.044000
772.000000 -0.021581 -0.014168 -0.076631 0.167247 7.000000 0.044000
773.000000 -0.021887 -0.013357 -0.071634 0.164928 7.000000 0.044000
774.000000 -0.022223 -0.012617 -0.067936 0.160198 7.000000 0.044000
775.000000 -0.022467 -0.011917 -0.063049 0.152363 7.000000 0.044000
776.000000 -0.022719 -0.011106 -0.056395 0.151832 7.000000 0.044000
777.000000 -0.023001 -0.010367 -0.054870 0.153474 7.000000 0.044000
778.000000 -0.023229 -0.009629 -0.052976 0.150743 7.000000 0.044000
779.000000 -0.023457 -0.008891 -0.049378 0.149291 7.000000 0.044000
780.000000 -0.023648 -0.008190 -0.045681 0.146726 7.000000 0.044000
781.000000 -0.023838 -0.007489 -0.041931 0.143593 7.000000 0.044000
782.000000 -0.023975 -0.006790 -0.037423 0.141923 7.000000 0.044000
783.000000 -0.024051 -0.006202 -0.029545 0.135480 7.000000 0.044000
784.000000 -0.024165 -0.005577 -0.024427 0.128599 7.000000 0.044000
785.000000 -0.024280 -0.004950 -0.023704 0.126996 7.000000 0.044000
786.000000 -0.024341 -0.004326 -0.020757 0.126093 7.000000 0.044000
787.000000 -0.024380 -0.003776 -0.015553 0.121903 7.000000 0.044000
788.000000 -0.024404 -0.003189 -0.011074 0.117918 7.000000 0.044000
789.000000 -0.024376 -0.002605 -0.005499 0.117559 7.000000 0.044000
790.000000 -0.024378 -0.002092 -0.001560 0.113754 7.000000 0.044000
791.000000 -0.024327 -0.001581 0.001531 0.108191 7.000000 0.044000
792.000000 -0.024253 -0.001145 0.006797 0.101612 7.000000 0.044000
793.000000 -0.024166 -0.000672 0.011298 0.096399 7.000000 0.044000
794.000000 -0.024078 -0.000199 0.014281 0.095526 7.000000 0.044000
795.000000 -0.023953 0.000236 0.017618 0.093218 7.000000 0.044000
796.000000 -0.023791 0.000632 0.022994 0.088298 7.000000 0.044000
797.000000 -0.023666 0.001068 0.025693 0.085808 7.000000 0.044000
798.000000 -0.023505 0.001464 0.027026 0.084556 7.000000 0.044000
799.000000 -0.023381 0.001900 0.027665 0.083935 7.000000 0.044000
800.000000 -0.023220 0.002297 0.027949 0.083635 7.000000 0.044000
801.000000 -0.023037 0.002620 0.031063 0.077962 7.000000 0.044000
802.000000 -0.022877 0.003018 0.032608 0.075089 7.000000 0.044000
803.000000 -0.022603 0.003300 0.037787 0.071656 7.000000 0.044000
804.000000 -0.022345 0.003547 0.045266 0.062510 7.000000 0.044000
805.000000 -0.022034 0.003792 0.050901 0.055994 7.000000 0.044000
806.000000 -0.021724 0.004037 0.056306 0.052594 7.000000 0.044000
807.000000 -0.021414 0.004282 0.059024 0.050885 7.000000 0.044000
808.000000 -0.021043 0.004415 0.063413 0.044510 7.000000 0.044000
809.000000 -0.020658 0.004584 0.069347 0.037540 7.000000 0.044000
810.000000 -0.020325 0.004756 0.070485 0.035886 7.000000 0.044000
811.000000 -0.019916 0.004851 0.072217 0.031424 7.000000 0.044000
812.000000 -0.019494 0.004983 0.077505 0.027218 7.000000 0.044000
813.000000 -0.019072 0.005115 0.080872 0.026891 7.000000 0.044000
814.000000 -0.018664 0.005212 0.081880 0.024975 7.000000 0.044000
815.000000 -0.018218 0.005270 0.083564 0.020385 7.000000 0.044000
816.000000 -0.017758 0.005365 0.086964 0.018002 7.000000 0.044000
817.000000 -0.017274 0.005387 0.090569 0.014965 7.000000 0.044000
818.000000 -0.016766 0.005334 0.094797 0.006170 7.000000 0.044000
819.000000 -0.016320 0.005394 0.095062 0.003587 7.000000 0.044000
820.000000 -0.015798 0.005379 0.095885 0.004108 7.000000 0.044000
821.000000 -0.015328 0.005365 0.097504 0.000766 7.000000 0.044000
822.000000 -0.014767 0.005313 0.100223 -0.002734 7.000000 0.044000
823.000000 -0.014284 0.005337 0.102278 -0.002691 7.000000 0.044000
824.000000 -0.013737 0.005249 0.102669 -0.004398 7.000000 0.044000
825.000000 -0.013214 0.005236 0.104754 -0.007072 7.000000 0.044000
826.000000 -0.012654 0.005186 0.106501 -0.006587 7.000000 0.044000
827.000000 -0.012120 0.005064 0.107965 -0.011715 7.000000 0.044000
828.000000 -0.011636 0.005090 0.104914 -0.010595 11.000000 0.044000
829.000000 -0.011075 0.005041 0.104707 -0.006384 11.000000 0.044000
830.000000 -0.010566 0.004994 0.105837 -0.007829 11.000000 0.044000
831.000000 -0.010018 0.004910 0.105766 -0.010300 11.000000 0.044000
832.000000 -0.009457 0.004864 0.108300 -0.011549 11.000000 0.044000
833.000000 -0.008909 0.004781 0.109608 -0.012130 11.000000 0.044000
834.000000 -0.008361 0.004699 0.109631 -0.014164 11.000000 0.044000
835.000000 -0.007851 0.004654 0.107742 -0.013323 11.000000 0.044000
836.000000 -0.007303 0.004573 0.106796 -0.012838 11.000000 0.044000
837.000000 -0.006793 0.004530 0.106319 -0.012548 11.000000 0.044000
838.000000 -0.006284 0.004487 0.104171 -0.010525 11.000000 0.044000
839.000000 -0.005735 0.004407 0.105005 -0.011265 11.000000 0.044000
840.000000 -0.005225 0.004365 0.105436 -0.011597 11.000000 0.044000
841.000000 -0.004715 0.004324 0.103746 -0.009897 11.000000 0.044000
842.000000 -0.004218 0.004246 0.102251 -0.010786 11.000000 0.044000
843.000000 -0.003656 0.004205 0.104062 -0.011199 11.000000 0.044000
844.000000 -0.003159 0.004129 0.105000 -0.011368 11.000000 0.044000
845.000000 -0.002661 0.004053 0.102281 -0.013193 11.000000 0.044000
846.000000 -0.002190 0.004051 0.099609 -0.010473 11.000000 0.044000
847.000000 -0.001693 0.003975 0.098262 -0.009043 11.000000 0.044000
848.000000 -0.001222 0.003974 0.097572 -0.008276 11.000000 0.044000
849.000000 -0.000724 0.003900 0.097236 -0.007840 11.000000 0.044000
850.000000 -0.000266 0.003862 0.096433 -0.009384 11.000000 0.044000
851.000000 0.000205 0.003862 0.094724 -0.006524 11.000000 0.044000
852.000000 0.000703 0.003789 0.095802 -0.006824 11.000000 0.044000
853.000000 0.001149 0.003716 0.095101 -0.010550 11.000000 0.044000
854.000000 0.001568 0.003718 0.090864 -0.008822 11.000000 0.044000
855.000000 0.001947 0.003756 0.085447 -0.002520 11.000000 0.044000
856.000000 0.002353 0.003720 0.082065 -0.001086 11.000000 0.044000
857.000000 0.002799 0.003649 0.083613 -0.005712 11.000000 0.044000
858.000000 0.003218 0.003651 0.085025 -0.006233 11.000000 0.044000
859.000000 0.003585 0.003654 0.081853 -0.002894 11.000000 0.044000
860.000000 0.003964 0.003693 0.078283 0.000623 11.000000 0.044000
861.000000 0.004371 0.003659 0.078418 0.000655 11.000000 0.044000
862.000000 0.004725 0.003625 0.077252 -0.002923 11.000000 0.044000
863.000000 0.005052 0.003665 0.072751 -0.001157 11.000000 0.044000
864.000000 0.005366 0.003668 0.068507 0.001543 11.000000 0.044000
865.000000 0.005693 0.003708 0.066338 0.002937 11.000000 0.044000
866.000000 0.006047 0.003675 0.067193 0.001888 11.000000 0.044000
867.000000 0.006361 0.003679 0.067013 -0.000439 11.000000 0.044000
868.000000 0.006675 0.003683 0.064966 0.000172 11.000000 0.044000
869.000000 0.006950 0.003723 0.061961 0.002274 11.000000 0.044000
870.000000 0.007304 0.003691 0.062393 0.001591 11.000000 0.044000
871.000000 0.007566 0.003694 0.062003 -0.000558 11.000000 0.044000
872.000000 0.007815 0.003661 0.056671 -0.001714 11.000000 0.044000
873.000000 0.008077 0.003665 0.053954 -0.002291 11.000000 0.044000
874.000000 0.008299 0.003705 0.051211 0.001007 11.000000 0.044000
875.000000 0.008561 0.003709 0.049814 0.002700 11.000000 0.044000
876.000000 0.008783 0.003749 0.049097 0.003570 11.000000 0.044000
877.000000 0.009032 0.003716 0.048132 0.002213 11.000000 0.044000
878.000000 0.009254 0.003757 0.047635 0.001529 11.000000 0.044000
879.000000 0.009504 0.003724 0.047387 0.001192 11.000000 0.044000
880.000000 0.009713 0.003728 0.046657 -0.000786 11.000000 0.044000
881.000000 0.009858 0.003694 0.041152 -0.001883 11.000000 0.044000
882.000000 0.010027 0.003734 0.036376 -0.000670 11.000000 0.044000
883.000000 0.010184 0.003737 0.034544 0.001765 11.000000 0.044000
884.000000 0.010342 0.003740 0.033010 0.001196 11.000000 0.044000
885.000000 0.010499 0.003743 0.032228 0.000910 11.000000 0.044000
886.000000 0.010603 0.003745 0.029262 0.000716 11.000000 0.044000
887.000000 0.010761 0.003748 0.027750 0.000622 11.000000 0.044000
888.000000 0.010905 0.003714 0.028952 -0.001186 11.000000 0.044000
889.000000 0.011010 0.003716 0.026996 -0.002158 11.000000 0.044000
890.000000 0.011063 0.003717 0.021460 -0.000942 11.000000 0.044000
891.000000 0.011167 0.003719 0.018639 -0.000320 11.000000 0.044000
892.000000 0.011220 0.003720 0.017202 -0.000004 11.000000 0.044000
893.000000 0.011272 0.003721 0.013901 0.000105 11.000000 0.044000
894.000000 0.011324 0.003722 0.012219 0.000161 11.000000 0.044000
895.000000 0.011377 0.003723 0.011363 0.000189 11.000000 0.044000
896.000000 0.011441 0.003762 0.011521 0.002020 11.000000 0.044000
897.000000 0.011482 0.003726 0.011007 0.001138 11.000000 0.044000
898.000000 0.011534 0.003727 0.010149 -0.001127 11.000000 0.044000
899.000000 0.011482 0.003726 0.005171 -0.000575 11.000000 0.044000
900.000000 0.011482 0.003726 0.000066 -0.000347 11.000000 0.044000
901.000000 0.011522 0.003690 0.002006 -0.001938 11.000000 0.044000
902.000000 0.011522 0.003690 0.002995 -0.002749 11.000000 0.044000
903.000000 0.011522 0.003690 0.001526 -0.001400 11.000000 0.044000
904.000000 0.011522 0.003690 0.000777 -0.000714 11.000000 0.044000
905.000000 0.011522 0.003690 0.000396 -0.000364 11.000000 0.044000
906.000000 0.011522 0.003690 0.000202 -0.000185 11.000000 0.044000
907.000000 0.011522 0.003690 0.000103 -0.000094 11.000000 0.044000
908.000000 0.011522 0.003690 0.000052 -0.000048 11.000000 0.044000
909.000000 0.011510 0.003653 -0.000570 -0.001840 11.000000 0.044000
910.000000 0.011405 0.003651 -0.006024 -0.002860 11.000000 0.044000
911.000000 0.011340 0.003612 -0.011374 -0.003432 11.000000 0.044000
912.000000 0.011236 0.003610 -0.014099 -0.003721 11.000000 0.044000
913.000000 0.011131 0.003608 -0.017460 -0.002104 11.000000 0.044000
914.000000 0.011054 0.003533 -0.017801 -0.004856 11.000000 0.044000
915.000000 0.010909 0.003567 -0.019945 -0.004491 11.000000 0.044000
916.000000 0.010804 0.003565 -0.022409 -0.000726 11.000000 0.044000
917.000000 0.010727 0.003490 -0.020326 -0.004148 11.000000 0.044000
918.000000 0.010610 0.003451 -0.019866 -0.007703 11.000000 0.044000
919.000000 0.010493 0.003412 -0.021604 -0.007748 11.000000 0.044000
920.000000 0.010336 0.003409 -0.024459 -0.006001 11.000000 0.044000
921.000000 0.010219 0.003370 -0.025915 -0.005109 11.000000 0.044000
922.000000 0.010090 0.003294 -0.025295 -0.008230 11.000000 0.044000
923.000000 0.009920 0.003254 -0.027552 -0.009862 11.000000 0.044000
924.000000 0.009763 0.003251 -0.030066 -0.007109 11.000000 0.044000
925.000000 0.009606 0.003248 -0.030744 -0.003889 11.000000 0.044000
926.000000 0.009476 0.003173 -0.029731 -0.005825 11.000000 0.044000
927.000000 0.009334 0.003060 -0.028465 -0.012201 11.000000 0.044000
928.000000 0.009165 0.003020 -0.029790 -0.013675 11.000000 0.044000
929.000000 0.008995 0.002981 -0.031826 -0.010840 11.000000 0.044000
930.000000 0.008853 0.002868 -0.031514 -0.012973 11.000000 0.044000
931.000000 0.008683 0.002829 -0.031357 -0.014054 11.000000 0.044000
932.000000 0.008541 0.002716 -0.031285 -0.014601 11.000000 0.044000
933.000000 0.008319 0.002676 -0.033825 -0.014910 11.000000 0.044000
934.000000 0.008189 0.002601 -0.034513 -0.013255 11.000000 0.044000
935.000000 0.008046 0.002488 -0.030946 -0.015950 11.000000 0.044000
936.000000 0.007904 0.002376 -0.029748 -0.019130 11.000000 0.044000
937.000000 0.007721 0.002300 -0.031106 -0.018971 11.000000 0.044000
938.000000 0.007539 0.002224 -0.033765 -0.017110 11.000000 0.044000
939.000000 0.007384 0.002075 -0.033785 -0.019739 11.000000 0.044000
940.000000 0.007201 0.001999 -0.033800 -0.021072 11.000000 0.044000
941.000000 0.006993 0.001850 -0.036400 -0.021775 11.000000 0.044000
942.000000 0.006798 0.001737 -0.038351 -0.023934 11.000000 0.044000
943.000000 0.006667 0.001662 -0.035533 -0.021384 11.000000 0.044000
944.000000 0.006511 0.001513 -0.032151 -0.021855 11.000000 0.044000
945.000000 0.006356 0.001365 -0.031678 -0.025704 11.000000 0.044000
946.000000 0.006200 0.001216 -0.031450 -0.027660 11.000000 0.044000
947.000000 0.006004 0.001104 -0.033301 -0.026871 11.000000 0.044000
948.000000 0.005848 0.000956 -0.034256 -0.026463 11.000000 0.044000
949.000000 0.005691 0.000807 -0.032796 -0.028028 11.000000 0.044000
950.000000 0.005482 0.000658 -0.034649 -0.028842 11.000000 0.044000
951.000000 0.005313 0.000473 -0.036237 -0.031054 11.000000 0.044000
952.000000 0.005116 0.000361 -0.036426 -0.030369 11.000000 0.044000
953.000000 0.004987 0.000140 -0.034587 -0.031795 11.000000 0.044000
954.000000 0.004830 -0.000008 -0.031703 -0.034296 11.000000 0.044000
955.000000 0.004700 -0.000229 -0.030253 -0.035565 11.000000 0.044000
956.000000 0.004530 -0.000414 -0.030162 -0.038006 11.000000 0.044000
957.000000 0.004360 -0.000598 -0.032086 -0.037461 11.000000 0.044000
958.000000 0.004189 -0.000783 -0.033082 -0.037176 11.000000 0.044000
959.000000 0.004019 -0.000967 -0.033605 -0.037023 11.000000 0.044000
960.000000 0.003835 -0.001188 -0.034530 -0.038737 11.000000 0.044000
961.000000 0.003704 -0.001409 -0.033065 -0.041387 11.000000 0.044000
962.000000 0.003612 -0.001666 -0.027792 -0.044497 11.000000 0.044000
963.000000 0.003481 -0.001887 -0.025121 -0.046076 11.000000 0.044000
964.000000 0.003310 -0.002071 -0.027680 -0.043306 11.000000 0.044000
965.000000 0.003165 -0.002328 -0.029651 -0.043686 11.000000 0.044000
966.000000 0.003020 -0.002585 -0.029370 -0.047453 11.000000 0.044000
967.000000 0.002874 -0.002842 -0.029249 -0.049364 11.000000 0.044000
968.000000 0.002729 -0.003099 -0.029210 -0.050329 11.000000 0.044000
969.000000 0.002583 -0.003355 -0.029212 -0.050812 11.000000 0.044000
970.000000 0.002450 -0.003575 -0.028578 -0.049255 11.000000 0.044000
971.000000 0.002384 -0.003905 -0.024376 -0.052024 11.000000 0.044000
972.000000 0.002237 -0.004161 -0.022909 -0.055222 11.000000 0.044000
973.000000 0.002131 -0.004454 -0.024136 -0.055059 11.000000 0.044000
974.000000 0.002023 -0.004747 -0.022832 -0.056752 11.000000 0.044000
975.000000 0.001916 -0.005040 -0.022189 -0.057607 11.000000 0.044000
976.000000 0.001755 -0.005332 -0.024501 -0.058040 11.000000 0.044000
977.000000 0.001594 -0.005625 -0.028318 -0.058258 11.000000 0.044000
978.000000 0.001486 -0.005917 -0.027672 -0.058354 11.000000 0.044000
979.000000 0.001431 -0.006209 -0.022130 -0.058383 11.000000 0.044000
980.000000 0.001309 -0.006538 -0.019999 -0.060179 11.000000 0.044000
981.000000 0.001187 -0.006867 -0.022224 -0.062881 11.000000 0.044000
982.000000 0.001078 -0.007159 -0.022712 -0.062459 11.000000 0.044000
983.000000 0.000969 -0.007451 -0.022314 -0.060445 11.000000 0.044000
984.000000 0.000846 -0.007779 -0.022810 -0.061198 11.000000 0.044000
985.000000 0.000709 -0.008144 -0.024441 -0.065146 11.000000 0.044000
986.000000 0.000599 -0.008436 -0.024619 -0.065362 11.000000 0.044000
987.000000 0.000515 -0.008800 -0.022114 -0.065457 11.000000 0.044000
988.000000 0.000444 -0.009128 -0.018905 -0.067283 11.000000 0.044000
989.000000 0.000360 -0.009492 -0.017299 -0.068202 11.000000 0.044000
990.000000 0.000275 -0.009856 -0.017186 -0.070445 11.000000 0.044000
991.000000 0.000229 -0.010257 -0.015204 -0.073359 11.000000 0.044000
992.000000 0.000170 -0.010693 -0.012959 -0.078397 11.000000 0.044000
993.000000 0.000124 -0.011093 -0.011840 -0.080952 11.000000 0.044000
994.000000 0.000077 -0.011493 -0.010612 -0.080458 11.000000 0.044000
995.000000 0.000057 -0.011966 -0.008751 -0.083754 11.000000 0.044000
996.000000 0.000010 -0.012366 -0.007829 -0.085422 11.000000 0.044000
997.000000 -0.000063 -0.012693 -0.009907 -0.079137 11.000000 0.044000
998.000000 -0.000085 -0.013165 -0.009735 -0.079480 11.000000 0.044000
999.000000 -0.000147 -0.013600 -0.009113 -0.084983 11.000000 0.044000
1000.000000 -0.000155 -0.014036 -0.008125 -0.085992 11.000000 0.044000
1001.000000 -0.000177 -0.014508 -0.005699 -0.088268 11.000000 0.044000
1002.000000 -0.000240 -0.014943 -0.007150 -0.089413 11.000000 0.044000
1003.000000 -0.000263 -0.015414 -0.007920 -0.089978 11.000000 0.044000
1004.000000 -0.000232 -0.015885 -0.003718 -0.092030 11.000000 0.044000
1005.000000 -0.000270 -0.016392 -0.002321 -0.094831 11.000000 0.044000
1006.000000 -0.000320 -0.016791 -0.005548 -0.092693 11.000000 0.044000
1007.000000 -0.000330 -0.017225 -0.005805 -0.088038 11.000000 0.044000
1008.000000 -0.000329 -0.017768 -0.003470 -0.092745 11.000000 0.044000
1009.000000 -0.000354 -0.018238 -0.003021 -0.096901 11.000000 0.044000
1010.000000 -0.000340 -0.018745 -0.002110 -0.097224 11.000000 0.044000
1011.000000 -0.000365 -0.019215 -0.001677 -0.097372 11.000000 0.044000
1012.000000 -0.000366 -0.019757 -0.002208 -0.099195 11.000000 0.044000
1013.000000 -0.000352 -0.020262 -0.000544 -0.101878 11.000000 0.044000
1014.000000 -0.000339 -0.020768 0.000994 -0.101454 11.000000 0.044000
1015.000000 -0.000366 -0.021237 -0.000217 -0.099450 11.000000 0.044000
1016.000000 -0.000368 -0.021778 -0.001592 -0.100174 11.000000 0.044000
1017.000000 -0.000355 -0.022283 -0.000356 -0.102294 11.000000 0.044000
1018.000000 -0.000318 -0.022860 0.002206 -0.105115 11.000000 0.044000
1019.000000 -0.000321 -0.023400 0.002747 -0.108297 11.000000 0.044000
1020.000000 -0.000309 -0.023904 0.001759 -0.106364 11.000000 0.044000
1021.000000 -0.000328 -0.024480 0.000478 -0.107118 11.000000 0.044000
1022.000000 -0.000276 -0.025020 0.001771 -0.109245 11.000000 0.044000
1023.000000 -0.000226 -0.025560 0.005843 -0.108542 11.000000 0.044000
1024.000000 -0.000286 -0.026099 0.002457 -0.108159 11.000000 0.044000
1025.000000 -0.000250 -0.026674 -0.000037 -0.109699 11.000000 0.044000
1026.000000 -0.000241 -0.027177 0.002115 -0.108704 11.000000 0.044000
1027.000000 -0.000221 -0.027787 0.002427 -0.109926 11.000000 0.044000
1028.000000 -0.000228 -0.028326 0.001808 -0.112287 11.000000 0.044000
1029.000000 -0.000194 -0.028899 0.002206 -0.111702 11.000000 0.044000
1030.000000 -0.000176 -0.029509 0.003594 -0.114891 11.000000 0.044000
1031.000000 -0.000143 -0.030082 0.004270 -0.116489 11.000000 0.044000
1032.000000 -0.000110 -0.030655 0.005334 -0.115519 11.000000 0.044000
1033.000000 -0.000118 -0.031192 0.003863 -0.113246 11.000000 0.044000
1034.000000 -0.000086 -0.031765 0.003083 -0.112061 11.000000 0.044000
1035.000000 -0.000085 -0.032409 0.003098 -0.116685 11.000000 0.044000
1036.000000 -0.000054 -0.032981 0.003075 -0.119014 11.000000 0.044000
1037.000000 -0.000023 -0.033553 0.004553 -0.116668 11.000000 0.044000
1038.000000 -0.000023 -0.034195 0.003730 -0.118941 11.000000 0.044000
1039.000000 0.000047 -0.034802 0.005267 -0.121819 11.000000 0.044000
1040.000000 0.000062 -0.035409 0.006775 -0.121504 11.000000 0.044000
1041.000000 0.000091 -0.035979 0.005530 -0.119568 11.000000 0.044000
1042.000000 0.000064 -0.036549 0.002866 -0.116807 11.000000 0.044000
1043.000000 0.000118 -0.037191 0.002685 -0.118859 11.000000 0.044000
1044.000000 0.000130 -0.037796 0.004538 -0.121620 11.000000 0.044000
1045.000000 0.000199 -0.038401 0.006233 -0.121249 11.000000 0.044000
1046.000000 0.000195 -0.039041 0.006266 -0.122769 11.000000 0.044000
1047.000000 0.000263 -0.039645 0.006260 -0.123512 11.000000 0.044000
1048.000000 0.000315 -0.040285 0.008990 -0.123853 11.000000 0.044000
1049.000000 0.000310 -0.040924 0.006772 -0.125735 11.000000 0.044000
1050.000000 0.000393 -0.041492 0.007200 -0.123185 11.000000 0.044000
1051.000000 0.000346 -0.042095 0.005368 -0.120116 11.000000 0.044000
1052.000000 0.000396 -0.042733 0.002821 -0.121995 11.000000 0.044000
1053.000000 0.000405 -0.043335 0.004267 -0.122920 11.000000 0.044000
1054.000000 0.000455 -0.043972 0.004970 -0.123354 11.000000 0.044000
1055.000000 0.000463 -0.044574 0.005287 -0.123545 11.000000 0.044000
1056.000000 0.000512 -0.045211 0.005414 -0.123605 11.000000 0.044000
1057.000000 0.000584 -0.045918 0.008632 -0.128789 11.000000 0.044000
1058.000000 0.000591 -0.046518 0.008233 -0.129669 11.000000 0.044000
1059.000000 0.000655 -0.047119 0.007615 -0.124888 11.000000 0.044000
1060.000000 0.000662 -0.047719 0.007258 -0.122422 11.000000 0.044000
1061.000000 0.000668 -0.048318 0.004227 -0.121137 11.000000 0.044000
1062.000000 0.000698 -0.048988 0.003828 -0.123899 11.000000 0.044000
1063.000000 0.000744 -0.049622 0.005594 -0.126995 11.000000 0.044000
1064.000000 0.000789 -0.050256 0.007272 -0.126807 11.000000 0.044000
1065.000000 0.000777 -0.050889 0.005255 -0.126679 11.000000 0.044000
1066.000000 0.000863 -0.051558 0.006205 -0.128294 11.000000 0.044000
1067.000000 0.000907 -0.052190 0.009481 -0.129077 11.000000 0.044000
1068.000000 0.000952 -0.052822 0.009107 -0.127719 11.000000 0.044000
1069.000000 0.000971 -0.053384 0.007702 -0.123558 11.000000 0.044000
1070.000000 0.000998 -0.054051 0.006113 -0.123118 11.000000 0.044000
1071.000000 0.001041 -0.054682 0.006452 -0.126297 11.000000 0.044000
1072.000000 0.001084 -0.055313 0.007419 -0.126158 11.000000 0.044000
1073.000000 0.001109 -0.055978 0.007033 -0.127765 11.000000 0.044000
1074.000000 0.001151 -0.056608 0.006803 -0.128547 11.000000 0.044000
1075.000000 0.001192 -0.057238 0.007486 -0.127191 11.000000 0.044000
1076.000000 0.001234 -0.057867 0.007800 -0.126463 11.000000 0.044000
1077.000000 0.001292 -0.058461 0.008775 -0.124344 11.000000 0.044000
1078.000000 0.001274 -0.059090 0.006360 -0.123233 11.000000 0.044000
1079.000000 0.001314 -0.059718 0.004251 -0.124344 11.000000 0.044000
1080.000000 0.001354 -0.060345 0.006007 -0.124866 11.000000 0.044000
1081.000000 0.001393 -0.060973 0.006867 -0.125095 11.000000 0.044000
1082.000000 0.001432 -0.061600 0.007270 -0.125173 11.000000 0.044000
1083.000000 0.001453 -0.062261 0.006577 -0.126881 11.000000 0.044000
1084.000000 0.001491 -0.062887 0.006190 -0.127713 11.000000 0.044000
1085.000000 0.001529 -0.063513 0.006813 -0.126392 11.000000 0.044000
1086.000000 0.001584 -0.064104 0.007965 -0.123979 11.000000 0.044000
1087.000000 0.001539 -0.064660 0.004453 -0.119325 11.000000 0.044000
1088.000000 0.001576 -0.065284 0.001768 -0.118621 11.000000 0.044000
1089.000000 0.001654 -0.065943 0.006453 -0.123308 11.000000 0.044000
1090.000000 0.001690 -0.066567 0.008805 -0.125657 11.000000 0.044000
1091.000000 0.001725 -0.067191 0.007938 -0.125121 11.000000 0.044000
1092.000000 0.001761 -0.067814 0.007461 -0.124810 11.000000 0.044000
1093.000000 0.001796 -0.068437 0.007182 -0.124613 11.000000 0.044000
1094.000000 0.001813 -0.069094 0.006121 -0.126169 11.000000 0.044000
1095.000000 0.001883 -0.069647 0.007318 -0.123538 11.000000 0.044000
1096.000000 0.001875 -0.070234 0.006728 -0.118778 11.000000 0.044000
1097.000000 0.001867 -0.070821 0.002594 -0.118025 11.000000 0.044000
1098.000000 0.001900 -0.071442 0.002489 -0.119288 11.000000 0.044000
1099.000000 0.001933 -0.072062 0.004437 -0.121578 11.000000 0.044000
1100.000000 0.001966 -0.072682 0.005395 -0.122705 11.000000 0.044000
1101.000000 0.001998 -0.073302 0.005848 -0.123240 11.000000 0.044000
1102.000000 0.002053 -0.073990 0.007190 -0.126835 11.000000 0.044000
1103.000000 0.002061 -0.074540 0.006695 -0.125270 11.000000 0.044000
1104.000000 0.002069 -0.075090 0.004113 -0.117707 11.000000 0.044000
1105.000000 0.002081 -0.075743 0.003006 -0.118863 11.000000 0.044000
1106.000000 0.002130 -0.076326 0.004462 -0.121096 11.000000 0.044000
1107.000000 0.002100 -0.076944 0.003107 -0.120518 11.000000 0.044000
1108.000000 0.002130 -0.077561 0.001483 -0.121869 11.000000 0.044000
1109.000000 0.002136 -0.078109 0.002431 -0.119161 11.000000 0.044000
1110.000000 0.002146 -0.078759 0.001964 -0.119418 11.000000 0.044000
1111.000000 0.002174 -0.079375 0.002835 -0.122864 11.000000 0.044000
1112.000000 0.002203 -0.079990 0.004153 -0.122899 11.000000 0.044000
1113.000000 0.002207 -0.080537 0.003655 -0.119539 11.000000 0.044000
1114.000000 0.002212 -0.081084 0.002232 -0.114450 11.000000 0.044000
1115.000000 0.002220 -0.081732 0.001686 -0.116835 11.000000 0.044000
1116.000000 0.002205 -0.082312 0.000453 -0.119692 11.000000 0.044000
1117.000000 0.002250 -0.082891 0.001636 -0.117761 11.000000 0.044000
1118.000000 0.002215 -0.083505 0.001269 -0.118412 11.000000 0.044000
1119.000000 0.002218 -0.084049 -0.001001 -0.117051 11.000000 0.044000
1120.000000 0.002243 -0.084662 0.000787 -0.116306 11.000000 0.044000
1121.000000 0.002226 -0.085240 0.000733 -0.117563 11.000000 0.044000
1122.000000 0.002186 -0.085750 -0.002516 -0.113189 11.000000 0.044000
1123.000000 0.002210 -0.086361 -0.002147 -0.112577 11.000000 0.044000
1124.000000 0.002234 -0.086972 0.001195 -0.117209 11.000000 0.044000
1125.000000 0.002215 -0.087549 0.000798 -0.117877 11.000000 0.044000
1126.000000 0.002196 -0.088125 -0.001505 -0.116525 11.000000 0.044000
1127.000000 0.002177 -0.088701 -0.002717 -0.115801 11.000000 0.044000
1128.000000 0.002157 -0.089276 -0.003373 -0.115396 11.000000 0.044000
1129.000000 0.002180 -0.089885 -0.001676 -0.116802 11.000000 0.044000
1130.000000 0.002178 -0.090426 0.000102 -0.115826 11.000000 0.044000
1131.000000 0.002115 -0.090967 -0.003166 -0.111996 11.000000 0.044000
1132.000000 0.002094 -0.091541 -0.005816 -0.111668 11.000000 0.044000
1133.000000 0.002073 -0.092115 -0.005137 -0.113113 11.000000 0.044000
1134.000000 0.002051 -0.092688 -0.004829 -0.113813 11.000000 0.044000
1135.000000 0.002048 -0.093227 -0.003748 -0.112482 11.000000 0.044000
1136.000000 0.002025 -0.093800 -0.003236 -0.111767 11.000000 0.044000
1137.000000 0.002002 -0.094372 -0.003969 -0.113021 11.000000 0.044000
1138.000000 0.002021 -0.094978 -0.002305 -0.115261 11.000000 0.044000
1139.000000 0.002036 -0.095482 0.000443 -0.113073 11.000000 0.044000
1140.000000 0.001928 -0.095986 -0.004424 -0.107005 11.000000 0.044000
1141.000000 0.001923 -0.096524 -0.007894 -0.105532 11.000000 0.044000
1142.000000 0.001898 -0.097094 -0.005554 -0.108024 11.000000 0.044000
1143.000000 0.001872 -0.097664 -0.005366 -0.110903 11.000000 0.044000
1144.000000 0.001867 -0.098200 -0.004330 -0.110692 11.000000 0.044000
1145.000000 0.001841 -0.098770 -0.003841 -0.110546 11.000000 0.044000
1146.000000 0.001834 -0.099305 -0.003620 -0.110440 11.000000 0.044000
1147.000000 0.001827 -0.099841 -0.002563 -0.108710 11.000000 0.044000
1148.000000 0.001800 -0.100409 -0.003039 -0.109434 11.000000 0.044000
1149.000000 0.001750 -0.100910 -0.005394 -0.108143 11.000000 0.044000
1150.000000 0.001742 -0.101444 -0.005644 -0.105811 11.000000 0.044000
1151.000000 0.001714 -0.102012 -0.004710 -0.107856 11.000000 0.044000
1152.000000 0.001706 -0.102545 -0.004263 -0.108865 11.000000 0.044000
1153.000000 0.001655 -0.103045 -0.005167 -0.106085 11.000000 0.044000
1154.000000 0.001625 -0.103611 -0.006652 -0.106266 11.000000 0.044000
1155.000000 0.001616 -0.104144 -0.005353 -0.107954 11.000000 0.044000
1156.000000 0.001586 -0.104709 -0.004731 -0.108774 11.000000 0.044000
1157.000000 0.001596 -0.105208 -0.003440 -0.107533 11.000000 0.044000
1158.000000 0.001501 -0.105673 -0.006000 -0.101995 11.000000 0.044000
1159.000000 0.001427 -0.106204 -0.011423 -0.100777 11.000000 0.044000
1160.000000 0.001396 -0.106768 -0.011047 -0.104994 11.000000 0.044000
1161.000000 0.001362 -0.107233 -0.008880 -0.103862 11.000000 0.044000
1162.000000 0.001330 -0.107796 -0.007815 -0.103244 11.000000 0.044000
1163.000000 0.001318 -0.108326 -0.006212 -0.106145 11.000000 0.044000
1164.000000 0.001305 -0.108855 -0.004422 -0.105962 11.000000 0.044000
1165.000000 0.001272 -0.109418 -0.004553 -0.107455 11.000000 0.044000
1166.000000 0.001217 -0.109914 -0.006745 -0.106570 11.000000 0.044000
1167.000000 0.001139 -0.110343 -0.010055 -0.099623 11.000000 0.044000
1168.000000 0.001104 -0.110904 -0.010698 -0.099280 11.000000 0.044000
1169.000000 0.001048 -0.111399 -0.009977 -0.102312 11.000000 0.044000
1170.000000 0.001033 -0.111927 -0.008624 -0.102202 11.000000 0.044000
1171.000000 0.000955 -0.112454 -0.008993 -0.103730 11.000000 0.044000
1172.000000 0.000940 -0.112981 -0.009209 -0.104474 11.000000 0.044000
1173.000000 0.000925 -0.113507 -0.006232 -0.104815 11.000000 0.044000
1174.000000 0.000867 -0.114001 -0.006845 -0.103349 11.000000 0.044000
1175.000000 0.000829 -0.114461 -0.008256 -0.099355 11.000000 0.044000
1176.000000 0.000770 -0.114953 -0.009008 -0.097290 11.000000 0.044000
1177.000000 0.000733 -0.115511 -0.009383 -0.101029 11.000000 0.044000
1178.000000 0.000737 -0.116003 -0.006466 -0.102901 11.000000 0.044000
1179.000000 0.000677 -0.116495 -0.006084 -0.100610 11.000000 0.044000
1180.000000 0.000660 -0.117019 -0.006950 -0.101016 11.000000 0.044000
1181.000000 0.000599 -0.117511 -0.007425 -0.101193 11.000000 0.044000
1182.000000 0.000581 -0.118034 -0.007696 -0.101248 11.000000 0.044000
1183.000000 0.000542 -0.118590 -0.006806 -0.104443 11.000000 0.044000
1184.000000 0.000566 -0.119047 -0.004285 -0.102841 11.000000 0.044000
1185.000000 0.000461 -0.119505 -0.006211 -0.097195 11.000000 0.044000
1186.000000 0.000442 -0.120027 -0.009303 -0.097487 11.000000 0.044000
1187.000000 0.000401 -0.120483 -0.007754 -0.097609 11.000000 0.044000
1188.000000 0.000338 -0.120972 -0.009105 -0.096042 11.000000 0.044000
1189.000000 0.000318 -0.121493 -0.008761 -0.098404 11.000000 0.044000
1190.000000 0.000276 -0.121949 -0.007563 -0.097985 11.000000 0.044000
1191.000000 0.000298 -0.122502 -0.004869 -0.099325 11.000000 0.044000
1192.000000 0.000234 -0.122990 -0.004582 -0.101574 11.000000 0.044000
1193.000000 0.000256 -0.123445 -0.004452 -0.097913 11.000000 0.044000
1194.000000 0.000213 -0.123899 -0.003358 -0.094429 11.000000 0.044000
1195.000000 0.000148 -0.124386 -0.007058 -0.094216 11.000000 0.044000
1196.000000 0.000148 -0.124872 -0.006852 -0.095667 11.000000 0.044000
1197.000000 0.000082 -0.125359 -0.006782 -0.096375 11.000000 0.044000
1198.000000 0.000081 -0.125844 -0.006767 -0.096706 11.000000 0.044000
1199.000000 0.000015 -0.126330 -0.006794 -0.096842 11.000000 0.044000
1200.000000 0.000057 -0.126847 -0.004708 -0.098464 11.000000 0.044000
1201.000000 -0.000010 -0.127332 -0.003681 -0.099259 11.000000 0.044000
1202.000000 -0.000033 -0.127752 -0.006339 -0.094889 11.000000 0.044000
1203.000000 -0.000057 -0.128172 -0.005575 -0.089474 11.000000 0.044000
1204.000000 -0.000124 -0.128656 -0.007360 -0.089848 11.000000 0.044000
1205.000000 -0.000127 -0.129140 -0.007244 -0.093173 11.000000 0.044000
1206.000000 -0.000130 -0.129623 -0.004015 -0.094835 11.000000 0.044000
1207.000000 -0.000133 -0.130106 -0.002392 -0.095650 11.000000 0.044000
1208.000000 -0.000180 -0.130557 -0.003712 -0.094460 11.000000 0.044000
1209.000000 -0.000183 -0.131039 -0.004407 -0.093823 11.000000 0.044000
1210.000000 -0.000187 -0.131521 -0.002661 -0.095044 11.000000 0.044000
1211.000000 -0.000256 -0.131907 -0.004958 -0.090922 11.000000 0.044000
1212.000000 -0.000238 -0.132356 -0.005061 -0.087219 11.000000 0.044000
1213.000000 -0.000286 -0.132805 -0.004100 -0.088455 11.000000 0.044000
1214.000000 -0.000291 -0.133286 -0.004718 -0.090624 11.000000 0.044000
1215.000000 -0.000339 -0.133735 -0.005060 -0.091703 11.000000 0.044000
1216.000000 -0.000365 -0.134151 -0.006290 -0.089087 11.000000 0.044000
1217.000000 -0.000414 -0.134599 -0.006943 -0.087727 11.000000 0.044000
1218.000000 -0.000420 -0.135079 -0.006261 -0.090141 11.000000 0.044000
1219.000000 -0.000404 -0.135527 -0.002709 -0.091346 11.000000 0.044000
1220.000000 -0.000431 -0.135942 -0.001953 -0.088802 11.000000 0.044000
1221.000000 -0.000481 -0.136389 -0.004819 -0.087476 11.000000 0.044000
1222.000000 -0.000465 -0.136836 -0.004164 -0.088341 11.000000 0.044000
1223.000000 -0.000493 -0.137250 -0.002752 -0.087195 11.000000 0.044000
1224.000000 -0.000477 -0.137696 -0.002048 -0.086583 11.000000 0.044000
1225.000000 -0.000506 -0.138111 -0.001709 -0.086249 11.000000 0.044000
1226.000000 -0.000513 -0.138588 -0.002662 -0.087607 11.000000 0.044000
1227.000000 -0.000498 -0.139033 -0.001029 -0.089833 11.000000 0.044000
1228.000000 -0.000527 -0.139447 -0.001247 -0.087825 11.000000 0.044000
1229.000000 -0.000533 -0.139828 -0.002399 -0.083665 11.000000 0.044000
1230.000000 -0.000563 -0.140241 -0.003006 -0.081522 11.000000 0.044000
1231.000000 -0.000592 -0.140653 -0.004443 -0.081963 11.000000 0.044000
1232.000000 -0.000622 -0.141066 -0.005196 -0.082164 11.000000 0.044000
1233.000000 -0.000608 -0.141509 -0.003458 -0.083794 11.000000 0.044000
1234.000000 -0.000638 -0.141921 -0.002592 -0.084602 11.000000 0.044000
1235.000000 -0.000647 -0.142396 -0.003289 -0.086532 11.000000 0.044000
1236.000000 -0.000611 -0.142807 -0.000397 -0.087496 11.000000 0.044000
1237.000000 -0.000575 -0.143219 0.003300 -0.084862 11.000000 0.044000
1238.000000 -0.000649 -0.143598 -0.000240 -0.081947 11.000000 0.044000
1239.000000 -0.000680 -0.144008 -0.005324 -0.080435 11.000000 0.044000
1240.000000 -0.000689 -0.144387 -0.004665 -0.079648 11.000000 0.044000
1241.000000 -0.000676 -0.144829 -0.002203 -0.080768 11.000000 0.044000
1242.000000 -0.000708 -0.145239 -0.002092 -0.082861 11.000000 0.044000
1243.000000 -0.000739 -0.145648 -0.004199 -0.082354 11.000000 0.044000
1244.000000 -0.000748 -0.146026 -0.004160 -0.080533 11.000000 0.044000
1245.000000 -0.000736 -0.146467 -0.002011 -0.081123 11.000000 0.044000
1246.000000 -0.000723 -0.146813 0.000205 -0.079867 11.000000 0.044000
1247.000000 -0.000799 -0.147190 -0.002982 -0.076117 11.000000 0.044000
1248.000000 -0.000808 -0.147567 -0.005750 -0.075727 11.000000 0.044000
1249.000000 -0.000841 -0.147975 -0.005033 -0.077046 11.000000 0.044000
1250.000000 -0.000874 -0.148383 -0.005821 -0.079232 11.000000 0.044000
1251.000000 -0.000884 -0.148760 -0.005101 -0.078788 11.000000 0.044000
1252.000000 -0.000894 -0.149136 -0.003611 -0.077005 11.000000 0.044000
1253.000000 -0.000883 -0.149574 -0.001856 -0.079143 11.000000 0.044000
1254.000000 -0.000894 -0.149950 -0.000976 -0.080213 11.000000 0.044000
1255.000000 -0.000881 -0.150294 -0.000407 -0.076137 11.000000 0.044000
1256.000000 -0.000936 -0.150638 -0.002286 -0.072506 11.000000 0.044000
1257.000000 -0.000946 -0.151013 -0.004399 -0.072168 11.000000 0.044000
1258.000000 -0.000981 -0.151420 -0.004486 -0.075037 11.000000 0.044000
1259.000000 -0.000992 -0.151794 -0.004544 -0.076478 11.000000 0.044000
1260.000000 -0.001003 -0.152169 -0.003442 -0.075662 11.000000 0.044000
1261.000000 -0.001014 -0.152543 -0.002894 -0.075226 11.000000 0.044000
1262.000000 -0.001049 -0.152948 -0.003783 -0.076506 11.000000 0.044000
1263.000000 -0.001038 -0.153291 -0.003094 -0.075616 11.000000 0.044000
1264.000000 -0.001026 -0.153633 -0.000452 -0.072094 11.000000 0.044000
1265.000000 -0.001105 -0.154007 -0.003587 -0.071798 11.000000 0.044000
1266.000000 -0.001118 -0.154380 -0.006351 -0.073151 11.000000 0.044000
1267.000000 -0.001130 -0.154753 -0.004462 -0.073824 11.000000 0.044000
1268.000000 -0.001142 -0.155126 -0.003513 -0.074146 11.000000 0.044000
1269.000000 -0.001155 -0.155498 -0.003044 -0.074289 11.000000 0.044000
1270.000000 -0.001168 -0.155871 -0.002818 -0.074341 11.000000 0.044000
1271.000000 -0.001180 -0.156243 -0.002717 -0.074347 11.000000 0.044000
1272.000000 -0.001193 -0.156615 -0.002680 -0.074329 11.000000 0.044000
1273.000000 -0.001183 -0.156956 -0.001508 -0.072785 11.000000 0.044000
1274.000000 -0.001284 -0.157265 -0.005255 -0.068940 11.000000 0.044000
1275.000000 -0.001298 -0.157637 -0.008340 -0.068475 11.000000 0.044000
1276.000000 -0.001287 -0.157977 -0.004431 -0.069750 11.000000 0.044000
1277.000000 -0.001345 -0.158317 -0.004620 -0.068860 11.000000 0.044000
1278.000000 -0.001383 -0.158718 -0.007068 -0.071408 11.000000 0.044000
1279.000000 -0.001417 -0.159027 -0.007158 -0.071181 11.000000 0.044000
1280.000000 -0.001387 -0.159428 -0.003882 -0.071045 11.000000 0.044000
1281.000000 -0.001401 -0.159799 -0.001231 -0.073984 11.000000 0.044000
1282.000000 -0.001436 -0.160107 -0.003052 -0.070925 11.000000 0.044000
1283.000000 -0.001495 -0.160446 -0.006164 -0.067832 11.000000 0.044000
1284.000000 -0.001510 -0.160815 -0.006769 -0.069259 11.000000 0.044000
1285.000000 -0.001500 -0.161154 -0.003744 -0.069976 11.000000 0.044000
1286.000000 -0.001515 -0.161523 -0.002217 -0.070319 11.000000 0.044000
1287.000000 -0.001575 -0.161861 -0.004800 -0.070469 11.000000 0.044000
1288.000000 -0.001590 -0.162230 -0.006130 -0.070524 11.000000 0.044000
1289.000000 -0.001605 -0.162598 -0.004652 -0.072042 11.000000 0.044000
1290.000000 -0.001621 -0.162966 -0.003913 -0.072793 11.000000 0.044000
1291.000000 -0.001657 -0.163273 -0.004537 -0.070152 11.000000 0.044000
1292.000000 -0.001693 -0.163580 -0.005856 -0.065781 11.000000 0.044000
1293.000000 -0.001729 -0.163886 -0.006539 -0.063541 11.000000 0.044000
1294.000000 -0.001745 -0.164254 -0.005913 -0.065385 11.000000 0.044000
1295.000000 -0.001761 -0.164621 -0.004620 -0.069308 11.000000 0.044000
1296.000000 -0.001797 -0.164927 -0.004959 -0.068289 11.000000 0.044000
1297.000000 -0.001858 -0.165263 -0.007323 -0.066245 11.000000 0.044000
1298.000000 -0.001830 -0.165660 -0.005378 -0.069684 11.000000 0.044000
1299.000000 -0.001867 -0.165966 -0.003209 -0.069928 11.000000 0.044000
1300.000000 -0.001860 -0.166301 -0.003097 -0.067036 11.000000 0.044000
1301.000000 -0.001897 -0.166606 -0.003051 -0.065549 11.000000 0.044000
1302.000000 -0.001934 -0.166911 -0.005216 -0.063276 11.000000 0.044000
1303.000000 -0.001951 -0.167277 -0.005350 -0.065088 11.000000 0.044000
1304.000000 -0.001988 -0.167582 -0.005429 -0.065998 11.000000 0.044000
1305.000000 -0.001982 -0.167917 -0.004283 -0.064952 11.000000 0.044000
1306.000000 -0.002044 -0.168251 -0.004913 -0.065891 11.000000 0.044000
1307.000000 -0.002037 -0.168586 -0.005242 -0.066351 11.000000 0.044000
1308.000000 -0.002055 -0.168950 -0.003244 -0.068060 11.000000 0.044000
1309.000000 -0.002113 -0.169193 -0.005395 -0.064446 11.000000 0.044000
1310.000000 -0.002106 -0.169527 -0.005299 -0.061098 11.000000 0.044000
1311.000000 -0.002145 -0.169831 -0.004283 -0.062360 11.000000 0.044000
1312.000000 -0.002138 -0.170165 -0.003774 -0.062984 11.000000 0.044000
1313.000000 -0.002177 -0.170468 -0.003526 -0.063287 11.000000 0.044000
1314.000000 -0.002215 -0.170771 -0.005594 -0.061933 11.000000 0.044000
1315.000000 -0.002254 -0.171073 -0.006659 -0.061229 11.000000 0.044000
1316.000000 -0.002273 -0.171437 -0.006239 -0.063820 11.000000 0.044000
1317.000000 -0.002267 -0.171769 -0.003850 -0.066614 11.000000 0.044000
1318.000000 -0.002326 -0.172011 -0.004593 -0.062090 11.000000 0.044000
1319.000000 -0.002296 -0.172314 -0.003766 -0.058291 11.000000 0.044000
1320.000000 -0.002335 -0.172616 -0.002382 -0.059308 11.000000 0.044000
1321.000000 -0.002330 -0.172948 -0.002897 -0.061285 11.000000 0.044000
1322.000000 -0.002325 -0.173280 -0.000983 -0.063761 11.000000 0.044000
1323.000000 -0.002364 -0.173581 -0.002207 -0.063521 11.000000 0.044000
1324.000000 -0.002404 -0.173883 -0.005029 -0.061898 11.000000 0.044000
1325.000000 -0.002399 -0.174214 -0.004289 -0.062537 11.000000 0.044000
1326.000000 -0.002369 -0.174515 -0.000511 -0.062860 11.000000 0.044000
1327.000000 -0.002454 -0.174786 -0.002978 -0.060046 11.000000 0.044000
1328.000000 -0.002469 -0.175057 -0.006430 -0.057117 11.000000 0.044000
1329.000000 -0.002440 -0.175358 -0.002596 -0.057104 11.000000 0.044000
1330.000000 -0.002480 -0.175658 -0.001875 -0.058552 11.000000 0.044000
1331.000000 -0.002476 -0.175989 -0.002737 -0.060740 11.000000 0.044000
1332.000000 -0.002491 -0.176259 -0.001962 -0.060376 11.000000 0.044000
1333.000000 -0.002532 -0.176559 -0.003771 -0.058694 11.000000 0.044000
1334.000000 -0.002528 -0.176889 -0.003733 -0.060765 11.000000 0.044000
1335.000000 -0.002544 -0.177159 -0.002496 -0.060343 11.000000 0.044000
1336.000000 -0.002604 -0.177398 -0.005036 -0.055698 11.000000 0.044000
1337.000000 -0.002601 -0.177728 -0.005372 -0.056254 11.000000 0.044000
1338.000000 -0.002617 -0.177997 -0.003357 -0.058003 11.000000 0.044000
1339.000000 -0.002588 -0.178296 -0.001107 -0.057415 11.000000 0.044000
1340.000000 -0.002629 -0.178595 -0.001201 -0.058563 11.000000 0.044000
1341.000000 -0.002601 -0.178894 -0.001254 -0.059132 11.000000 0.044000
1342.000000 -0.002642 -0.179193 -0.001294 -0.059407 11.000000 0.044000
1343.000000 -0.002614 -0.179492 -0.001318 -0.059532 11.000000 0.044000
1344.000000 -0.002605 -0.179731 0.001132 -0.056668 11.000000 0.044000
1345.000000 -0.002692 -0.179999 -0.003262 -0.053712 11.000000 0.044000
1346.000000 -0.002689 -0.180327 -0.005782 -0.056575 11.000000 0.044000
1347.000000 -0.002706 -0.180595 -0.003640 -0.058035 11.000000 0.044000
1348.000000 -0.002722 -0.180863 -0.003518 -0.055840 11.000000 0.044000
1349.000000 -0.002739 -0.181131 -0.003463 -0.054709 11.000000 0.044000
1350.000000 -0.002711 -0.181429 -0.001240 -0.055586 11.000000 0.044000
1351.000000 -0.002709 -0.181756 0.000843 -0.058935 11.000000 0.044000
1352.000000 -0.002771 -0.181993 -0.002506 -0.057701 11.000000 0.044000
1353.000000 -0.002763 -0.182231 -0.003934 -0.052690 11.000000 0.044000
1354.000000 -0.002825 -0.182469 -0.004672 -0.050128 11.000000 0.044000
1355.000000 -0.002842 -0.182736 -0.006297 -0.050262 11.000000 0.044000
1356.000000 -0.002860 -0.183003 -0.004931 -0.051782 11.000000 0.044000
1357.000000 -0.002877 -0.183270 -0.004242 -0.052544 11.000000 0.044000
1358.000000 -0.002895 -0.183537 -0.003899 -0.052920 11.000000 0.044000
1359.000000 -0.002868 -0.183833 -0.001526 -0.054558 11.000000 0.044000
1360.000000 -0.002840 -0.184129 0.001881 -0.056838 11.000000 0.044000
1361.000000 -0.002858 -0.184396 0.001406 -0.056527 11.000000 0.044000
1362.000000 -0.002851 -0.184633 0.000203 -0.053452 11.000000 0.044000
1363.000000 -0.002914 -0.184869 -0.002625 -0.050417 5.000000 0.044000
1364.000000 -0.002977 -0.185105 -0.007529 -0.048847 5.000000 0.044000
1365.000000 -0.002995 -0.185371 -0.007830 -0.049493 5.000000 0.044000
1366.000000 -0.002987 -0.185608 -0.004530 -0.049827 5.000000 0.044000
