# imt log
s logheadsize 000233
s logcolumns 6
s logname /home/testac/lgames/fitts/20180705_Thu/run1.124700.dat
s logversion 2.0
s logdate "Thu Jul 5 12:47:00 EDT 2018"
s logidate 1530809220

# begin user data

# end user data

#####
414.000000 0.058309 0.017783 -0.000000 0.000000 0.000000
415.000000 0.058309 0.017783 -0.000000 0.000000 0.000000
416.000000 0.058309 0.017783 -0.000000 0.000000 0.000000
417.000000 0.058309 0.017783 -0.000000 0.000000 0.000000
418.000000 0.058309 0.017783 -0.000000 0.000000 0.000000
419.000000 0.058309 0.017783 -0.000000 0.000000 0.000000
420.000000 0.058309 0.017783 -0.000000 0.000000 0.000000
421.000000 0.058309 0.017783 -0.000000 0.000000 0.000000
422.000000 0.058309 0.017783 -0.000000 0.000000 0.000000
423.000000 0.058309 0.017783 -0.000000 0.000000 0.000000
424.000000 0.058309 0.017783 -0.000000 0.000000 0.000000
425.000000 0.058309 0.017783 -0.000000 0.000000 0.000000
426.000000 0.058309 0.017783 -0.000000 0.000000 0.000000
427.000000 0.058309 0.017783 -0.000000 0.000000 0.000000
428.000000 0.058309 0.017783 -0.000000 0.000000 0.000000
429.000000 0.058309 0.017783 -0.000000 0.000000 0.000000
430.000000 0.058309 0.017783 -0.000000 0.000000 0.000000
431.000000 0.058309 0.017783 -0.000000 0.000000 0.000000
432.000000 0.058309 0.017783 -0.000000 0.000000 0.000000
433.000000 0.058309 0.017783 -0.000000 0.000000 0.000000
434.000000 0.058309 0.017783 -0.000000 0.000000 0.000000
435.000000 0.058309 0.017783 -0.000000 0.000000 0.000000
436.000000 0.058309 0.017783 -0.000000 0.000000 0.000000
437.000000 0.058309 0.017783 -0.000000 0.000000 0.000000
438.000000 0.058309 0.017783 -0.000000 0.000000 0.000000
439.000000 0.058309 0.017783 -0.000000 0.000000 0.000000
440.000000 0.058309 0.017783 -0.000000 0.000000 0.000000
441.000000 0.058309 0.017783 -0.000000 0.000000 0.000000
442.000000 0.058309 0.017783 -0.000000 0.000000 0.000000
443.000000 0.058309 0.017783 -0.000000 0.000000 0.000000
444.000000 0.058309 0.017783 -0.000000 0.000000 0.000000
445.000000 0.058309 0.017783 -0.000000 0.000000 0.000000
446.000000 0.058309 0.017783 -0.000000 0.000000 0.000000
447.000000 0.058309 0.017783 -0.000000 0.000000 0.000000
448.000000 0.058309 0.017783 -0.000000 0.000000 0.000000
449.000000 0.058309 0.017783 -0.000000 0.000000 0.000000
450.000000 0.058309 0.017783 -0.000000 0.000000 0.000000
451.000000 0.058309 0.017783 -0.000000 0.000000 0.000000
452.000000 0.058309 0.017783 -0.000000 0.000000 0.000000
453.000000 0.058309 0.017783 -0.000000 0.000000 0.000000
454.000000 0.058309 0.017783 -0.000000 0.000000 0.000000
455.000000 0.058309 0.017783 -0.000000 0.000000 0.000000
456.000000 0.058309 0.017783 -0.000000 0.000000 0.000000
457.000000 0.058309 0.017783 -0.000000 0.000000 0.000000
458.000000 0.058309 0.017783 -0.000000 0.000000 0.000000
459.000000 0.058309 0.017783 -0.000000 0.000000 0.000000
460.000000 0.058309 0.017783 -0.000000 0.000000 0.000000
461.000000 0.058309 0.017783 -0.000000 0.000000 0.000000
462.000000 0.058309 0.017783 -0.000000 0.000000 0.000000
463.000000 0.058309 0.017783 -0.000000 0.000000 0.000000
464.000000 0.058309 0.017783 -0.000000 0.000000 0.000000
465.000000 0.058309 0.017783 -0.000000 0.000000 0.000000
466.000000 0.058309 0.017783 -0.000000 0.000000 0.000000
467.000000 0.058309 0.017783 -0.000000 0.000000 0.000000
468.000000 0.058309 0.017783 -0.000000 0.000000 0.000000
469.000000 0.058309 0.017783 -0.000000 0.000000 0.000000
470.000000 0.058309 0.017783 -0.000000 0.000000 0.000000
471.000000 0.058309 0.017783 -0.000000 0.000000 0.000000
472.000000 0.058309 0.017783 -0.000000 0.000000 0.000000
473.000000 0.058309 0.017783 -0.000000 0.000000 0.000000
474.000000 0.058309 0.017783 -0.000000 0.000000 0.000000
475.000000 0.058309 0.017783 -0.000000 0.000000 0.000000
476.000000 0.058309 0.017783 -0.000000 0.000000 0.000000
477.000000 0.058309 0.017783 -0.000000 0.000000 0.000000
478.000000 0.058309 0.017783 -0.000000 0.000000 0.000000
479.000000 0.058309 0.017783 -0.000000 0.000000 0.000000
480.000000 0.058309 0.017783 -0.000000 0.000000 0.000000
481.000000 0.058309 0.017783 -0.000000 0.000000 0.000000
482.000000 0.058309 0.017783 -0.000000 0.000000 0.000000
483.000000 0.058309 0.017783 -0.000000 0.000000 0.000000
484.000000 0.058309 0.017783 -0.000000 0.000000 0.000000
485.000000 0.058309 0.017783 -0.000000 0.000000 0.000000
486.000000 0.058309 0.017783 -0.000000 0.000000 0.000000
487.000000 0.058309 0.017783 -0.000000 0.000000 0.000000
488.000000 0.058309 0.017783 -0.000000 0.000000 4.000000
489.000000 0.058309 0.017783 -0.000000 0.000000 4.000000
490.000000 0.058309 0.017783 -0.000000 0.000000 4.000000
491.000000 0.058309 0.017783 -0.000000 0.000000 4.000000
492.000000 0.058309 0.017783 -0.000000 0.000000 4.000000
493.000000 0.058309 0.017783 -0.000000 0.000000 4.000000
494.000000 0.058309 0.017783 -0.000000 0.000000 4.000000
495.000000 0.058309 0.017783 -0.000000 0.000000 4.000000
496.000000 0.058309 0.017783 -0.000000 0.000000 4.000000
497.000000 0.058309 0.017783 -0.000000 0.000000 4.000000
498.000000 0.058309 0.017783 -0.000000 0.000000 4.000000
499.000000 0.058309 0.017783 -0.000000 0.000000 4.000000
500.000000 0.058309 0.017783 -0.000000 0.000000 4.000000
501.000000 0.058309 0.017783 -0.000000 0.000000 4.000000
502.000000 0.058309 0.017783 -0.000000 0.000000 4.000000
503.000000 0.058309 0.017783 -0.000000 0.000000 4.000000
504.000000 0.058309 0.017783 -0.000000 0.000000 4.000000
505.000000 0.058309 0.017783 -0.000000 0.000000 4.000000
506.000000 0.058309 0.017783 -0.000000 0.000000 4.000000
507.000000 0.058309 0.017783 -0.000000 0.000000 4.000000
508.000000 0.058309 0.017783 -0.000000 0.000000 4.000000
509.000000 0.058309 0.017783 -0.000000 0.000000 4.000000
510.000000 0.058309 0.017783 -0.000000 0.000000 4.000000
511.000000 0.058309 0.017783 -0.000000 0.000000 4.000000
512.000000 0.058309 0.017783 -0.000000 0.000000 4.000000
513.000000 0.058309 0.017783 -0.000000 0.000000 4.000000
514.000000 0.058309 0.017783 -0.000000 0.000000 4.000000
515.000000 0.058309 0.017783 -0.000000 0.000000 4.000000
516.000000 0.058309 0.017783 -0.000000 0.000000 4.000000
517.000000 0.058309 0.017783 -0.000000 0.000000 4.000000
518.000000 0.058309 0.017783 -0.000000 0.000000 4.000000
519.000000 0.058309 0.017783 -0.000000 0.000000 4.000000
520.000000 0.058309 0.017783 -0.000000 0.000000 4.000000
521.000000 0.058309 0.017783 -0.000000 0.000000 4.000000
522.000000 0.058309 0.017783 -0.000000 0.000000 4.000000
523.000000 0.058309 0.017783 -0.000000 0.000000 4.000000
524.000000 0.058309 0.017783 -0.000000 0.000000 4.000000
525.000000 0.058309 0.017783 -0.000000 0.000000 4.000000
526.000000 0.058309 0.017783 -0.000000 0.000000 4.000000
527.000000 0.058309 0.017783 -0.000000 0.000000 4.000000
528.000000 0.058309 0.017783 -0.000000 0.000000 4.000000
529.000000 0.058309 0.017783 -0.000000 0.000000 4.000000
530.000000 0.058309 0.017783 -0.000000 0.000000 4.000000
531.000000 0.058309 0.017783 -0.000000 0.000000 4.000000
532.000000 0.058309 0.017783 -0.000000 0.000000 4.000000
533.000000 0.058309 0.017783 -0.000000 0.000000 4.000000
534.000000 0.058309 0.017783 -0.000000 0.000000 4.000000
535.000000 0.058309 0.017783 -0.000000 0.000000 4.000000
536.000000 0.058309 0.017783 -0.000000 0.000000 4.000000
537.000000 0.058309 0.017783 -0.000000 0.000000 4.000000
538.000000 0.058309 0.017783 -0.000000 0.000000 4.000000
539.000000 0.058309 0.017783 -0.000000 0.000000 4.000000
540.000000 0.058309 0.017783 -0.000000 0.000000 4.000000
541.000000 0.058309 0.017783 -0.000000 0.000000 4.000000
542.000000 0.058309 0.017783 -0.000000 0.000000 4.000000
543.000000 0.058309 0.017783 -0.000000 0.000000 4.000000
544.000000 0.058309 0.017783 -0.000000 0.000000 4.000000
545.000000 0.058309 0.017783 -0.000000 0.000000 4.000000
546.000000 0.058309 0.017783 -0.000000 0.000000 4.000000
547.000000 0.058309 0.017783 -0.000000 0.000000 4.000000
548.000000 0.058309 0.017783 -0.000000 0.000000 4.000000
549.000000 0.058309 0.017783 -0.000000 0.000000 4.000000
550.000000 0.058309 0.017783 -0.000000 0.000000 4.000000
551.000000 0.058309 0.017783 -0.000000 0.000000 4.000000
552.000000 0.058309 0.017783 -0.000000 0.000000 4.000000
553.000000 0.058309 0.017783 -0.000000 0.000000 4.000000
554.000000 0.058309 0.017783 -0.000000 0.000000 4.000000
555.000000 0.058309 0.017783 -0.000000 0.000000 4.000000
556.000000 0.058309 0.017783 -0.000000 0.000000 4.000000
557.000000 0.058309 0.017783 -0.000000 0.000000 4.000000
558.000000 0.058309 0.017783 -0.000000 0.000000 4.000000
559.000000 0.058309 0.017783 -0.000000 0.000000 4.000000
560.000000 0.058309 0.017783 -0.000000 0.000000 4.000000
561.000000 0.058309 0.017783 -0.000000 0.000000 4.000000
562.000000 0.058309 0.017783 -0.000000 0.000000 4.000000
563.000000 0.058309 0.017783 -0.000000 0.000000 4.000000
564.000000 0.058309 0.017783 -0.000000 0.000000 4.000000
565.000000 0.058309 0.017783 -0.000000 0.000000 4.000000
566.000000 0.058309 0.017783 -0.000000 0.000000 4.000000
567.000000 0.058309 0.017783 -0.000000 0.000000 4.000000
568.000000 0.058309 0.017783 -0.000000 0.000000 4.000000
569.000000 0.058309 0.017783 -0.000000 0.000000 4.000000
570.000000 0.058309 0.017783 -0.000000 0.000000 4.000000
571.000000 0.058309 0.017783 -0.000000 0.000000 4.000000
572.000000 0.058309 0.017783 -0.000000 0.000000 4.000000
573.000000 0.058309 0.017783 -0.000000 0.000000 4.000000
574.000000 0.058309 0.017783 -0.000000 0.000000 4.000000
575.000000 0.058309 0.017783 -0.000000 0.000000 4.000000
576.000000 0.058309 0.017783 -0.000000 0.000000 4.000000
577.000000 0.058309 0.017783 -0.000000 0.000000 4.000000
578.000000 0.058309 0.017783 -0.000000 0.000000 4.000000
579.000000 0.058309 0.017783 -0.000000 0.000000 4.000000
580.000000 0.058309 0.017783 -0.000000 0.000000 4.000000
581.000000 0.058309 0.017783 -0.000000 0.000000 4.000000
582.000000 0.058309 0.017783 -0.000000 0.000000 4.000000
583.000000 0.058309 0.017783 -0.000000 0.000000 4.000000
584.000000 0.058309 0.017783 -0.000000 0.000000 4.000000
585.000000 0.058309 0.017783 -0.000000 0.000000 4.000000
586.000000 0.058309 0.017783 -0.000000 0.000000 4.000000
587.000000 0.058309 0.017783 -0.000000 0.000000 4.000000
588.000000 0.058309 0.017783 -0.000000 0.000000 4.000000
589.000000 0.058309 0.017783 -0.000000 0.000000 4.000000
590.000000 0.058309 0.017783 -0.000000 0.000000 4.000000
591.000000 0.058309 0.017783 -0.000000 0.000000 4.000000
592.000000 0.058309 0.017783 -0.000000 0.000000 4.000000
593.000000 0.058309 0.017783 -0.000000 0.000000 4.000000
594.000000 0.058309 0.017783 -0.000000 0.000000 4.000000
595.000000 0.058309 0.017783 -0.000000 0.000000 4.000000
596.000000 0.058309 0.017783 -0.000000 0.000000 4.000000
597.000000 0.058309 0.017783 -0.000000 0.000000 4.000000
598.000000 0.058309 0.017783 -0.000000 0.000000 4.000000
599.000000 0.058309 0.017783 -0.000000 0.000000 4.000000
600.000000 0.058309 0.017783 -0.000000 0.000000 4.000000
601.000000 0.058309 0.017783 -0.000000 0.000000 4.000000
602.000000 0.058309 0.017783 -0.000000 0.000000 4.000000
603.000000 0.058309 0.017783 -0.000000 0.000000 4.000000
604.000000 0.058309 0.017783 -0.000000 0.000000 4.000000
605.000000 0.058309 0.017783 -0.000000 0.000000 4.000000
606.000000 0.058309 0.017783 -0.000000 0.000000 4.000000
607.000000 0.058309 0.017783 -0.000000 0.000000 4.000000
608.000000 0.058309 0.017783 -0.000000 0.000000 4.000000
609.000000 0.058309 0.017783 -0.000000 0.000000 4.000000
610.000000 0.058309 0.017783 -0.000000 0.000000 4.000000
611.000000 0.058309 0.017783 -0.000000 0.000000 4.000000
612.000000 0.058309 0.017783 -0.000000 0.000000 4.000000
613.000000 0.058309 0.017783 -0.000000 0.000000 4.000000
614.000000 0.058309 0.017783 -0.000000 0.000000 4.000000
615.000000 0.058309 0.017783 -0.000000 0.000000 4.000000
616.000000 0.058309 0.017783 -0.000000 0.000000 4.000000
617.000000 0.058309 0.017783 -0.000000 0.000000 4.000000
618.000000 0.058309 0.017783 -0.000000 0.000000 4.000000
619.000000 0.058309 0.017783 -0.000000 0.000000 4.000000
620.000000 0.058309 0.017783 -0.000000 0.000000 4.000000
621.000000 0.058309 0.017783 -0.000000 0.000000 4.000000
622.000000 0.058309 0.017783 -0.000000 0.000000 4.000000
623.000000 0.058309 0.017783 -0.000000 0.000000 4.000000
624.000000 0.058309 0.017783 -0.000000 0.000000 4.000000
625.000000 0.058309 0.017783 -0.000000 0.000000 4.000000
626.000000 0.058309 0.017783 -0.000000 0.000000 4.000000
627.000000 0.058309 0.017783 -0.000000 0.000000 4.000000
628.000000 0.058309 0.017783 -0.000000 0.000000 4.000000
629.000000 0.058309 0.017783 -0.000000 0.000000 4.000000
630.000000 0.058309 0.017783 -0.000000 0.000000 4.000000
631.000000 0.058309 0.017783 -0.000000 0.000000 4.000000
632.000000 0.058309 0.017783 -0.000000 0.000000 4.000000
633.000000 0.058309 0.017783 -0.000000 0.000000 4.000000
634.000000 0.058309 0.017783 -0.000000 0.000000 4.000000
635.000000 0.058309 0.017783 -0.000000 0.000000 4.000000
636.000000 0.058309 0.017783 -0.000000 0.000000 4.000000
637.000000 0.058309 0.017783 -0.000000 0.000000 4.000000
638.000000 0.058309 0.017783 -0.000000 0.000000 4.000000
639.000000 0.058309 0.017783 -0.000000 0.000000 4.000000
640.000000 0.058309 0.017783 -0.000000 0.000000 4.000000
641.000000 0.058309 0.017783 -0.000000 0.000000 4.000000
642.000000 0.058309 0.017783 -0.000000 0.000000 4.000000
643.000000 0.058309 0.017783 -0.000000 0.000000 4.000000
644.000000 0.058309 0.017783 -0.000000 0.000000 4.000000
645.000000 0.058309 0.017783 -0.000000 0.000000 4.000000
646.000000 0.058309 0.017783 -0.000000 0.000000 4.000000
647.000000 0.058309 0.017783 -0.000000 0.000000 4.000000
648.000000 0.058309 0.017783 -0.000000 0.000000 4.000000
649.000000 0.058309 0.017783 -0.000000 0.000000 4.000000
650.000000 0.058309 0.017783 -0.000000 0.000000 4.000000
651.000000 0.058309 0.017783 -0.000000 0.000000 4.000000
652.000000 0.058309 0.017783 -0.000000 0.000000 4.000000
653.000000 0.058309 0.017783 -0.000000 0.000000 4.000000
654.000000 0.058309 0.017783 -0.000000 0.000000 4.000000
655.000000 0.058309 0.017783 -0.000000 0.000000 4.000000
656.000000 0.058309 0.017783 -0.000000 0.000000 4.000000
657.000000 0.058309 0.017783 -0.000000 0.000000 4.000000
658.000000 0.058309 0.017783 -0.000000 0.000000 4.000000
659.000000 0.058309 0.017783 -0.000000 0.000000 4.000000
660.000000 0.058309 0.017783 -0.000000 0.000000 4.000000
661.000000 0.058309 0.017783 -0.000000 0.000000 4.000000
662.000000 0.058309 0.017783 -0.000000 0.000000 4.000000
663.000000 0.058309 0.017783 -0.000000 0.000000 4.000000
664.000000 0.058309 0.017783 -0.000000 0.000000 4.000000
665.000000 0.058309 0.017783 -0.000000 0.000000 4.000000
666.000000 0.058309 0.017783 -0.000000 0.000000 4.000000
667.000000 0.058309 0.017783 -0.000000 0.000000 4.000000
668.000000 0.058309 0.017783 -0.000000 0.000000 4.000000
669.000000 0.058309 0.017783 -0.000000 0.000000 4.000000
670.000000 0.058309 0.017783 -0.000000 0.000000 4.000000
671.000000 0.058309 0.017783 -0.000000 0.000000 4.000000
672.000000 0.058309 0.017783 -0.000000 0.000000 4.000000
673.000000 0.058309 0.017783 -0.000000 0.000000 4.000000
674.000000 0.058309 0.017783 -0.000000 0.000000 4.000000
675.000000 0.058309 0.017783 -0.000000 0.000000 4.000000
676.000000 0.058309 0.017783 -0.000000 0.000000 4.000000
677.000000 0.058309 0.017783 -0.000000 0.000000 4.000000
678.000000 0.058309 0.017783 -0.000000 0.000000 4.000000
679.000000 0.058309 0.017783 -0.000000 0.000000 4.000000
680.000000 0.058309 0.017783 -0.000000 0.000000 4.000000
681.000000 0.058309 0.017783 -0.000000 0.000000 4.000000
682.000000 0.058309 0.017783 -0.000000 0.000000 4.000000
683.000000 0.058309 0.017783 -0.000000 0.000000 4.000000
684.000000 0.058309 0.017783 -0.000000 0.000000 4.000000
685.000000 0.058309 0.017783 -0.000000 0.000000 4.000000
686.000000 0.058309 0.017783 -0.000000 0.000000 4.000000
687.000000 0.058309 0.017783 -0.000000 0.000000 4.000000
688.000000 0.058309 0.017783 -0.000000 0.000000 4.000000
689.000000 0.058309 0.017783 -0.000000 0.000000 4.000000
690.000000 0.058309 0.017783 -0.000000 0.000000 4.000000
691.000000 0.058309 0.017783 -0.000000 0.000000 4.000000
692.000000 0.058309 0.017783 -0.000000 0.000000 4.000000
693.000000 0.058309 0.017783 -0.000000 0.000000 4.000000
694.000000 0.058309 0.017783 -0.000000 0.000000 4.000000
695.000000 0.058309 0.017783 -0.000000 0.000000 7.000000
696.000000 0.058309 0.017783 -0.000000 0.000000 7.000000
697.000000 0.058309 0.017783 -0.000000 0.000000 7.000000
698.000000 0.058309 0.017783 -0.000000 0.000000 7.000000
699.000000 0.058309 0.017783 -0.000000 0.000000 2.000000
700.000000 0.058309 0.017783 -0.000000 0.000000 2.000000
701.000000 0.058309 0.017783 -0.000000 0.000000 2.000000
702.000000 0.058309 0.017783 -0.000000 0.000000 2.000000
703.000000 0.058309 0.017783 -0.000000 0.000000 7.000000
704.000000 0.058309 0.017783 -0.000000 0.000000 7.000000
705.000000 0.058309 0.017783 -0.000000 0.000000 7.000000
706.000000 0.058309 0.017783 -0.000000 0.000000 7.000000
707.000000 0.058309 0.017783 -0.000000 0.000000 7.000000
708.000000 0.058309 0.017783 -0.000000 0.000000 7.000000
709.000000 0.058309 0.017783 -0.000000 0.000000 7.000000
710.000000 0.058309 0.017783 -0.000000 0.000000 7.000000
711.000000 0.058309 0.017783 -0.000000 0.000000 7.000000
712.000000 0.058309 0.017783 -0.000000 0.000000 7.000000
713.000000 0.058309 0.017783 -0.000000 0.000000 7.000000
714.000000 0.058309 0.017783 -0.000000 0.000000 7.000000
715.000000 0.058309 0.017783 -0.000000 0.000000 7.000000
716.000000 0.058309 0.017783 -0.000000 0.000000 7.000000
717.000000 0.058309 0.017783 -0.000000 0.000000 7.000000
718.000000 0.058309 0.017783 -0.000000 0.000000 7.000000
719.000000 0.058309 0.017783 -0.000000 0.000000 7.000000
720.000000 0.058309 0.017783 -0.000000 0.000000 7.000000
721.000000 0.058309 0.017783 -0.000000 0.000000 7.000000
722.000000 0.058309 0.017783 -0.000000 0.000000 7.000000
723.000000 0.058309 0.017783 -0.000000 0.000000 7.000000
724.000000 0.058309 0.017783 -0.000000 0.000000 7.000000
725.000000 0.058309 0.017783 -0.000000 0.000000 7.000000
726.000000 0.058309 0.017783 -0.000000 0.000000 7.000000
727.000000 0.058309 0.017783 -0.000000 0.000000 7.000000
728.000000 0.058309 0.017783 -0.000000 0.000000 7.000000
729.000000 0.058309 0.017783 -0.000000 0.000000 7.000000
730.000000 0.058309 0.017783 -0.000000 0.000000 7.000000
731.000000 0.058309 0.017783 -0.000000 0.000000 7.000000
732.000000 0.058309 0.017783 -0.000000 0.000000 7.000000
733.000000 0.058309 0.017783 -0.000000 0.000000 7.000000
734.000000 0.058309 0.017783 -0.000000 0.000000 7.000000
735.000000 0.058309 0.017783 -0.000000 0.000000 7.000000
736.000000 0.058309 0.017783 -0.000000 0.000000 7.000000
737.000000 0.058309 0.017783 -0.000000 0.000000 7.000000
738.000000 0.058309 0.017783 -0.000000 0.000000 7.000000
739.000000 0.058309 0.017783 -0.000000 0.000000 7.000000
740.000000 0.058309 0.017783 -0.000000 0.000000 7.000000
741.000000 0.058309 0.017783 -0.000000 0.000000 7.000000
742.000000 0.058309 0.017783 -0.000000 0.000000 7.000000
743.000000 0.058309 0.017783 -0.000000 0.000000 7.000000
744.000000 0.058309 0.017783 -0.000000 0.000000 7.000000
745.000000 0.058309 0.017783 -0.000000 0.000000 7.000000
746.000000 0.058309 0.017783 -0.000000 0.000000 7.000000
747.000000 0.058309 0.017783 -0.000000 0.000000 7.000000
748.000000 0.058309 0.017783 -0.000000 0.000000 7.000000
749.000000 0.058309 0.017783 -0.000000 0.000000 7.000000
750.000000 0.058309 0.017783 -0.000000 0.000000 7.000000
751.000000 0.058309 0.017783 -0.000000 0.000000 7.000000
752.000000 0.058309 0.017783 -0.000000 0.000000 7.000000
753.000000 0.058309 0.017783 -0.000000 0.000000 7.000000
754.000000 0.058309 0.017783 -0.000000 0.000000 7.000000
755.000000 0.058309 0.017783 -0.000000 0.000000 7.000000
756.000000 0.058309 0.017783 -0.000000 0.000000 7.000000
757.000000 0.058309 0.017783 -0.000000 0.000000 7.000000
758.000000 0.058309 0.017783 -0.000000 0.000000 7.000000
759.000000 0.058309 0.017783 -0.000000 0.000000 7.000000
760.000000 0.058309 0.017783 -0.000000 0.000000 7.000000
761.000000 0.058309 0.017783 -0.000000 0.000000 7.000000
762.000000 0.058309 0.017783 -0.000000 0.000000 7.000000
763.000000 0.058309 0.017783 -0.000000 0.000000 7.000000
764.000000 0.058309 0.017783 -0.000000 0.000000 7.000000
765.000000 0.058309 0.017783 -0.000000 0.000000 7.000000
766.000000 0.058309 0.017783 -0.000000 0.000000 7.000000
767.000000 0.058309 0.017783 -0.000000 0.000000 7.000000
768.000000 0.058309 0.017783 -0.000000 0.000000 7.000000
769.000000 0.058309 0.017783 -0.000000 0.000000 7.000000
770.000000 0.058309 0.017783 -0.000000 0.000000 7.000000
771.000000 0.058309 0.017783 -0.000000 0.000000 7.000000
772.000000 0.058309 0.017783 -0.000000 0.000000 7.000000
773.000000 0.058309 0.017783 -0.000000 0.000000 7.000000
774.000000 0.058309 0.017783 -0.000000 0.000000 7.000000
775.000000 0.058309 0.017783 -0.000000 0.000000 7.000000
776.000000 0.058309 0.017783 -0.000000 0.000000 7.000000
777.000000 0.058309 0.017783 -0.000000 0.000000 7.000000
778.000000 0.058309 0.017783 -0.000000 0.000000 7.000000
779.000000 0.058309 0.017783 -0.000000 0.000000 7.000000
780.000000 0.058309 0.017783 -0.000000 0.000000 7.000000
781.000000 0.058309 0.017783 -0.000000 0.000000 7.000000
782.000000 0.058309 0.017783 -0.000000 0.000000 7.000000
783.000000 0.058309 0.017783 -0.000000 0.000000 7.000000
784.000000 0.058309 0.017783 -0.000000 0.000000 7.000000
785.000000 0.058309 0.017783 -0.000000 0.000000 7.000000
786.000000 0.058309 0.017783 -0.000000 0.000000 7.000000
787.000000 0.058309 0.017783 -0.000000 0.000000 7.000000
788.000000 0.058309 0.017783 -0.000000 0.000000 7.000000
789.000000 0.058309 0.017783 -0.000000 0.000000 7.000000
790.000000 0.058309 0.017783 -0.000000 0.000000 7.000000
791.000000 0.058309 0.017783 -0.000000 0.000000 7.000000
792.000000 0.058309 0.017783 -0.000000 0.000000 7.000000
793.000000 0.058309 0.017783 -0.000000 0.000000 7.000000
794.000000 0.058309 0.017783 -0.000000 0.000000 7.000000
795.000000 0.058309 0.017783 -0.000000 0.000000 7.000000
796.000000 0.058309 0.017783 -0.000000 0.000000 7.000000
797.000000 0.058309 0.017783 -0.000000 0.000000 7.000000
798.000000 0.058309 0.017783 -0.000000 0.000000 7.000000
799.000000 0.058309 0.017783 -0.000000 0.000000 7.000000
800.000000 0.058309 0.017783 -0.000000 0.000000 7.000000
801.000000 0.058309 0.017783 -0.000000 0.000000 7.000000
802.000000 0.058309 0.017783 -0.000000 0.000000 7.000000
803.000000 0.058309 0.017783 -0.000000 0.000000 7.000000
804.000000 0.058309 0.017783 -0.000000 0.000000 7.000000
805.000000 0.058309 0.017783 -0.000000 0.000000 7.000000
806.000000 0.058309 0.017783 -0.000000 0.000000 7.000000
807.000000 0.058309 0.017783 -0.000000 0.000000 7.000000
808.000000 0.058309 0.017783 -0.000000 0.000000 7.000000
809.000000 0.058309 0.017783 -0.000000 0.000000 7.000000
810.000000 0.058309 0.017783 -0.000000 0.000000 7.000000
811.000000 0.058309 0.017783 -0.000000 0.000000 7.000000
812.000000 0.058309 0.017783 -0.000000 0.000000 7.000000
813.000000 0.058309 0.017783 -0.000000 0.000000 7.000000
814.000000 0.058309 0.017783 -0.000000 0.000000 7.000000
815.000000 0.058309 0.017783 -0.000000 0.000000 7.000000
816.000000 0.058309 0.017783 -0.000000 0.000000 7.000000
817.000000 0.058309 0.017783 -0.000000 0.000000 7.000000
818.000000 0.058309 0.017783 -0.000000 0.000000 7.000000
819.000000 0.058309 0.017783 -0.000000 0.000000 7.000000
820.000000 0.058309 0.017783 -0.000000 0.000000 7.000000
821.000000 0.058309 0.017783 -0.000000 0.000000 7.000000
822.000000 0.058309 0.017783 -0.000000 0.000000 7.000000
823.000000 0.058309 0.017783 -0.000000 0.000000 7.000000
824.000000 0.058309 0.017783 -0.000000 0.000000 7.000000
825.000000 0.058309 0.017783 -0.000000 0.000000 7.000000
826.000000 0.058309 0.017783 -0.000000 0.000000 7.000000
827.000000 0.058309 0.017783 -0.000000 0.000000 7.000000
828.000000 0.058309 0.017783 -0.000000 0.000000 7.000000
829.000000 0.058309 0.017783 -0.000000 0.000000 7.000000
830.000000 0.058309 0.017783 -0.000000 0.000000 7.000000
831.000000 0.058309 0.017783 -0.000000 0.000000 7.000000
832.000000 0.058309 0.017783 -0.000000 0.000000 7.000000
833.000000 0.058309 0.017783 -0.000000 0.000000 7.000000
834.000000 0.058309 0.017783 -0.000000 0.000000 7.000000
835.000000 0.058309 0.017783 -0.000000 0.000000 7.000000
836.000000 0.058309 0.017783 -0.000000 0.000000 7.000000
837.000000 0.058309 0.017783 -0.000000 0.000000 7.000000
838.000000 0.058309 0.017783 -0.000000 0.000000 7.000000
839.000000 0.058309 0.017783 -0.000000 0.000000 7.000000
840.000000 0.058309 0.017783 -0.000000 0.000000 7.000000
841.000000 0.058309 0.017783 -0.000000 0.000000 7.000000
842.000000 0.058309 0.017783 -0.000000 0.000000 7.000000
843.000000 0.058309 0.017783 -0.000000 0.000000 7.000000
844.000000 0.058309 0.017783 -0.000000 0.000000 7.000000
845.000000 0.058309 0.017783 -0.000000 0.000000 7.000000
846.000000 0.058309 0.017783 -0.000000 0.000000 7.000000
847.000000 0.058309 0.017783 -0.000000 0.000000 7.000000
848.000000 0.058309 0.017783 -0.000000 0.000000 7.000000
849.000000 0.058309 0.017783 -0.000000 0.000000 7.000000
850.000000 0.058309 0.017783 -0.000000 0.000000 7.000000
851.000000 0.058309 0.017783 -0.000000 0.000000 7.000000
852.000000 0.058309 0.017783 -0.000000 0.000000 7.000000
853.000000 0.058309 0.017783 -0.000000 0.000000 7.000000
854.000000 0.058309 0.017783 -0.000000 0.000000 7.000000
855.000000 0.058309 0.017783 -0.000000 0.000000 7.000000
856.000000 0.058309 0.017783 -0.000000 0.000000 7.000000
857.000000 0.058309 0.017783 -0.000000 0.000000 7.000000
858.000000 0.058309 0.017783 -0.000000 0.000000 7.000000
859.000000 0.058309 0.017783 -0.000000 0.000000 7.000000
860.000000 0.058309 0.017783 -0.000000 0.000000 7.000000
861.000000 0.058309 0.017783 -0.000000 0.000000 7.000000
862.000000 0.058309 0.017783 -0.000000 0.000000 7.000000
863.000000 0.058309 0.017783 -0.000000 0.000000 7.000000
864.000000 0.058309 0.017783 -0.000000 0.000000 7.000000
865.000000 0.058309 0.017783 -0.000000 0.000000 7.000000
866.000000 0.058309 0.017783 -0.000000 0.000000 7.000000
867.000000 0.058309 0.017783 -0.000000 0.000000 7.000000
868.000000 0.058309 0.017783 -0.000000 0.000000 7.000000
869.000000 0.058309 0.017783 -0.000000 0.000000 7.000000
870.000000 0.058309 0.017783 -0.000000 0.000000 7.000000
871.000000 0.058309 0.017783 -0.000000 0.000000 7.000000
872.000000 0.058309 0.017783 -0.000000 0.000000 7.000000
873.000000 0.058309 0.017783 -0.000000 0.000000 7.000000
874.000000 0.058309 0.017783 -0.000000 0.000000 7.000000
875.000000 0.058309 0.017783 -0.000000 0.000000 7.000000
876.000000 0.058309 0.017783 -0.000000 0.000000 7.000000
877.000000 0.058309 0.017783 -0.000000 0.000000 7.000000
878.000000 0.058309 0.017783 -0.000000 0.000000 7.000000
879.000000 0.058309 0.017783 -0.000000 0.000000 7.000000
880.000000 0.058309 0.017783 -0.000000 0.000000 7.000000
881.000000 0.058309 0.017783 -0.000000 0.000000 7.000000
882.000000 0.058309 0.017783 -0.000000 0.000000 7.000000
883.000000 0.058309 0.017783 -0.000000 0.000000 7.000000
884.000000 0.058309 0.017783 -0.000000 0.000000 7.000000
885.000000 0.058309 0.017783 -0.000000 0.000000 7.000000
886.000000 0.058309 0.017783 -0.000000 0.000000 7.000000
887.000000 0.058309 0.017783 -0.000000 0.000000 7.000000
888.000000 0.058309 0.017783 -0.000000 0.000000 7.000000
889.000000 0.058309 0.017783 -0.000000 0.000000 7.000000
890.000000 0.058309 0.017783 -0.000000 0.000000 7.000000
891.000000 0.058309 0.017783 -0.000000 0.000000 7.000000
892.000000 0.058309 0.017783 -0.000000 0.000000 7.000000
893.000000 0.058309 0.017783 -0.000000 0.000000 7.000000
894.000000 0.058309 0.017783 -0.000000 0.000000 7.000000
895.000000 0.058309 0.017783 -0.000000 0.000000 7.000000
896.000000 0.058309 0.017783 -0.000000 0.000000 7.000000
897.000000 0.058309 0.017783 -0.000000 0.000000 7.000000
898.000000 0.058309 0.017783 -0.000000 0.000000 7.000000
899.000000 0.058309 0.017783 -0.000000 0.000000 7.000000
900.000000 0.058309 0.017783 -0.000000 0.000000 7.000000
901.000000 0.058309 0.017783 -0.000000 0.000000 7.000000
902.000000 0.058309 0.017783 -0.000000 0.000000 7.000000
903.000000 0.058309 0.017783 -0.000000 0.000000 7.000000
904.000000 0.058309 0.017783 -0.000000 0.000000 7.000000
905.000000 0.058309 0.017783 -0.000000 0.000000 7.000000
906.000000 0.058309 0.017783 -0.000000 0.000000 7.000000
907.000000 0.058309 0.017783 -0.000000 0.000000 7.000000
908.000000 0.058309 0.017783 -0.000000 0.000000 7.000000
909.000000 0.058309 0.017783 -0.000000 0.000000 7.000000
910.000000 0.058309 0.017783 -0.000000 0.000000 7.000000
911.000000 0.058309 0.017783 -0.000000 0.000000 7.000000
912.000000 0.058309 0.017783 -0.000000 0.000000 7.000000
913.000000 0.058309 0.017783 -0.000000 0.000000 7.000000
914.000000 0.058309 0.017783 -0.000000 0.000000 7.000000
915.000000 0.058309 0.017783 -0.000000 0.000000 7.000000
916.000000 0.058309 0.017783 -0.000000 0.000000 7.000000
917.000000 0.058309 0.017783 -0.000000 0.000000 7.000000
918.000000 0.058309 0.017783 -0.000000 0.000000 7.000000
919.000000 0.058309 0.017783 -0.000000 0.000000 7.000000
920.000000 0.058309 0.017783 -0.000000 0.000000 7.000000
921.000000 0.058309 0.017783 -0.000000 0.000000 7.000000
922.000000 0.058309 0.017783 -0.000000 0.000000 7.000000
923.000000 0.058309 0.017783 -0.000000 0.000000 7.000000
924.000000 0.058309 0.017783 -0.000000 0.000000 7.000000
925.000000 0.058309 0.017783 -0.000000 0.000000 7.000000
926.000000 0.058309 0.017783 -0.000000 0.000000 7.000000
927.000000 0.058309 0.017783 -0.000000 0.000000 7.000000
928.000000 0.058309 0.017783 -0.000000 0.000000 7.000000
929.000000 0.058309 0.017783 -0.000000 0.000000 7.000000
930.000000 0.058309 0.017783 -0.000000 0.000000 7.000000
931.000000 0.058309 0.017783 -0.000000 0.000000 7.000000
932.000000 0.058309 0.017783 -0.000000 0.000000 7.000000
933.000000 0.058309 0.017783 -0.000000 0.000000 7.000000
934.000000 0.058309 0.017783 -0.000000 0.000000 7.000000
935.000000 0.058309 0.017783 -0.000000 0.000000 7.000000
936.000000 0.058309 0.017783 -0.000000 0.000000 7.000000
937.000000 0.058309 0.017783 -0.000000 0.000000 7.000000
938.000000 0.058309 0.017783 -0.000000 0.000000 7.000000
939.000000 0.058309 0.017783 -0.000000 0.000000 7.000000
940.000000 0.058309 0.017783 -0.000000 0.000000 7.000000
941.000000 0.058309 0.017783 -0.000000 0.000000 7.000000
942.000000 0.058309 0.017783 -0.000000 0.000000 7.000000
943.000000 0.058309 0.017783 -0.000000 0.000000 7.000000
944.000000 0.058309 0.017783 -0.000000 0.000000 7.000000
945.000000 0.058309 0.017783 -0.000000 0.000000 7.000000
946.000000 0.058309 0.017783 -0.000000 0.000000 7.000000
947.000000 0.058309 0.017783 -0.000000 0.000000 7.000000
948.000000 0.058309 0.017783 -0.000000 0.000000 7.000000
949.000000 0.058309 0.017783 -0.000000 0.000000 7.000000
950.000000 0.058309 0.017783 -0.000000 0.000000 7.000000
951.000000 0.058309 0.017783 -0.000000 0.000000 7.000000
952.000000 0.058309 0.017783 -0.000000 0.000000 7.000000
953.000000 0.058309 0.017783 -0.000000 0.000000 7.000000
954.000000 0.058309 0.017783 -0.000000 0.000000 7.000000
955.000000 0.058309 0.017783 -0.000000 0.000000 7.000000
956.000000 0.058309 0.017783 -0.000000 0.000000 7.000000
957.000000 0.058309 0.017783 -0.000000 0.000000 7.000000
958.000000 0.058309 0.017783 -0.000000 0.000000 7.000000
959.000000 0.058309 0.017783 -0.000000 0.000000 7.000000
960.000000 0.058309 0.017783 -0.000000 0.000000 7.000000
961.000000 0.058309 0.017783 -0.000000 0.000000 7.000000
962.000000 0.058309 0.017783 -0.000000 0.000000 7.000000
963.000000 0.058309 0.017783 -0.000000 0.000000 7.000000
964.000000 0.058309 0.017783 -0.000000 0.000000 7.000000
965.000000 0.058309 0.017783 -0.000000 0.000000 7.000000
966.000000 0.058309 0.017783 -0.000000 0.000000 7.000000
967.000000 0.058309 0.017783 -0.000000 0.000000 7.000000
968.000000 0.058309 0.017783 -0.000000 0.000000 7.000000
969.000000 0.058309 0.017783 -0.000000 0.000000 7.000000
970.000000 0.058309 0.017783 -0.000000 0.000000 7.000000
971.000000 0.058309 0.017783 -0.000000 0.000000 7.000000
972.000000 0.058309 0.017783 -0.000000 0.000000 7.000000
973.000000 0.058309 0.017783 -0.000000 0.000000 7.000000
974.000000 0.058309 0.017783 -0.000000 0.000000 7.000000
975.000000 0.058309 0.017783 -0.000000 0.000000 7.000000
976.000000 0.058309 0.017783 -0.000000 0.000000 7.000000
977.000000 0.058309 0.017783 -0.000000 0.000000 7.000000
978.000000 0.058309 0.017783 -0.000000 0.000000 7.000000
979.000000 0.058309 0.017783 -0.000000 0.000000 7.000000
980.000000 0.058309 0.017783 -0.000000 0.000000 7.000000
981.000000 0.058309 0.017783 -0.000000 0.000000 7.000000
982.000000 0.058309 0.017783 -0.000000 0.000000 7.000000
983.000000 0.058309 0.017783 -0.000000 0.000000 7.000000
984.000000 0.058309 0.017783 -0.000000 0.000000 7.000000
985.000000 0.058309 0.017783 -0.000000 0.000000 7.000000
986.000000 0.058309 0.017783 -0.000000 0.000000 7.000000
987.000000 0.058309 0.017783 -0.000000 0.000000 7.000000
988.000000 0.058309 0.017783 -0.000000 0.000000 7.000000
989.000000 0.058309 0.017783 -0.000000 0.000000 7.000000
990.000000 0.058309 0.017783 -0.000000 0.000000 7.000000
991.000000 0.058309 0.017783 -0.000000 0.000000 7.000000
992.000000 0.058309 0.017783 -0.000000 0.000000 7.000000
993.000000 0.058309 0.017783 -0.000000 0.000000 7.000000
994.000000 0.058309 0.017783 -0.000000 0.000000 7.000000
995.000000 0.058309 0.017783 -0.000000 0.000000 7.000000
996.000000 0.058309 0.017783 -0.000000 0.000000 7.000000
997.000000 0.058309 0.017783 -0.000000 0.000000 7.000000
998.000000 0.058309 0.017783 -0.000000 0.000000 7.000000
999.000000 0.058309 0.017783 -0.000000 0.000000 7.000000
1000.000000 0.058309 0.017783 -0.000000 0.000000 7.000000
1001.000000 0.058309 0.017783 -0.000000 0.000000 7.000000
1002.000000 0.058309 0.017783 -0.000000 0.000000 7.000000
1003.000000 0.058309 0.017783 -0.000000 0.000000 7.000000
1004.000000 0.058309 0.017783 -0.000000 0.000000 7.000000
1005.000000 0.058309 0.017783 -0.000000 0.000000 7.000000
1006.000000 0.058309 0.017783 -0.000000 0.000000 7.000000
1007.000000 0.058309 0.017783 -0.000000 0.000000 7.000000
1008.000000 0.058309 0.017783 -0.000000 0.000000 7.000000
1009.000000 0.058309 0.017783 -0.000000 0.000000 7.000000
1010.000000 0.058309 0.017783 -0.000000 0.000000 7.000000
1011.000000 0.058309 0.017783 -0.000000 0.000000 7.000000
1012.000000 0.058309 0.017783 -0.000000 0.000000 7.000000
1013.000000 0.058309 0.017783 -0.000000 0.000000 7.000000
1014.000000 0.058309 0.017783 -0.000000 0.000000 7.000000
1015.000000 0.058309 0.017783 -0.000000 0.000000 7.000000
1016.000000 0.058309 0.017783 -0.000000 0.000000 7.000000
1017.000000 0.058309 0.017783 -0.000000 0.000000 7.000000
1018.000000 0.058309 0.017783 -0.000000 0.000000 7.000000
1019.000000 0.058309 0.017783 -0.000000 0.000000 7.000000
1020.000000 0.058309 0.017783 -0.000000 0.000000 7.000000
1021.000000 0.058309 0.017783 -0.000000 0.000000 7.000000
1022.000000 0.058309 0.017783 -0.000000 0.000000 7.000000
1023.000000 0.058309 0.017783 -0.000000 0.000000 7.000000
1024.000000 0.058309 0.017783 -0.000000 0.000000 7.000000
1025.000000 0.058309 0.017783 -0.000000 0.000000 7.000000
1026.000000 0.058309 0.017783 -0.000000 0.000000 7.000000
1027.000000 0.058309 0.017783 -0.000000 0.000000 7.000000
1028.000000 0.058309 0.017783 -0.000000 0.000000 7.000000
1029.000000 0.058309 0.017783 -0.000000 0.000000 7.000000
1030.000000 0.058309 0.017783 -0.000000 0.000000 7.000000
1031.000000 0.058309 0.017783 -0.000000 0.000000 7.000000
1032.000000 0.058309 0.017783 -0.000000 0.000000 7.000000
1033.000000 0.058309 0.017783 -0.000000 0.000000 7.000000
1034.000000 0.058309 0.017783 -0.000000 0.000000 7.000000
1035.000000 0.058309 0.017783 -0.000000 0.000000 7.000000
1036.000000 0.058309 0.017783 -0.000000 0.000000 7.000000
1037.000000 0.058309 0.017783 -0.000000 0.000000 7.000000
1038.000000 0.058309 0.017783 -0.000000 0.000000 7.000000
1039.000000 0.058309 0.017783 -0.000000 0.000000 7.000000
1040.000000 0.058309 0.017783 -0.000000 0.000000 7.000000
1041.000000 0.058309 0.017783 -0.000000 0.000000 7.000000
1042.000000 0.058309 0.017783 -0.000000 0.000000 7.000000
1043.000000 0.058309 0.017783 -0.000000 0.000000 7.000000
1044.000000 0.058309 0.017783 -0.000000 0.000000 7.000000
1045.000000 0.058309 0.017783 -0.000000 0.000000 7.000000
1046.000000 0.058309 0.017783 -0.000000 0.000000 7.000000
1047.000000 0.058309 0.017783 -0.000000 0.000000 7.000000
1048.000000 0.058309 0.017783 -0.000000 0.000000 7.000000
1049.000000 0.058309 0.017783 -0.000000 0.000000 7.000000
1050.000000 0.058309 0.017783 -0.000000 0.000000 7.000000
1051.000000 0.058309 0.017783 -0.000000 0.000000 7.000000
1052.000000 0.058309 0.017783 -0.000000 0.000000 7.000000
1053.000000 0.058309 0.017783 -0.000000 0.000000 7.000000
1054.000000 0.058309 0.017783 -0.000000 0.000000 7.000000
1055.000000 0.058309 0.017783 -0.000000 0.000000 7.000000
1056.000000 0.058309 0.017783 -0.000000 0.000000 7.000000
1057.000000 0.058309 0.017783 -0.000000 0.000000 7.000000
1058.000000 0.058309 0.017783 -0.000000 0.000000 7.000000
1059.000000 0.058309 0.017783 -0.000000 0.000000 7.000000
1060.000000 0.058309 0.017783 -0.000000 0.000000 7.000000
1061.000000 0.058309 0.017783 -0.000000 0.000000 7.000000
1062.000000 0.058309 0.017783 -0.000000 0.000000 7.000000
1063.000000 0.058309 0.017783 -0.000000 0.000000 7.000000
1064.000000 0.058309 0.017783 -0.000000 0.000000 7.000000
1065.000000 0.058309 0.017783 -0.000000 0.000000 7.000000
1066.000000 0.058309 0.017783 -0.000000 0.000000 7.000000
1067.000000 0.058309 0.017783 -0.000000 0.000000 7.000000
1068.000000 0.058309 0.017783 -0.000000 0.000000 7.000000
1069.000000 0.058309 0.017783 -0.000000 0.000000 7.000000
1070.000000 0.058309 0.017783 -0.000000 0.000000 7.000000
1071.000000 0.058309 0.017783 -0.000000 0.000000 7.000000
1072.000000 0.058309 0.017783 -0.000000 0.000000 7.000000
1073.000000 0.058309 0.017783 -0.000000 0.000000 7.000000
1074.000000 0.058309 0.017783 -0.000000 0.000000 7.000000
1075.000000 0.058309 0.017783 -0.000000 0.000000 7.000000
1076.000000 0.058309 0.017783 -0.000000 0.000000 7.000000
1077.000000 0.058309 0.017783 -0.000000 0.000000 7.000000
1078.000000 0.058309 0.017783 -0.000000 0.000000 7.000000
1079.000000 0.058309 0.017783 -0.000000 0.000000 7.000000
1080.000000 0.058309 0.017783 -0.000000 0.000000 7.000000
1081.000000 0.058309 0.017783 -0.000000 0.000000 7.000000
1082.000000 0.058309 0.017783 -0.000000 0.000000 7.000000
1083.000000 0.058309 0.017783 -0.000000 0.000000 7.000000
1084.000000 0.058309 0.017783 -0.000000 0.000000 7.000000
1085.000000 0.058309 0.017783 -0.000000 0.000000 7.000000
1086.000000 0.058309 0.017783 -0.000000 0.000000 7.000000
1087.000000 0.058309 0.017783 -0.000000 0.000000 7.000000
1088.000000 0.058309 0.017783 -0.000000 0.000000 7.000000
1089.000000 0.058309 0.017783 -0.000000 0.000000 7.000000
1090.000000 0.058309 0.017783 -0.000000 0.000000 7.000000
1091.000000 0.058309 0.017783 -0.000000 0.000000 7.000000
1092.000000 0.058309 0.017783 -0.000000 0.000000 7.000000
1093.000000 0.058309 0.017783 -0.000000 0.000000 7.000000
1094.000000 0.058309 0.017783 -0.000000 0.000000 7.000000
1095.000000 0.058309 0.017783 -0.000000 0.000000 7.000000
1096.000000 0.058309 0.017783 -0.000000 0.000000 7.000000
1097.000000 0.058309 0.017783 -0.000000 0.000000 7.000000
1098.000000 0.058309 0.017783 -0.000000 0.000000 7.000000
1099.000000 0.058309 0.017783 -0.000000 0.000000 7.000000
1100.000000 0.058309 0.017783 -0.000000 0.000000 7.000000
1101.000000 0.058309 0.017783 -0.000000 0.000000 7.000000
1102.000000 0.058309 0.017783 -0.000000 0.000000 7.000000
1103.000000 0.058309 0.017783 -0.000000 0.000000 7.000000
1104.000000 0.058309 0.017783 -0.000000 0.000000 7.000000
1105.000000 0.058309 0.017783 -0.000000 0.000000 7.000000
1106.000000 0.058309 0.017783 -0.000000 0.000000 7.000000
1107.000000 0.058309 0.017783 -0.000000 0.000000 7.000000
1108.000000 0.058309 0.017783 -0.000000 0.000000 7.000000
1109.000000 0.058309 0.017783 -0.000000 0.000000 7.000000
1110.000000 0.058309 0.017783 -0.000000 0.000000 7.000000
1111.000000 0.058309 0.017783 -0.000000 0.000000 7.000000
1112.000000 0.058309 0.017783 -0.000000 0.000000 7.000000
1113.000000 0.058309 0.017783 -0.000000 -0.000000 7.000000
1114.000000 0.058309 0.017783 -0.000000 -0.000000 7.000000
1115.000000 0.058309 0.017783 -0.000000 -0.000000 7.000000
1116.000000 0.058309 0.017783 -0.000000 -0.000000 7.000000
1117.000000 0.058309 0.017783 -0.000000 -0.000000 7.000000
1118.000000 0.058309 0.017783 -0.000000 -0.000000 7.000000
1119.000000 0.058309 0.017783 -0.000000 -0.000000 7.000000
1120.000000 0.058309 0.017783 -0.000000 -0.000000 7.000000
1121.000000 0.058309 0.017783 -0.000000 -0.000000 7.000000
1122.000000 0.058309 0.017783 -0.000000 -0.000000 7.000000
1123.000000 0.058309 0.017783 -0.000000 -0.000000 7.000000
1124.000000 0.058309 0.017783 -0.000000 -0.000000 7.000000
1125.000000 0.058309 0.017783 -0.000000 -0.000000 7.000000
1126.000000 0.058309 0.017783 -0.000000 -0.000000 7.000000
1127.000000 0.058309 0.017783 -0.000000 -0.000000 7.000000
1128.000000 0.058309 0.017783 -0.000000 -0.000000 7.000000
1129.000000 0.058309 0.017783 -0.000000 -0.000000 7.000000
1130.000000 0.058309 0.017783 -0.000000 -0.000000 7.000000
1131.000000 0.058309 0.017783 -0.000000 -0.000000 7.000000
1132.000000 0.058309 0.017783 -0.000000 -0.000000 7.000000
1133.000000 0.058309 0.017783 -0.000000 -0.000000 7.000000
1134.000000 0.058309 0.017783 -0.000000 -0.000000 7.000000
1135.000000 0.058309 0.017783 -0.000000 -0.000000 7.000000
1136.000000 0.058309 0.017783 -0.000000 -0.000000 7.000000
1137.000000 0.058309 0.017783 -0.000000 -0.000000 7.000000
1138.000000 0.058309 0.017783 -0.000000 -0.000000 7.000000
1139.000000 0.058309 0.017783 -0.000000 -0.000000 7.000000
1140.000000 0.058309 0.017783 -0.000000 -0.000000 7.000000
1141.000000 0.058309 0.017783 -0.000000 -0.000000 7.000000
1142.000000 0.058309 0.017783 -0.000000 -0.000000 7.000000
1143.000000 0.058309 0.017783 -0.000000 -0.000000 7.000000
1144.000000 0.058309 0.017783 -0.000000 -0.000000 7.000000
1145.000000 0.058309 0.017783 -0.000000 -0.000000 7.000000
1146.000000 0.058309 0.017783 -0.000000 -0.000000 7.000000
1147.000000 0.058309 0.017783 -0.000000 -0.000000 7.000000
1148.000000 0.058309 0.017783 -0.000000 -0.000000 7.000000
1149.000000 0.058309 0.017783 -0.000000 -0.000000 7.000000
1150.000000 0.058309 0.017783 -0.000000 -0.000000 7.000000
1151.000000 0.058309 0.017783 -0.000000 -0.000000 7.000000
1152.000000 0.058309 0.017783 -0.000000 -0.000000 7.000000
1153.000000 0.058309 0.017783 -0.000000 -0.000000 7.000000
1154.000000 0.058309 0.017783 -0.000000 -0.000000 7.000000
1155.000000 0.058309 0.017783 -0.000000 -0.000000 7.000000
1156.000000 0.058309 0.017783 -0.000000 -0.000000 7.000000
1157.000000 0.058309 0.017783 -0.000000 -0.000000 7.000000
1158.000000 0.058309 0.017783 -0.000000 -0.000000 7.000000
1159.000000 0.058309 0.017783 -0.000000 -0.000000 7.000000
1160.000000 0.058309 0.017783 -0.000000 -0.000000 7.000000
1161.000000 0.058309 0.017783 -0.000000 -0.000000 7.000000
1162.000000 0.058309 0.017783 -0.000000 -0.000000 7.000000
1163.000000 0.058309 0.017783 -0.000000 -0.000000 7.000000
1164.000000 0.058309 0.017783 -0.000000 -0.000000 7.000000
1165.000000 0.058309 0.017783 -0.000000 -0.000000 7.000000
1166.000000 0.058309 0.017783 -0.000000 -0.000000 7.000000
1167.000000 0.058309 0.017783 -0.000000 -0.000000 7.000000
1168.000000 0.058309 0.017783 -0.000000 -0.000000 7.000000
1169.000000 0.058309 0.017783 -0.000000 -0.000000 7.000000
1170.000000 0.058309 0.017783 -0.000000 -0.000000 7.000000
1171.000000 0.058309 0.017783 -0.000000 -0.000000 7.000000
1172.000000 0.058309 0.017783 -0.000000 -0.000000 7.000000
1173.000000 0.058309 0.017783 -0.000000 -0.000000 7.000000
1174.000000 0.058309 0.017783 -0.000000 -0.000000 7.000000
1175.000000 0.058309 0.017783 -0.000000 -0.000000 7.000000
1176.000000 0.058309 0.017783 -0.000000 -0.000000 7.000000
1177.000000 0.058309 0.017783 -0.000000 -0.000000 7.000000
1178.000000 0.058309 0.017783 -0.000000 -0.000000 7.000000
1179.000000 0.058309 0.017783 -0.000000 -0.000000 7.000000
1180.000000 0.058309 0.017783 -0.000000 -0.000000 7.000000
1181.000000 0.058309 0.017783 -0.000000 -0.000000 7.000000
1182.000000 0.058309 0.017783 -0.000000 -0.000000 7.000000
1183.000000 0.058309 0.017783 -0.000000 -0.000000 7.000000
1184.000000 0.058309 0.017783 -0.000000 -0.000000 7.000000
1185.000000 0.058309 0.017783 -0.000000 -0.000000 7.000000
1186.000000 0.058309 0.017783 -0.000000 -0.000000 7.000000
1187.000000 0.058309 0.017783 -0.000000 -0.000000 7.000000
1188.000000 0.058309 0.017783 -0.000000 -0.000000 7.000000
1189.000000 0.058309 0.017783 -0.000000 -0.000000 7.000000
1190.000000 0.058309 0.017783 -0.000000 -0.000000 7.000000
1191.000000 0.058309 0.017783 -0.000000 -0.000000 7.000000
1192.000000 0.058309 0.017783 -0.000000 -0.000000 7.000000
1193.000000 0.058309 0.017783 -0.000000 -0.000000 7.000000
1194.000000 0.058309 0.017783 -0.000000 -0.000000 7.000000
1195.000000 0.058309 0.017783 -0.000000 -0.000000 7.000000
1196.000000 0.058309 0.017783 -0.000000 -0.000000 7.000000
1197.000000 0.058309 0.017783 -0.000000 -0.000000 7.000000
1198.000000 0.058309 0.017783 -0.000000 -0.000000 7.000000
1199.000000 0.058309 0.017783 -0.000000 -0.000000 7.000000
1200.000000 0.058309 0.017783 -0.000000 -0.000000 7.000000
1201.000000 0.058309 0.017783 -0.000000 -0.000000 7.000000
1202.000000 0.058309 0.017783 -0.000000 -0.000000 7.000000
1203.000000 0.058309 0.017783 -0.000000 -0.000000 7.000000
1204.000000 0.058309 0.017783 -0.000000 -0.000000 7.000000
1205.000000 0.058309 0.017783 -0.000000 -0.000000 7.000000
1206.000000 0.058309 0.017783 -0.000000 -0.000000 7.000000
1207.000000 0.058309 0.017783 -0.000000 -0.000000 7.000000
1208.000000 0.058309 0.017783 -0.000000 -0.000000 7.000000
1209.000000 0.058309 0.017783 -0.000000 -0.000000 7.000000
1210.000000 0.058309 0.017783 -0.000000 -0.000000 7.000000
1211.000000 0.058309 0.017783 -0.000000 -0.000000 7.000000
1212.000000 0.058309 0.017783 -0.000000 -0.000000 7.000000
1213.000000 0.058309 0.017783 -0.000000 -0.000000 7.000000
1214.000000 0.058309 0.017783 -0.000000 -0.000000 7.000000
1215.000000 0.058309 0.017783 -0.000000 -0.000000 7.000000
1216.000000 0.058309 0.017783 -0.000000 -0.000000 7.000000
1217.000000 0.058309 0.017783 -0.000000 -0.000000 7.000000
1218.000000 0.058309 0.017783 -0.000000 -0.000000 7.000000
1219.000000 0.058309 0.017783 -0.000000 -0.000000 7.000000
1220.000000 0.058309 0.017783 -0.000000 -0.000000 7.000000
1221.000000 0.058309 0.017783 -0.000000 -0.000000 7.000000
1222.000000 0.058309 0.017783 -0.000000 -0.000000 7.000000
1223.000000 0.058309 0.017783 -0.000000 -0.000000 7.000000
1224.000000 0.058309 0.017783 -0.000000 -0.000000 7.000000
1225.000000 0.058309 0.017783 -0.000000 -0.000000 7.000000
1226.000000 0.058309 0.017783 -0.000000 -0.000000 7.000000
1227.000000 0.058309 0.017783 -0.000000 -0.000000 7.000000
1228.000000 0.058309 0.017783 -0.000000 -0.000000 7.000000
1229.000000 0.058309 0.017783 -0.000000 -0.000000 7.000000
1230.000000 0.058309 0.017783 -0.000000 -0.000000 7.000000
1231.000000 0.058309 0.017783 -0.000000 -0.000000 7.000000
1232.000000 0.058309 0.017783 -0.000000 -0.000000 7.000000
1233.000000 0.058309 0.017783 -0.000000 -0.000000 7.000000
1234.000000 0.058309 0.017783 -0.000000 -0.000000 7.000000
1235.000000 0.058309 0.017783 -0.000000 -0.000000 7.000000
1236.000000 0.058309 0.017783 -0.000000 -0.000000 7.000000
1237.000000 0.058180 0.017881 -0.006325 0.004789 7.000000
1238.000000 0.058137 0.017914 -0.011655 0.008826 7.000000
1239.000000 0.058051 0.017979 -0.012260 0.009288 7.000000
1240.000000 0.057922 0.018076 -0.016782 0.012721 7.000000
1241.000000 0.057793 0.018174 -0.021190 0.016072 7.000000
1242.000000 0.057621 0.018305 -0.025537 0.019385 7.000000
1243.000000 0.057442 0.018397 -0.030246 0.020809 7.000000
1244.000000 0.057227 0.018560 -0.034742 0.023146 7.000000
1245.000000 0.057004 0.018685 -0.039130 0.025948 7.000000
1246.000000 0.056739 0.018843 -0.043851 0.027124 7.000000
1247.000000 0.056423 0.018996 -0.050842 0.029082 7.000000
1248.000000 0.056150 0.019116 -0.054789 0.028225 7.000000
1249.000000 0.055834 0.019269 -0.056784 0.027811 7.000000
1250.000000 0.055518 0.019422 -0.059887 0.029228 7.000000
1251.000000 0.055186 0.019499 -0.062249 0.026233 7.000000
1252.000000 0.054820 0.019648 -0.065930 0.024475 7.000000
1253.000000 0.054411 0.019829 -0.071578 0.028708 7.000000
1254.000000 0.054036 0.019940 -0.074839 0.029023 7.000000
1255.000000 0.053620 0.020084 -0.076878 0.027351 7.000000
1256.000000 0.053195 0.020190 -0.080392 0.026282 7.000000
1257.000000 0.052720 0.020292 -0.085054 0.023665 7.000000
1258.000000 0.052322 0.020290 -0.086143 0.017002 7.000000
1259.000000 0.051881 0.020321 -0.085005 0.010156 7.000000
1260.000000 0.051398 0.020386 -0.088586 0.009960 7.000000
1261.000000 0.050907 0.020413 -0.092894 0.009666 7.000000
1262.000000 0.050416 0.020441 -0.095486 0.007695 7.000000
1263.000000 0.049916 0.020431 -0.097213 0.004872 7.000000
1264.000000 0.049366 0.020416 -0.100991 0.001392 7.000000
1265.000000 0.048850 0.020331 -0.103754 -0.004064 7.000000
1266.000000 0.048334 0.020246 -0.103512 -0.010294 7.000000
1267.000000 0.047817 0.020162 -0.103404 -0.013420 7.000000
1268.000000 0.047241 0.020036 -0.106282 -0.017037 7.000000
1269.000000 0.046623 0.019944 -0.112748 -0.019250 7.000000
1270.000000 0.046047 0.019819 -0.116068 -0.020314 7.000000
1271.000000 0.045428 0.019729 -0.117774 -0.020781 7.000000
1272.000000 0.044801 0.019601 -0.121163 -0.021158 7.000000
1273.000000 0.044155 0.019398 -0.124225 -0.026856 7.000000
1274.000000 0.043476 0.019267 -0.128307 -0.029877 7.000000
1275.000000 0.042737 0.019096 -0.134990 -0.029856 7.000000
1276.000000 0.042141 0.018899 -0.134321 -0.033103 7.000000
1277.000000 0.041401 0.018729 -0.134022 -0.034648 7.000000
1278.000000 0.040661 0.018561 -0.140962 -0.034058 7.000000
1279.000000 0.039911 0.018355 -0.145000 -0.035505 7.000000
1280.000000 0.039179 0.018226 -0.146631 -0.034285 7.000000
1281.000000 0.038386 0.018057 -0.149557 -0.031869 7.000000
1282.000000 0.037626 0.017817 -0.152482 -0.036097 7.000000
1283.000000 0.036832 0.017650 -0.154013 -0.038130 7.000000
1284.000000 0.035987 0.017480 -0.158925 -0.035667 7.000000
1285.000000 0.035224 0.017244 -0.159922 -0.037843 7.000000
1286.000000 0.034410 0.017005 -0.158935 -0.042362 7.000000
1287.000000 0.033614 0.016843 -0.160032 -0.041009 7.000000
1288.000000 0.032716 0.016675 -0.164703 -0.036777 7.000000
1289.000000 0.031910 0.016478 -0.167615 -0.036353 7.000000
1290.000000 0.031062 0.016317 -0.166632 -0.035849 7.000000
1291.000000 0.030203 0.016119 -0.168702 -0.035602 7.000000
1292.000000 0.029303 0.015958 -0.172311 -0.035463 7.000000
1293.000000 0.028392 0.015760 -0.176726 -0.035373 7.000000
1294.000000 0.027532 0.015567 -0.177016 -0.036902 7.000000
1295.000000 0.026640 0.015447 -0.176192 -0.033844 7.000000
1296.000000 0.025687 0.015289 -0.180346 -0.030521 7.000000
1297.000000 0.024773 0.015098 -0.183537 -0.032358 7.000000
1298.000000 0.023840 0.015019 -0.184153 -0.029448 7.000000
1299.000000 0.022844 0.014901 -0.188507 -0.024320 7.000000
1300.000000 0.021910 0.014825 -0.190735 -0.021550 7.000000
1301.000000 0.020925 0.014748 -0.191369 -0.018115 7.000000
1302.000000 0.019887 0.014672 -0.196743 -0.016360 7.000000
1303.000000 0.018901 0.014599 -0.199500 -0.015287 7.000000
1304.000000 0.017915 0.014528 -0.198406 -0.014471 7.000000
1305.000000 0.016888 0.014495 -0.199833 -0.012109 7.000000
1306.000000 0.015821 0.014499 -0.204505 -0.007184 7.000000
1307.000000 0.014805 0.014507 -0.206329 -0.002654 7.000000
1308.000000 0.013739 0.014516 -0.207246 -0.000131 7.000000
1309.000000 0.012712 0.014491 -0.208268 -0.000486 7.000000
1310.000000 0.011645 0.014503 -0.208776 -0.000453 7.000000
1311.000000 0.010618 0.014482 -0.209043 -0.000247 7.000000
1312.000000 0.009540 0.014462 -0.209742 -0.001750 7.000000
1313.000000 0.008525 0.014482 -0.209522 -0.000508 7.000000
1314.000000 0.007458 0.014503 -0.208831 0.002164 7.000000
1315.000000 0.006419 0.014452 -0.209640 0.000071 7.000000
1316.000000 0.005393 0.014441 -0.208109 -0.002594 7.000000
1317.000000 0.004338 0.014505 -0.208084 0.001692 7.000000
1318.000000 0.003299 0.014461 -0.208675 0.002251 7.000000
1319.000000 0.002272 0.014456 -0.207623 -0.000895 7.000000
1320.000000 0.001245 0.014452 -0.206503 -0.000487 7.000000
1321.000000 0.000285 0.014340 -0.202722 -0.005558 7.000000
1322.000000 -0.000742 0.014340 -0.200790 -0.007945 7.000000
1323.000000 -0.001743 0.014268 -0.201762 -0.007164 7.000000
1324.000000 -0.002782 0.014236 -0.202869 -0.008377 7.000000
1325.000000 -0.003810 0.014242 -0.204737 -0.005165 7.000000
1326.000000 -0.004759 0.014176 -0.201290 -0.005216 7.000000
1327.000000 -0.005760 0.014111 -0.198265 -0.008698 7.000000
1328.000000 -0.006762 0.014049 -0.199273 -0.010264 7.000000
1329.000000 -0.007763 0.013989 -0.199813 -0.010877 7.000000
1330.000000 -0.008675 0.013892 -0.195712 -0.012925 7.000000
1331.000000 -0.009639 0.013797 -0.191769 -0.015641 7.000000
1332.000000 -0.010642 0.013742 -0.194195 -0.014947 7.000000
1333.000000 -0.011606 0.013651 -0.195471 -0.014423 7.000000
1334.000000 -0.012532 0.013524 -0.192406 -0.017712 7.000000
1335.000000 -0.013485 0.013473 -0.190221 -0.017423 7.000000
1336.000000 -0.014450 0.013387 -0.191024 -0.015242 7.000000
1337.000000 -0.015378 0.013265 -0.190258 -0.017638 7.000000
1338.000000 -0.016306 0.013144 -0.188047 -0.020569 7.000000
1339.000000 -0.017183 0.013023 -0.184444 -0.022003 7.000000
1340.000000 -0.018075 0.012868 -0.180807 -0.024462 7.000000
1341.000000 -0.018953 0.012750 -0.178997 -0.025577 7.000000
1342.000000 -0.019845 0.012597 -0.178138 -0.025997 7.000000
1343.000000 -0.020776 0.012484 -0.180271 -0.025956 7.000000
1344.000000 -0.021590 0.012406 -0.177508 -0.022345 7.000000
1345.000000 -0.022433 0.012255 -0.171781 -0.022362 7.000000
1346.000000 -0.023290 0.012070 -0.170975 -0.027594 7.000000
1347.000000 -0.024157 0.011997 -0.171751 -0.026444 7.000000
1348.000000 -0.024926 0.011773 -0.167862 -0.027763 7.000000
1349.000000 -0.025705 0.011662 -0.161538 -0.030342 7.000000
1350.000000 -0.026550 0.011518 -0.162052 -0.027720 7.000000
1351.000000 -0.027344 0.011373 -0.163059 -0.028050 7.000000
1352.000000 -0.028138 0.011229 -0.161091 -0.028229 7.000000
1353.000000 -0.028896 0.011047 -0.158323 -0.030125 7.000000
1354.000000 -0.029640 0.010902 -0.154424 -0.031127 7.000000
1355.000000 -0.030385 0.010759 -0.151776 -0.029762 7.000000
1356.000000 -0.031144 0.010581 -0.151202 -0.030732 7.000000
1357.000000 -0.031853 0.010400 -0.149146 -0.033054 7.000000
1358.000000 -0.032577 0.010185 -0.146354 -0.036057 7.000000
1359.000000 -0.033272 0.010042 -0.144249 -0.035732 7.000000
1360.000000 -0.033997 0.009829 -0.143252 -0.035465 7.000000
1361.000000 -0.034692 0.009688 -0.142781 -0.035242 7.000000
1362.000000 -0.035389 0.009548 -0.141123 -0.031507 7.000000
1363.000000 -0.036049 0.009370 -0.138523 -0.031456 7.000000
1364.000000 -0.036725 0.009157 -0.136198 -0.035038 7.000000
1365.000000 -0.037386 0.008981 -0.135065 -0.036783 7.000000
1366.000000 -0.038011 0.008766 -0.132007 -0.037774 7.000000
1367.000000 -0.038652 0.008516 -0.129471 -0.041896 7.000000
1368.000000 -0.039299 0.008377 -0.129263 -0.040222 7.000000
1369.000000 -0.039926 0.008165 -0.128469 -0.037537 7.000000
1370.000000 -0.040538 0.007989 -0.126315 -0.038043 7.000000
1371.000000 -0.041151 0.007813 -0.124509 -0.036476 7.000000
1372.000000 -0.041764 0.007638 -0.123636 -0.035607 7.000000
1373.000000 -0.042377 0.007465 -0.123240 -0.035093 7.000000
1374.000000 -0.042991 0.007291 -0.123085 -0.034760 7.000000
1375.000000 -0.043585 0.007043 -0.122062 -0.038222 7.000000
1376.000000 -0.044148 0.006867 -0.119028 -0.040133 7.000000
1377.000000 -0.044763 0.006696 -0.118540 -0.037331 7.000000
1378.000000 -0.045327 0.006521 -0.118334 -0.035845 7.000000
1379.000000 -0.045944 0.006352 -0.118276 -0.035013 7.000000
1380.000000 -0.046493 0.006214 -0.117497 -0.032793 7.000000
1381.000000 -0.047094 0.006081 -0.116353 -0.029849 7.000000
1382.000000 -0.047696 0.005949 -0.118363 -0.028061 7.000000
1383.000000 -0.048262 0.005778 -0.117663 -0.029054 7.000000
1384.000000 -0.048793 0.005567 -0.113824 -0.033439 7.000000
1385.000000 -0.049343 0.005432 -0.111107 -0.033878 7.000000
1386.000000 -0.049911 0.005262 -0.111534 -0.032071 7.000000
1387.000000 -0.050462 0.005128 -0.111782 -0.031095 7.000000
1388.000000 -0.051031 0.004960 -0.111955 -0.030534 7.000000
1389.000000 -0.051567 0.004863 -0.111260 -0.028463 7.000000
1390.000000 -0.052119 0.004731 -0.110136 -0.025617 7.000000
1391.000000 -0.052672 0.004600 -0.110403 -0.025842 7.000000
1392.000000 -0.053190 0.004429 -0.108828 -0.027884 1.000000
1393.000000 -0.053691 0.004293 -0.105490 -0.029129 1.000000
1394.000000 -0.054229 0.004199 -0.104750 -0.026000 1.000000
1395.000000 -0.054747 0.004029 -0.105233 -0.026082 1.000000
1396.000000 -0.055285 0.003936 -0.105500 -0.026070 7.000000
1397.000000 -0.055840 0.003808 -0.107418 -0.024019 7.000000
1398.000000 -0.056310 0.003746 -0.105013 -0.021476 7.000000
1399.000000 -0.056813 0.003613 -0.101254 -0.020396 7.000000
1400.000000 -0.057352 0.003522 -0.102757 -0.021248 7.000000
1401.000000 -0.057839 0.003426 -0.102716 -0.019918 7.000000
1402.000000 -0.058308 0.003255 -0.099259 -0.023183 7.000000
1403.000000 -0.058830 0.003200 -0.099247 -0.022803 7.000000
1404.000000 -0.059318 0.003105 -0.100166 -0.018852 7.000000
1405.000000 -0.059806 0.003011 -0.098921 -0.018792 7.000000
1406.000000 -0.060277 0.002952 -0.097460 -0.017005 7.000000
1407.000000 -0.060748 0.002893 -0.095889 -0.014339 7.000000
1408.000000 -0.061237 0.002800 -0.095954 -0.014651 7.000000
1409.000000 -0.061708 0.002743 -0.096001 -0.014770 7.000000
1410.000000 -0.062180 0.002685 -0.095193 -0.013077 7.000000
1411.000000 -0.062616 0.002588 -0.093079 -0.014184 7.000000
1412.000000 -0.063071 0.002566 -0.091156 -0.013001 7.000000
1413.000000 -0.063543 0.002510 -0.091914 -0.010350 7.000000
1414.000000 -0.063980 0.002413 -0.091455 -0.012682 7.000000
1415.000000 -0.064435 0.002393 -0.090372 -0.012124 7.000000
1416.000000 -0.064872 0.002408 -0.089822 -0.006381 7.000000
1417.000000 -0.065293 0.002347 -0.087841 -0.005435 7.000000
1418.000000 -0.065748 0.002328 -0.087698 -0.006621 7.000000
1419.000000 -0.066203 0.002309 -0.089346 -0.005174 7.000000
1420.000000 -0.066623 0.002249 -0.088490 -0.006420 7.000000
1421.000000 -0.067061 0.002266 -0.087187 -0.005317 7.000000
1422.000000 -0.067464 0.002241 -0.085665 -0.003024 7.000000
1423.000000 -0.067867 0.002217 -0.083189 -0.003847 7.000000
1424.000000 -0.068288 0.002159 -0.082812 -0.005935 7.000000
1425.000000 -0.068690 0.002246 -0.082567 -0.001549 7.000000
1426.000000 -0.069094 0.002223 -0.081580 0.002416 7.000000
1427.000000 -0.069532 0.002242 -0.082823 0.001072 7.000000
1428.000000 -0.069970 0.002260 -0.085159 0.002448 7.000000
1429.000000 -0.070355 0.002273 -0.083775 0.002846 7.000000
1430.000000 -0.070741 0.002286 -0.080496 0.002744 7.000000
1431.000000 -0.071126 0.002299 -0.078827 0.002717 7.000000
1432.000000 -0.071512 0.002312 -0.077979 0.002730 7.000000
1433.000000 -0.071932 0.002367 -0.079234 0.004800 7.000000
1434.000000 -0.072281 0.002450 -0.078097 0.009263 7.000000
1435.000000 -0.072701 0.002506 -0.077513 0.011570 7.000000
1436.000000 -0.073087 0.002520 -0.078989 0.009385 7.000000
1437.000000 -0.073488 0.002611 -0.078843 0.009994 7.000000
1438.000000 -0.073890 0.002702 -0.079557 0.014062 7.000000
1439.000000 -0.074223 0.002710 -0.076557 0.012075 7.000000
1440.000000 -0.074609 0.002725 -0.074237 0.007360 7.000000
1441.000000 -0.074976 0.002775 -0.074734 0.007021 7.000000
1442.000000 -0.075325 0.002860 -0.073193 0.010248 7.000000
1443.000000 -0.075708 0.002987 -0.073177 0.015652 7.000000
1444.000000 -0.076075 0.003038 -0.074061 0.016741 7.000000
1445.000000 -0.076476 0.003131 -0.075396 0.015638 7.000000
1446.000000 -0.076825 0.003217 -0.075173 0.016783 7.000000
1447.000000 -0.077174 0.003303 -0.072480 0.017028 7.000000
1448.000000 -0.077522 0.003389 -0.071101 0.017173 7.000000
1449.000000 -0.077855 0.003399 -0.069632 0.013530 7.000000
1450.000000 -0.078203 0.003486 -0.068874 0.011696 7.000000
1451.000000 -0.078586 0.003615 -0.070908 0.016578 7.000000
1452.000000 -0.078915 0.003737 -0.071028 0.020768 7.000000
1453.000000 -0.079264 0.003824 -0.069417 0.020871 7.000000
1454.000000 -0.079612 0.003912 -0.069493 0.019262 7.000000
1455.000000 -0.079960 0.003999 -0.069524 0.018464 7.000000
1456.000000 -0.080308 0.004087 -0.069533 0.018079 7.000000
1457.000000 -0.080603 0.004168 -0.066965 0.017519 7.000000
1458.000000 -0.080951 0.004257 -0.065649 0.017257 7.000000
1459.000000 -0.081265 0.004303 -0.065887 0.015459 7.000000
1460.000000 -0.081594 0.004426 -0.065084 0.016243 7.000000
1461.000000 -0.081923 0.004550 -0.065407 0.020405 7.000000
1462.000000 -0.082252 0.004673 -0.065559 0.022545 7.000000
1463.000000 -0.082580 0.004797 -0.065624 0.023656 7.000000
1464.000000 -0.082875 0.004879 -0.064003 0.022170 7.000000
1465.000000 -0.083189 0.004927 -0.062440 0.017685 7.000000
1466.000000 -0.083517 0.005051 -0.063280 0.017488 7.000000
1467.000000 -0.083831 0.005099 -0.063707 0.017405 7.000000
1468.000000 -0.084125 0.005182 -0.062273 0.015308 7.000000
1469.000000 -0.084420 0.005264 -0.060618 0.015930 7.000000
1470.000000 -0.084729 0.005423 -0.060483 0.020014 7.000000
1471.000000 -0.085024 0.005506 -0.060408 0.022109 7.000000
1472.000000 -0.085352 0.005632 -0.061277 0.021523 7.000000
1473.000000 -0.085646 0.005715 -0.061715 0.021239 7.000000
1474.000000 -0.085888 0.005790 -0.057738 0.018624 7.000000
1475.000000 -0.086182 0.005874 -0.055705 0.017308 7.000000
1476.000000 -0.086510 0.006000 -0.058851 0.019141 7.000000
1477.000000 -0.086771 0.006042 -0.058821 0.018007 7.000000
1478.000000 -0.087046 0.006160 -0.056236 0.017035 7.000000
1479.000000 -0.087287 0.006236 -0.053991 0.018221 7.000000
1480.000000 -0.087581 0.006320 -0.053766 0.017170 7.000000
1481.000000 -0.087875 0.006405 -0.056202 0.017062 7.000000
1482.000000 -0.088150 0.006523 -0.056505 0.018692 7.000000
1483.000000 -0.088377 0.006523 -0.053410 0.015360 7.000000
1484.000000 -0.088652 0.006642 -0.051822 0.013677 7.000000
1485.000000 -0.088912 0.006685 -0.052638 0.014917 7.000000
1486.000000 -0.089154 0.006762 -0.051424 0.013473 7.000000
1487.000000 -0.089428 0.006881 -0.051487 0.016507 7.000000
1488.000000 -0.089670 0.006958 -0.051515 0.018063 7.000000
1489.000000 -0.089911 0.007035 -0.049904 0.016777 7.000000
1490.000000 -0.090152 0.007112 -0.049078 0.016132 7.000000
1491.000000 -0.090393 0.007189 -0.048652 0.015814 7.000000
1492.000000 -0.090602 0.007224 -0.046818 0.013567 7.000000
1493.000000 -0.090843 0.007301 -0.045878 0.012433 7.000000
1494.000000 -0.091103 0.007345 -0.047949 0.012295 7.000000
1495.000000 -0.091330 0.007346 -0.048329 0.008474 7.000000
1496.000000 -0.091571 0.007424 -0.047579 0.008203 7.000000
1497.000000 -0.091760 0.007493 -0.045318 0.011400 7.000000
1498.000000 -0.092001 0.007571 -0.044160 0.013040 7.000000
1499.000000 -0.092223 0.007683 -0.045173 0.015981 7.000000
1500.000000 -0.092431 0.007718 -0.044079 0.015389 7.000000
1501.000000 -0.092638 0.007754 -0.042851 0.011334 7.000000
1502.000000 -0.092846 0.007789 -0.042225 0.009275 7.000000
1503.000000 -0.093054 0.007825 -0.041905 0.008234 7.000000
1504.000000 -0.093230 0.007818 -0.040137 0.005608 7.000000
1505.000000 -0.093437 0.007854 -0.039235 0.004279 7.000000
1506.000000 -0.093607 0.007957 -0.038488 0.009030 7.000000
1507.000000 -0.093782 0.007951 -0.036505 0.009355 7.000000
1508.000000 -0.094003 0.008063 -0.038034 0.009971 7.000000
1509.000000 -0.094178 0.008056 -0.038817 0.010289 7.000000
1510.000000 -0.094367 0.008126 -0.037608 0.008355 7.000000
1511.000000 -0.094509 0.008077 -0.035397 0.005268 7.000000
1512.000000 -0.094665 0.008104 -0.032667 0.001595 7.000000
1513.000000 -0.094860 0.008064 -0.033829 0.000177 7.000000
1514.000000 -0.095048 0.008134 -0.036017 0.001565 7.000000
1515.000000 -0.095185 0.008195 -0.034284 0.007252 7.000000
1516.000000 -0.095341 0.008222 -0.031801 0.008048 7.000000
1517.000000 -0.095529 0.008293 -0.033079 0.008908 7.000000
1518.000000 -0.095685 0.008320 -0.033730 0.009351 7.000000
1519.000000 -0.095841 0.008348 -0.032464 0.007473 7.000000
1520.000000 -0.095964 0.008333 -0.030225 0.004410 7.000000
1521.000000 -0.096087 0.008317 -0.027490 0.000743 7.000000
1522.000000 -0.096262 0.008311 -0.028645 -0.000667 7.000000
1523.000000 -0.096399 0.008373 -0.029873 0.002383 7.000000
1524.000000 -0.096503 0.008391 -0.027000 0.005142 7.000000
1525.000000 -0.096658 0.008419 -0.026487 0.004896 7.000000
1526.000000 -0.096814 0.008447 -0.028772 0.005230 7.000000
1527.000000 -0.096918 0.008465 -0.027389 0.004946 7.000000
1528.000000 -0.097041 0.008450 -0.025094 0.002693 7.000000
1529.000000 -0.097145 0.008469 -0.023924 0.001546 7.000000
1530.000000 -0.097301 0.008497 -0.024919 0.003079 7.000000
1531.000000 -0.097424 0.008482 -0.026383 0.002207 7.000000
1532.000000 -0.097528 0.008500 -0.024581 0.001307 7.000000
1533.000000 -0.097612 0.008553 -0.021750 0.004158 7.000000
1534.000000 -0.097768 0.008581 -0.022852 0.006074 7.000000
1535.000000 -0.097872 0.008600 -0.024370 0.005398 7.000000
1536.000000 -0.098008 0.008661 -0.024184 0.006711 7.000000
1537.000000 -0.098047 0.008594 -0.020917 0.003150 7.000000
1538.000000 -0.098151 0.008613 -0.017664 -0.000777 7.000000
1539.000000 -0.098274 0.008598 -0.020141 -0.000199 7.000000
1540.000000 -0.098378 0.008617 -0.021402 0.000098 7.000000
1541.000000 -0.098482 0.008636 -0.021085 0.001904 7.000000
1542.000000 -0.098514 0.008679 -0.017419 0.004013 7.000000
1543.000000 -0.098618 0.008698 -0.015550 0.005090 7.000000
1544.000000 -0.098754 0.008760 -0.019686 0.006569 7.000000
1545.000000 -0.098806 0.008769 -0.019248 0.006858 7.000000
1546.000000 -0.098890 0.008822 -0.016479 0.006543 7.000000
1547.000000 -0.098929 0.008755 -0.014447 0.002612 7.000000
1548.000000 -0.099014 0.008807 -0.013409 0.000611 7.000000
1549.000000 -0.099085 0.008783 -0.014466 0.001710 7.000000
1550.000000 -0.099137 0.008792 -0.013421 0.000153 7.000000
1551.000000 -0.099189 0.008802 -0.011927 0.001011 7.000000
1552.000000 -0.099273 0.008855 -0.012748 0.003568 7.000000
1553.000000 -0.099357 0.008907 -0.014748 0.006990 7.000000
1554.000000 -0.099409 0.008917 -0.014184 0.006615 7.000000
1555.000000 -0.099461 0.008926 -0.012314 0.004307 7.000000
1556.000000 -0.099481 0.008893 -0.009780 0.001011 7.000000
1557.000000 -0.099532 0.008902 -0.008489 -0.000667 7.000000
1558.000000 -0.099604 0.008878 -0.010376 -0.001054 7.000000
1559.000000 -0.099656 0.008888 -0.011337 -0.001250 7.000000
1560.000000 -0.099636 0.008921 -0.007358 0.001482 7.000000
1561.000000 -0.099688 0.008931 -0.005330 0.002875 7.000000
1562.000000 -0.099772 0.008984 -0.009384 0.004523 7.000000
1563.000000 -0.099792 0.008950 -0.009869 0.003243 7.000000
1564.000000 -0.099824 0.008993 -0.007571 0.002122 7.000000
1565.000000 -0.099811 0.008916 -0.004821 -0.000569 7.000000
1566.000000 -0.099844 0.008960 -0.003419 -0.001940 7.000000
1567.000000 -0.099883 0.008892 -0.005250 -0.002169 7.000000
1568.000000 -0.099915 0.008936 -0.006182 -0.002285 7.000000
1569.000000 -0.099896 0.008969 -0.003767 0.002606 7.000000
1570.000000 -0.099915 0.008936 -0.001919 0.001328 7.000000
1571.000000 -0.099947 0.008979 -0.003521 0.001146 7.000000
1572.000000 -0.099915 0.008936 -0.001794 0.000584 7.000000
1573.000000 -0.099915 0.008936 0.000666 -0.001822 7.000000
1574.000000 -0.099935 0.008902 -0.000624 -0.002579 7.000000
1575.000000 -0.099935 0.008902 -0.001281 -0.002964 7.000000
1576.000000 -0.099935 0.008902 -0.000653 -0.001510 7.000000
1577.000000 -0.099935 0.008902 -0.000333 -0.000769 7.000000
1578.000000 -0.099935 0.008902 -0.000169 -0.000392 7.000000
1579.000000 -0.099935 0.008902 -0.000086 -0.000200 7.000000
1580.000000 -0.099935 0.008902 -0.000044 -0.000102 7.000000
1581.000000 -0.099935 0.008902 -0.000022 -0.000052 7.000000
1582.000000 -0.099935 0.008902 -0.000011 -0.000026 7.000000
1583.000000 -0.099935 0.008902 -0.000006 -0.000013 7.000000
1584.000000 -0.099935 0.008902 -0.000003 -0.000007 7.000000
1585.000000 -0.099935 0.008902 -0.000002 -0.000003 7.000000
1586.000000 -0.099935 0.008902 -0.000001 -0.000002 7.000000
1587.000000 -0.099935 0.008902 -0.000000 -0.000001 7.000000
1588.000000 -0.099935 0.008902 -0.000000 -0.000000 7.000000
1589.000000 -0.099935 0.008902 -0.000000 -0.000000 7.000000
1590.000000 -0.099935 0.008902 -0.000000 -0.000000 7.000000
1591.000000 -0.099935 0.008902 -0.000000 -0.000000 7.000000
1592.000000 -0.099915 0.008936 0.000963 0.001650 7.000000
1593.000000 -0.099915 0.008936 0.001454 0.002491 7.000000
1594.000000 -0.099876 0.009003 0.002666 0.004570 7.000000
1595.000000 -0.099856 0.009037 0.004247 0.007280 7.000000
1596.000000 -0.099844 0.008960 0.003745 0.001589 7.000000
1597.000000 -0.099792 0.008950 0.005070 -0.003429 7.000000
1598.000000 -0.099740 0.008941 0.007671 -0.002685 7.000000
1599.000000 -0.099688 0.008931 0.008996 -0.002305 7.000000
1600.000000 -0.099636 0.008921 0.009672 -0.002111 7.000000
1601.000000 -0.099636 0.008921 0.007472 -0.001544 7.000000
1602.000000 -0.099584 0.008912 0.006351 -0.001254 7.000000
1603.000000 -0.099513 0.008936 0.009285 0.000077 7.000000
1604.000000 -0.099461 0.008926 0.010780 0.000755 7.000000
1605.000000 -0.099429 0.008883 0.009620 -0.002201 7.000000
1606.000000 -0.099377 0.008874 0.009028 -0.003707 7.000000
1607.000000 -0.099293 0.008821 0.011272 -0.004940 7.000000
1608.000000 -0.099241 0.008811 0.012416 -0.005567 7.000000
1609.000000 -0.099189 0.008802 0.011415 -0.003769 7.000000
1610.000000 -0.099169 0.008836 0.009321 -0.000735 7.000000
1611.000000 -0.099117 0.008826 0.008254 0.000812 7.000000
1612.000000 -0.099046 0.008850 0.010254 0.001135 7.000000
1613.000000 -0.098994 0.008841 0.011273 0.001300 7.000000
1614.000000 -0.098929 0.008755 0.011458 -0.004036 7.000000
1615.000000 -0.098878 0.008745 0.011552 -0.006755 7.000000
1616.000000 -0.098793 0.008692 0.012562 -0.006486 7.000000
1617.000000 -0.098741 0.008683 0.013076 -0.006349 7.000000
1618.000000 -0.098690 0.008673 0.011753 -0.004162 7.000000
1619.000000 -0.098670 0.008707 0.009492 -0.000932 7.000000
1620.000000 -0.098618 0.008698 0.008341 0.000714 7.000000
1621.000000 -0.098547 0.008722 0.010298 0.001091 7.000000
1622.000000 -0.098495 0.008712 0.011295 0.001283 7.000000
1623.000000 -0.098443 0.008703 0.010845 -0.000272 7.000000
1624.000000 -0.098391 0.008694 0.010616 -0.001063 7.000000
1625.000000 -0.098307 0.008641 0.012087 -0.003580 7.000000
1626.000000 -0.098255 0.008632 0.012836 -0.004863 7.000000
1627.000000 -0.098203 0.008622 0.011631 -0.003400 7.000000
1628.000000 -0.098164 0.008690 0.010386 0.001113 7.000000
1629.000000 -0.098080 0.008637 0.011340 0.001299 7.000000
1630.000000 -0.098008 0.008661 0.013413 -0.000720 7.000000
1631.000000 -0.097956 0.008652 0.012881 0.000367 7.000000
1632.000000 -0.097904 0.008643 0.011654 -0.000733 7.000000
1633.000000 -0.097872 0.008600 0.010072 -0.002947 7.000000
1634.000000 -0.097768 0.008581 0.011812 -0.004534 7.000000
1635.000000 -0.097684 0.008528 0.015246 -0.005800 7.000000
1636.000000 -0.097632 0.008519 0.014449 -0.005986 7.000000
1637.000000 -0.097612 0.008553 0.010863 -0.001854 7.000000
1638.000000 -0.097560 0.008543 0.009037 0.000252 7.000000
1639.000000 -0.097489 0.008568 0.010651 0.000867 7.000000
1640.000000 -0.097437 0.008558 0.011473 0.001181 7.000000
1641.000000 -0.097353 0.008506 0.012528 -0.002426 7.000000
1642.000000 -0.097320 0.008463 0.012111 -0.005918 7.000000
1643.000000 -0.097268 0.008454 0.010308 -0.005584 7.000000
1644.000000 -0.097184 0.008401 0.011937 -0.005870 7.000000
1645.000000 -0.097113 0.008426 0.013721 -0.004360 7.000000
1646.000000 -0.097093 0.008459 0.011446 0.000633 7.000000
1647.000000 -0.097041 0.008450 0.009332 0.001522 7.000000
1648.000000 -0.096970 0.008474 0.010800 0.001520 7.000000
1649.000000 -0.096918 0.008465 0.011549 0.001519 7.000000
1650.000000 -0.096866 0.008456 0.010976 -0.000136 7.000000
1651.000000 -0.096834 0.008413 0.009732 -0.002635 7.000000
1652.000000 -0.096782 0.008404 0.009098 -0.003908 7.000000
1653.000000 -0.096730 0.008394 0.009728 -0.002900 7.000000
1654.000000 -0.096678 0.008385 0.010050 -0.002386 7.000000
1655.000000 -0.096658 0.008419 0.008619 -0.000014 7.000000
1656.000000 -0.096606 0.008410 0.007891 0.001195 7.000000
1657.000000 -0.096535 0.008434 0.010065 0.001358 7.000000
1658.000000 -0.096483 0.008425 0.011173 0.001442 7.000000
1659.000000 -0.096431 0.008416 0.010785 -0.000172 7.000000
1660.000000 -0.096399 0.008373 0.009636 -0.002650 7.000000
1661.000000 -0.096314 0.008320 0.010646 -0.006021 7.000000
1662.000000 -0.096282 0.008277 0.011161 -0.007739 7.000000
1663.000000 -0.096230 0.008268 0.009829 -0.006504 7.000000
1664.000000 -0.096210 0.008302 0.008507 -0.002109 7.000000
1665.000000 -0.096159 0.008293 0.007833 0.000131 7.000000
1666.000000 -0.096087 0.008317 0.010035 0.000821 7.000000
1667.000000 -0.096035 0.008308 0.011158 0.001173 7.000000
1668.000000 -0.095983 0.008299 0.010779 -0.000305 7.000000
1669.000000 -0.095951 0.008256 0.009635 -0.002714 7.000000
1670.000000 -0.095918 0.008213 0.008102 -0.005599 7.000000
1671.000000 -0.095866 0.008204 0.008272 -0.005411 7.000000
1672.000000 -0.095814 0.008194 0.009310 -0.003658 7.000000
1673.000000 -0.095795 0.008228 0.008241 -0.000656 7.000000
1674.000000 -0.095762 0.008185 0.006746 -0.000784 7.000000
1675.000000 -0.095724 0.008253 0.006934 0.000808 7.000000
1676.000000 -0.095672 0.008244 0.007980 0.003278 7.000000
1677.000000 -0.095639 0.008201 0.008211 -0.000887 7.000000
1678.000000 -0.095607 0.008158 0.007379 -0.004666 7.000000
1679.000000 -0.095555 0.008149 0.007905 -0.004933 7.000000
1680.000000 -0.095503 0.008139 0.009123 -0.003411 7.000000
1681.000000 -0.095470 0.008096 0.008795 -0.004293 7.000000
1682.000000 -0.095483 0.008173 0.005430 -0.000530 7.000000
1683.000000 -0.095451 0.008130 0.003716 0.001388 7.000000
1684.000000 -0.095412 0.008198 0.005390 0.001917 7.000000
1685.000000 -0.095379 0.008155 0.006243 0.002187 7.000000
1686.000000 -0.095360 0.008189 0.005728 0.000666 7.000000
1687.000000 -0.095327 0.008146 0.005466 -0.000109 7.000000
1688.000000 -0.095262 0.008060 0.007582 -0.006374 7.000000
1689.000000 -0.095243 0.008094 0.008010 -0.005801 7.000000
1690.000000 -0.095210 0.008051 0.006629 -0.003403 7.000000
1691.000000 -0.095224 0.008127 0.004326 -0.000076 7.000000
1692.000000 -0.095191 0.008085 0.003153 0.001620 7.000000
1693.000000 -0.095152 0.008152 0.005102 0.002037 7.000000
1694.000000 -0.095120 0.008109 0.006096 0.002249 7.000000
1695.000000 -0.095100 0.008143 0.005653 0.000699 7.000000
1696.000000 -0.095120 0.008109 0.002881 0.000356 7.000000
1697.000000 -0.095068 0.008100 0.003067 -0.001924 7.000000
1698.000000 -0.095035 0.008057 0.005711 -0.003533 7.000000
1699.000000 -0.094983 0.008048 0.007058 -0.004352 7.000000
1700.000000 -0.095016 0.008091 0.004544 -0.000559 7.000000
1701.000000 -0.094996 0.008125 0.001663 0.003480 7.000000
1702.000000 -0.094944 0.008116 0.004343 0.002986 7.000000
1703.000000 -0.094944 0.008116 0.004760 0.001075 7.000000
1704.000000 -0.094925 0.008150 0.003373 0.002207 7.000000
1705.000000 -0.094912 0.008073 0.003319 -0.000981 7.000000
1706.000000 -0.094912 0.008073 0.002343 -0.004264 7.000000
1707.000000 -0.094879 0.008030 0.002794 -0.004278 7.000000
1708.000000 -0.094860 0.008064 0.003972 -0.002625 7.000000
1709.000000 -0.094860 0.008064 0.002971 0.000321 7.000000
1710.000000 -0.094860 0.008064 0.001514 0.000164 7.000000
1711.000000 -0.094860 0.008064 0.000771 0.000083 7.000000
1712.000000 -0.094860 0.008064 0.000393 0.000043 7.000000
1713.000000 -0.094821 0.008131 0.002095 0.003340 7.000000
1714.000000 -0.094808 0.008055 0.003616 0.001256 7.000000
1715.000000 -0.094808 0.008055 0.002495 -0.003124 7.000000
1716.000000 -0.094808 0.008055 0.001271 -0.001592 7.000000
1717.000000 -0.094808 0.008055 0.000648 -0.000811 7.000000
1718.000000 -0.094808 0.008055 0.000330 -0.000413 7.000000
1719.000000 -0.094808 0.008055 0.000168 -0.000211 7.000000
1720.000000 -0.094808 0.008055 0.000086 -0.000107 7.000000
1721.000000 -0.094808 0.008055 0.000044 -0.000055 7.000000
1722.000000 -0.094775 0.008012 0.001623 -0.002133 7.000000
1723.000000 -0.094775 0.008012 0.002428 -0.003191 7.000000
1724.000000 -0.094775 0.008012 0.001237 -0.001626 7.000000
1725.000000 -0.094775 0.008012 0.000630 -0.000828 7.000000
1726.000000 -0.094775 0.008012 0.000321 -0.000422 7.000000
1727.000000 -0.094775 0.008012 0.000164 -0.000215 7.000000
1728.000000 -0.094775 0.008012 0.000083 -0.000110 7.000000
1729.000000 -0.094775 0.008012 0.000042 -0.000056 7.000000
1730.000000 -0.094775 0.008012 0.000022 -0.000028 7.000000
1731.000000 -0.094775 0.008012 0.000011 -0.000014 7.000000
1732.000000 -0.094775 0.008012 0.000006 -0.000007 7.000000
1733.000000 -0.094775 0.008012 0.000003 -0.000004 7.000000
1734.000000 -0.094775 0.008012 0.000001 -0.000002 7.000000
1735.000000 -0.094775 0.008012 0.000001 -0.000001 7.000000
1736.000000 -0.094775 0.008012 0.000000 -0.000000 7.000000
1737.000000 -0.094775 0.008012 0.000000 -0.000000 7.000000
1738.000000 -0.094775 0.008012 0.000000 -0.000000 7.000000
1739.000000 -0.094775 0.008012 0.000000 -0.000000 7.000000
1740.000000 -0.094775 0.008012 0.000000 -0.000000 7.000000
1741.000000 -0.094775 0.008012 0.000000 -0.000000 7.000000
1742.000000 -0.094775 0.008012 0.000000 -0.000000 7.000000
1743.000000 -0.094775 0.008012 0.000000 -0.000000 7.000000
1744.000000 -0.094775 0.008012 0.000000 -0.000000 7.000000
1745.000000 -0.094775 0.008012 0.000000 -0.000000 7.000000
1746.000000 -0.094775 0.008012 0.000000 -0.000000 7.000000
1747.000000 -0.094775 0.008012 0.000000 -0.000000 7.000000
1748.000000 -0.094775 0.008012 0.000000 -0.000000 7.000000
1749.000000 -0.094775 0.008012 0.000000 -0.000000 7.000000
1750.000000 -0.094775 0.008012 0.000000 -0.000000 7.000000
1751.000000 -0.094775 0.008012 0.000000 -0.000000 7.000000
1752.000000 -0.094775 0.008012 0.000000 -0.000000 7.000000
1753.000000 -0.094775 0.008012 0.000000 -0.000000 7.000000
1754.000000 -0.094775 0.008012 0.000000 -0.000000 7.000000
1755.000000 -0.094775 0.008012 0.000000 -0.000000 7.000000
1756.000000 -0.094775 0.008012 0.000000 -0.000000 7.000000
1757.000000 -0.094775 0.008012 0.000000 -0.000000 7.000000
1758.000000 -0.094775 0.008012 0.000000 -0.000000 7.000000
1759.000000 -0.094775 0.008012 0.000000 -0.000000 7.000000
1760.000000 -0.094775 0.008012 0.000000 -0.000000 7.000000
1761.000000 -0.094775 0.008012 0.000000 -0.000000 7.000000
1762.000000 -0.094775 0.008012 0.000000 -0.000000 7.000000
1763.000000 -0.094775 0.008012 0.000000 -0.000000 7.000000
1764.000000 -0.094775 0.008012 0.000000 -0.000000 7.000000
1765.000000 -0.094775 0.008012 0.000000 -0.000000 7.000000
1766.000000 -0.094775 0.008012 0.000000 -0.000000 7.000000
1767.000000 -0.094775 0.008012 0.000000 -0.000000 7.000000
1768.000000 -0.094775 0.008012 0.000000 -0.000000 7.000000
1769.000000 -0.094775 0.008012 0.000000 -0.000000 7.000000
1770.000000 -0.094775 0.008012 0.000000 -0.000000 7.000000
1771.000000 -0.094775 0.008012 0.000000 -0.000000 7.000000
1772.000000 -0.094775 0.008012 0.000000 -0.000000 7.000000
1773.000000 -0.094775 0.008012 0.000000 -0.000000 7.000000
1774.000000 -0.094775 0.008012 0.000000 -0.000000 7.000000
1775.000000 -0.094775 0.008012 0.000000 -0.000000 7.000000
1776.000000 -0.094775 0.008012 0.000000 -0.000000 7.000000
1777.000000 -0.094775 0.008012 0.000000 -0.000000 7.000000
1778.000000 -0.094775 0.008012 0.000000 -0.000000 7.000000
1779.000000 -0.094775 0.008012 0.000000 -0.000000 7.000000
1780.000000 -0.094775 0.008012 0.000000 -0.000000 7.000000
1781.000000 -0.094775 0.008012 0.000000 -0.000000 7.000000
1782.000000 -0.094775 0.008012 0.000000 -0.000000 7.000000
1783.000000 -0.094775 0.008012 0.000000 -0.000000 7.000000
1784.000000 -0.094775 0.008012 0.000000 -0.000000 7.000000
1785.000000 -0.094808 0.008055 -0.001600 0.002105 7.000000
1786.000000 -0.094808 0.008055 -0.002416 0.003178 7.000000
1787.000000 -0.094808 0.008055 -0.001231 0.001619 7.000000
1788.000000 -0.094841 0.008097 -0.002227 0.002930 7.000000
1789.000000 -0.094808 0.008055 -0.001135 0.001493 7.000000
1790.000000 -0.094808 0.008055 0.001022 -0.001344 7.000000
1791.000000 -0.094808 0.008055 0.000521 -0.000685 7.000000
1792.000000 -0.094827 0.008021 -0.000682 -0.002008 7.000000
1793.000000 -0.094827 0.008021 -0.001295 -0.002682 7.000000
1794.000000 -0.094827 0.008021 -0.000660 -0.001367 7.000000
1795.000000 -0.094827 0.008021 -0.000336 -0.000696 7.000000
1796.000000 -0.094827 0.008021 -0.000171 -0.000355 7.000000
1797.000000 -0.094827 0.008021 -0.000087 -0.000181 7.000000
1798.000000 -0.094827 0.008021 -0.000044 -0.000092 7.000000
1799.000000 -0.094827 0.008021 -0.000023 -0.000047 7.000000
1800.000000 -0.094827 0.008021 -0.000012 -0.000024 7.000000
1801.000000 -0.094827 0.008021 -0.000006 -0.000012 7.000000
1802.000000 -0.094827 0.008021 -0.000003 -0.000006 7.000000
1803.000000 -0.094827 0.008021 -0.000002 -0.000003 7.000000
1804.000000 -0.094827 0.008021 -0.000001 -0.000002 7.000000
1805.000000 -0.094827 0.008021 -0.000000 -0.000001 7.000000
1806.000000 -0.094827 0.008021 -0.000000 -0.000000 7.000000
1807.000000 -0.094827 0.008021 -0.000000 -0.000000 7.000000
1808.000000 -0.094827 0.008021 -0.000000 -0.000000 7.000000
1809.000000 -0.094827 0.008021 -0.000000 -0.000000 7.000000
1810.000000 -0.094827 0.008021 -0.000000 -0.000000 7.000000
1811.000000 -0.094827 0.008021 -0.000000 -0.000000 7.000000
1812.000000 -0.094827 0.008021 -0.000000 -0.000000 7.000000
1813.000000 -0.094827 0.008021 -0.000000 -0.000000 7.000000
1814.000000 -0.094827 0.008021 -0.000000 -0.000000 7.000000
1815.000000 -0.094827 0.008021 -0.000000 -0.000000 7.000000
1816.000000 -0.094827 0.008021 -0.000000 -0.000000 7.000000
1817.000000 -0.094827 0.008021 -0.000000 -0.000000 7.000000
1818.000000 -0.094827 0.008021 -0.000000 -0.000000 7.000000
1819.000000 -0.094827 0.008021 -0.000000 -0.000000 7.000000
1820.000000 -0.094827 0.008021 -0.000000 -0.000000 7.000000
1821.000000 -0.094827 0.008021 -0.000000 -0.000000 7.000000
1822.000000 -0.094827 0.008021 -0.000000 -0.000000 7.000000
1823.000000 -0.094827 0.008021 -0.000000 -0.000000 7.000000
1824.000000 -0.094827 0.008021 -0.000000 -0.000000 7.000000
1825.000000 -0.094827 0.008021 -0.000000 -0.000000 7.000000
1826.000000 -0.094827 0.008021 -0.000000 -0.000000 7.000000
1827.000000 -0.094827 0.008021 -0.000000 -0.000000 7.000000
1828.000000 -0.094827 0.008021 -0.000000 -0.000000 7.000000
1829.000000 -0.094827 0.008021 -0.000000 -0.000000 7.000000
1830.000000 -0.094827 0.008021 -0.000000 -0.000000 7.000000
1831.000000 -0.094827 0.008021 -0.000000 -0.000000 7.000000
1832.000000 -0.094827 0.008021 -0.000000 -0.000000 7.000000
1833.000000 -0.094827 0.008021 -0.000000 -0.000000 7.000000
1834.000000 -0.094827 0.008021 -0.000000 -0.000000 7.000000
1835.000000 -0.094827 0.008021 -0.000000 -0.000000 7.000000
1836.000000 -0.094827 0.008021 -0.000000 -0.000000 7.000000
1837.000000 -0.094827 0.008021 -0.000000 -0.000000 7.000000
1838.000000 -0.094827 0.008021 -0.000000 -0.000000 7.000000
1839.000000 -0.094827 0.008021 -0.000000 -0.000000 7.000000
1840.000000 -0.094827 0.008021 -0.000000 -0.000000 7.000000
1841.000000 -0.094827 0.008021 -0.000000 -0.000000 7.000000
1842.000000 -0.094827 0.008021 -0.000000 -0.000000 7.000000
1843.000000 -0.094827 0.008021 -0.000000 -0.000000 7.000000
1844.000000 -0.094827 0.008021 -0.000000 -0.000000 7.000000
1845.000000 -0.094827 0.008021 -0.000000 -0.000000 7.000000
1846.000000 -0.094827 0.008021 -0.000000 -0.000000 7.000000
1847.000000 -0.094827 0.008021 -0.000000 -0.000000 7.000000
1848.000000 -0.094827 0.008021 -0.000000 -0.000000 7.000000
1849.000000 -0.094827 0.008021 -0.000000 -0.000000 7.000000
1850.000000 -0.094827 0.008021 -0.000000 -0.000000 7.000000
1851.000000 -0.094827 0.008021 -0.000000 -0.000000 7.000000
1852.000000 -0.094827 0.008021 -0.000000 -0.000000 7.000000
1853.000000 -0.094827 0.008021 -0.000000 -0.000000 7.000000
1854.000000 -0.094827 0.008021 -0.000000 -0.000000 7.000000
1855.000000 -0.094827 0.008021 -0.000000 -0.000000 7.000000
1856.000000 -0.094827 0.008021 -0.000000 -0.000000 7.000000
1857.000000 -0.094827 0.008021 -0.000000 -0.000000 7.000000
1858.000000 -0.094827 0.008021 -0.000000 -0.000000 7.000000
1859.000000 -0.094827 0.008021 -0.000000 -0.000000 7.000000
1860.000000 -0.094827 0.008021 -0.000000 -0.000000 7.000000
1861.000000 -0.094827 0.008021 -0.000000 -0.000000 7.000000
1862.000000 -0.094827 0.008021 -0.000000 -0.000000 7.000000
1863.000000 -0.094827 0.008021 -0.000000 -0.000000 7.000000
1864.000000 -0.094827 0.008021 -0.000000 -0.000000 7.000000
1865.000000 -0.094827 0.008021 -0.000000 -0.000000 7.000000
1866.000000 -0.094827 0.008021 -0.000000 -0.000000 7.000000
1867.000000 -0.094827 0.008021 -0.000000 -0.000000 7.000000
1868.000000 -0.094827 0.008021 -0.000000 -0.000000 7.000000
1869.000000 -0.094827 0.008021 -0.000000 -0.000000 7.000000
1870.000000 -0.094827 0.008021 -0.000000 -0.000000 7.000000
1871.000000 -0.094827 0.008021 -0.000000 -0.000000 7.000000
1872.000000 -0.094827 0.008021 -0.000000 -0.000000 7.000000
1873.000000 -0.094827 0.008021 -0.000000 -0.000000 7.000000
1874.000000 -0.094827 0.008021 -0.000000 -0.000000 7.000000
1875.000000 -0.094827 0.008021 -0.000000 -0.000000 7.000000
1876.000000 -0.094827 0.008021 -0.000000 -0.000000 7.000000
1877.000000 -0.094827 0.008021 -0.000000 -0.000000 7.000000
1878.000000 -0.094827 0.008021 -0.000000 -0.000000 7.000000
1879.000000 -0.094827 0.008021 -0.000000 -0.000000 7.000000
1880.000000 -0.094827 0.008021 -0.000000 -0.000000 7.000000
1881.000000 -0.094827 0.008021 -0.000000 -0.000000 7.000000
1882.000000 -0.094827 0.008021 -0.000000 -0.000000 7.000000
1883.000000 -0.094827 0.008021 -0.000000 -0.000000 7.000000
1884.000000 -0.094827 0.008021 -0.000000 -0.000000 7.000000
1885.000000 -0.094827 0.008021 -0.000000 -0.000000 7.000000
1886.000000 -0.094827 0.008021 -0.000000 -0.000000 7.000000
1887.000000 -0.094827 0.008021 -0.000000 -0.000000 7.000000
1888.000000 -0.094827 0.008021 -0.000000 -0.000000 7.000000
1889.000000 -0.094827 0.008021 -0.000000 -0.000000 7.000000
1890.000000 -0.094827 0.008021 -0.000000 -0.000000 7.000000
1891.000000 -0.094827 0.008021 -0.000000 -0.000000 7.000000
1892.000000 -0.094827 0.008021 -0.000000 -0.000000 7.000000
1893.000000 -0.094827 0.008021 -0.000000 -0.000000 7.000000
1894.000000 -0.094827 0.008021 -0.000000 -0.000000 7.000000
1895.000000 -0.094827 0.008021 -0.000000 -0.000000 7.000000
1896.000000 -0.094827 0.008021 -0.000000 -0.000000 7.000000
1897.000000 -0.094827 0.008021 -0.000000 -0.000000 7.000000
1898.000000 -0.094827 0.008021 -0.000000 -0.000000 7.000000
1899.000000 -0.094827 0.008021 -0.000000 -0.000000 7.000000
1900.000000 -0.094827 0.008021 -0.000000 -0.000000 7.000000
1901.000000 -0.094827 0.008021 -0.000000 -0.000000 7.000000
1902.000000 -0.094827 0.008021 -0.000000 -0.000000 7.000000
1903.000000 -0.094827 0.008021 -0.000000 -0.000000 7.000000
1904.000000 -0.094827 0.008021 -0.000000 -0.000000 7.000000
1905.000000 -0.094827 0.008021 -0.000000 -0.000000 7.000000
1906.000000 -0.094827 0.008021 -0.000000 -0.000000 7.000000
1907.000000 -0.094827 0.008021 -0.000000 -0.000000 7.000000
1908.000000 -0.094827 0.008021 -0.000000 -0.000000 7.000000
1909.000000 -0.094827 0.008021 -0.000000 -0.000000 7.000000
1910.000000 -0.094827 0.008021 -0.000000 -0.000000 7.000000
1911.000000 -0.094827 0.008021 -0.000000 -0.000000 7.000000
1912.000000 -0.094827 0.008021 -0.000000 -0.000000 7.000000
1913.000000 -0.094827 0.008021 -0.000000 -0.000000 7.000000
1914.000000 -0.094827 0.008021 -0.000000 -0.000000 7.000000
1915.000000 -0.094827 0.008021 -0.000000 -0.000000 7.000000
1916.000000 -0.094827 0.008021 -0.000000 -0.000000 7.000000
1917.000000 -0.094827 0.008021 -0.000000 -0.000000 7.000000
1918.000000 -0.094827 0.008021 -0.000000 -0.000000 7.000000
1919.000000 -0.094827 0.008021 -0.000000 -0.000000 7.000000
1920.000000 -0.094827 0.008021 -0.000000 -0.000000 7.000000
1921.000000 -0.094827 0.008021 -0.000000 -0.000000 7.000000
1922.000000 -0.094827 0.008021 -0.000000 -0.000000 7.000000
1923.000000 -0.094827 0.008021 -0.000000 -0.000000 7.000000
1924.000000 -0.094827 0.008021 -0.000000 -0.000000 7.000000
1925.000000 -0.094827 0.008021 -0.000000 -0.000000 7.000000
1926.000000 -0.094827 0.008021 -0.000000 -0.000000 7.000000
1927.000000 -0.094827 0.008021 -0.000000 -0.000000 7.000000
1928.000000 -0.094827 0.008021 -0.000000 -0.000000 7.000000
1929.000000 -0.094827 0.008021 -0.000000 -0.000000 7.000000
1930.000000 -0.094827 0.008021 -0.000000 -0.000000 7.000000
1931.000000 -0.094827 0.008021 -0.000000 -0.000000 7.000000
1932.000000 -0.094827 0.008021 -0.000000 -0.000000 7.000000
1933.000000 -0.094827 0.008021 -0.000000 -0.000000 7.000000
1934.000000 -0.094827 0.008021 -0.000000 -0.000000 7.000000
1935.000000 -0.094827 0.008021 -0.000000 -0.000000 7.000000
1936.000000 -0.094827 0.008021 -0.000000 -0.000000 7.000000
1937.000000 -0.094827 0.008021 -0.000000 -0.000000 7.000000
1938.000000 -0.094827 0.008021 -0.000000 -0.000000 7.000000
1939.000000 -0.094827 0.008021 -0.000000 -0.000000 7.000000
1940.000000 -0.094827 0.008021 -0.000000 -0.000000 7.000000
1941.000000 -0.094827 0.008021 -0.000000 -0.000000 7.000000
1942.000000 -0.094827 0.008021 -0.000000 -0.000000 7.000000
1943.000000 -0.094827 0.008021 -0.000000 -0.000000 7.000000
1944.000000 -0.094827 0.008021 -0.000000 -0.000000 7.000000
1945.000000 -0.094827 0.008021 -0.000000 -0.000000 7.000000
1946.000000 -0.094827 0.008021 -0.000000 -0.000000 7.000000
1947.000000 -0.094827 0.008021 -0.000000 -0.000000 7.000000
1948.000000 -0.094827 0.008021 -0.000000 -0.000000 7.000000
1949.000000 -0.094827 0.008021 -0.000000 -0.000000 7.000000
1950.000000 -0.094827 0.008021 -0.000000 -0.000000 7.000000
1951.000000 -0.094827 0.008021 -0.000000 -0.000000 7.000000
1952.000000 -0.094827 0.008021 -0.000000 -0.000000 7.000000
1953.000000 -0.094827 0.008021 -0.000000 -0.000000 7.000000
1954.000000 -0.094827 0.008021 -0.000000 -0.000000 7.000000
1955.000000 -0.094827 0.008021 -0.000000 -0.000000 7.000000
1956.000000 -0.094827 0.008021 -0.000000 -0.000000 7.000000
1957.000000 -0.094827 0.008021 -0.000000 -0.000000 7.000000
1958.000000 -0.094827 0.008021 -0.000000 -0.000000 7.000000
1959.000000 -0.094827 0.008021 -0.000000 -0.000000 7.000000
1960.000000 -0.094827 0.008021 -0.000000 -0.000000 7.000000
1961.000000 -0.094827 0.008021 -0.000000 -0.000000 7.000000
1962.000000 -0.094827 0.008021 -0.000000 -0.000000 7.000000
1963.000000 -0.094827 0.008021 -0.000000 -0.000000 7.000000
1964.000000 -0.094827 0.008021 -0.000000 -0.000000 7.000000
1965.000000 -0.094827 0.008021 -0.000000 -0.000000 7.000000
1966.000000 -0.094827 0.008021 -0.000000 -0.000000 7.000000
1967.000000 -0.094827 0.008021 -0.000000 -0.000000 7.000000
1968.000000 -0.094827 0.008021 -0.000000 -0.000000 7.000000
1969.000000 -0.094827 0.008021 -0.000000 -0.000000 7.000000
1970.000000 -0.094827 0.008021 -0.000000 -0.000000 7.000000
1971.000000 -0.094827 0.008021 -0.000000 -0.000000 7.000000
1972.000000 -0.094827 0.008021 -0.000000 -0.000000 7.000000
1973.000000 -0.094827 0.008021 -0.000000 -0.000000 7.000000
1974.000000 -0.094827 0.008021 -0.000000 -0.000000 7.000000
1975.000000 -0.094827 0.008021 -0.000000 -0.000000 7.000000
1976.000000 -0.094827 0.008021 -0.000000 -0.000000 7.000000
1977.000000 -0.094827 0.008021 -0.000000 -0.000000 7.000000
1978.000000 -0.094827 0.008021 -0.000000 -0.000000 7.000000
1979.000000 -0.094827 0.008021 -0.000000 -0.000000 7.000000
1980.000000 -0.094827 0.008021 -0.000000 -0.000000 7.000000
1981.000000 -0.094827 0.008021 -0.000000 -0.000000 7.000000
1982.000000 -0.094827 0.008021 -0.000000 -0.000000 7.000000
1983.000000 -0.094827 0.008021 -0.000000 -0.000000 7.000000
1984.000000 -0.094827 0.008021 -0.000000 -0.000000 7.000000
1985.000000 -0.094827 0.008021 -0.000000 -0.000000 7.000000
1986.000000 -0.094827 0.008021 -0.000000 -0.000000 7.000000
1987.000000 -0.094827 0.008021 -0.000000 -0.000000 7.000000
1988.000000 -0.094827 0.008021 -0.000000 -0.000000 7.000000
1989.000000 -0.094827 0.008021 -0.000000 -0.000000 7.000000
1990.000000 -0.094827 0.008021 -0.000000 -0.000000 7.000000
1991.000000 -0.094827 0.008021 -0.000000 -0.000000 7.000000
1992.000000 -0.094827 0.008021 -0.000000 -0.000000 7.000000
1993.000000 -0.094827 0.008021 -0.000000 -0.000000 7.000000
1994.000000 -0.094827 0.008021 -0.000000 -0.000000 7.000000
1995.000000 -0.094827 0.008021 -0.000000 -0.000000 7.000000
1996.000000 -0.094827 0.008021 -0.000000 -0.000000 7.000000
1997.000000 -0.094827 0.008021 -0.000000 -0.000000 7.000000
1998.000000 -0.094827 0.008021 -0.000000 -0.000000 7.000000
1999.000000 -0.094827 0.008021 -0.000000 -0.000000 7.000000
2000.000000 -0.094827 0.008021 -0.000000 -0.000000 7.000000
2001.000000 -0.094827 0.008021 -0.000000 -0.000000 7.000000
2002.000000 -0.094827 0.008021 -0.000000 -0.000000 7.000000
2003.000000 -0.094827 0.008021 -0.000000 -0.000000 7.000000
2004.000000 -0.094827 0.008021 -0.000000 -0.000000 7.000000
2005.000000 -0.094827 0.008021 -0.000000 -0.000000 7.000000
2006.000000 -0.094827 0.008021 -0.000000 -0.000000 7.000000
2007.000000 -0.094827 0.008021 -0.000000 -0.000000 7.000000
2008.000000 -0.094827 0.008021 -0.000000 -0.000000 7.000000
2009.000000 -0.094827 0.008021 -0.000000 -0.000000 7.000000
2010.000000 -0.094827 0.008021 -0.000000 -0.000000 7.000000
2011.000000 -0.094827 0.008021 -0.000000 -0.000000 7.000000
2012.000000 -0.094827 0.008021 -0.000000 -0.000000 7.000000
2013.000000 -0.094827 0.008021 -0.000000 -0.000000 7.000000
2014.000000 -0.094827 0.008021 -0.000000 -0.000000 7.000000
2015.000000 -0.094827 0.008021 -0.000000 -0.000000 7.000000
2016.000000 -0.094827 0.008021 -0.000000 -0.000000 7.000000
2017.000000 -0.094827 0.008021 -0.000000 -0.000000 7.000000
2018.000000 -0.094827 0.008021 -0.000000 -0.000000 7.000000
2019.000000 -0.094827 0.008021 -0.000000 -0.000000 7.000000
2020.000000 -0.094827 0.008021 -0.000000 -0.000000 7.000000
2021.000000 -0.094827 0.008021 -0.000000 -0.000000 7.000000
2022.000000 -0.094827 0.008021 -0.000000 -0.000000 7.000000
2023.000000 -0.094827 0.008021 -0.000000 -0.000000 7.000000
2024.000000 -0.094827 0.008021 -0.000000 -0.000000 7.000000
2025.000000 -0.094827 0.008021 -0.000000 -0.000000 7.000000
2026.000000 -0.094827 0.008021 -0.000000 -0.000000 7.000000
2027.000000 -0.094827 0.008021 -0.000000 -0.000000 7.000000
