# imt log
s logheadsize 000234
s logcolumns 7
s logname /home/testac/lgames/fitts/20180717_Tue/run1.171341.dat
s logversion 2.0
s logdate "Tue Jul 17 17:13:41 EDT 2018"
s logidate 1531862021

# begin user data

# end user data

#####
873.000000 -0.001915 0.002323 0.000001 -0.000001 0.000000 0.000000
874.000000 -0.001915 0.002323 0.000001 -0.000001 0.000000 0.000000
875.000000 -0.001915 0.002323 0.000000 -0.000000 7.000000 0.033000
876.000000 -0.001915 0.002323 0.000000 -0.000000 7.000000 0.033000
877.000000 -0.001875 0.002286 0.001930 -0.001808 7.000000 0.033000
878.000000 -0.001875 0.002286 0.002914 -0.002728 7.000000 0.033000
879.000000 -0.001915 0.002323 -0.000446 0.000417 7.000000 0.033000
880.000000 -0.001875 0.002286 -0.000227 0.000213 7.000000 0.033000
881.000000 -0.001875 0.002286 0.001815 -0.001699 7.000000 0.033000
882.000000 -0.001875 0.002286 0.000925 -0.000866 7.000000 0.033000
883.000000 -0.001875 0.002286 0.000471 -0.000441 7.000000 0.033000
884.000000 -0.001875 0.002286 0.000240 -0.000225 7.000000 0.033000
885.000000 -0.001875 0.002286 0.000122 -0.000114 7.000000 0.033000
886.000000 -0.001875 0.002286 0.000062 -0.000058 7.000000 0.033000
887.000000 -0.001875 0.002286 0.000032 -0.000030 7.000000 0.033000
888.000000 -0.001875 0.002286 0.000016 -0.000015 7.000000 0.033000
889.000000 -0.001875 0.002286 0.000008 -0.000008 7.000000 0.033000
890.000000 -0.001875 0.002286 0.000004 -0.000004 7.000000 0.033000
891.000000 -0.001875 0.002286 0.000002 -0.000002 7.000000 0.033000
892.000000 -0.001875 0.002286 0.000001 -0.000001 7.000000 0.033000
893.000000 -0.001875 0.002286 0.000001 -0.000001 7.000000 0.033000
894.000000 -0.001875 0.002286 0.000000 -0.000000 7.000000 0.033000
895.000000 -0.001875 0.002286 0.000000 -0.000000 7.000000 0.033000
896.000000 -0.001875 0.002286 0.000000 -0.000000 7.000000 0.033000
897.000000 -0.001875 0.002286 0.000000 -0.000000 7.000000 0.033000
898.000000 -0.001875 0.002286 0.000000 -0.000000 7.000000 0.033000
899.000000 -0.001862 0.002322 0.000645 0.001799 7.000000 0.033000
900.000000 -0.001862 0.002322 0.000973 0.002715 7.000000 0.033000
901.000000 -0.001862 0.002322 0.000496 0.001383 7.000000 0.033000
902.000000 -0.001862 0.002322 0.000253 0.000705 7.000000 0.033000
903.000000 -0.001823 0.002285 0.002059 -0.001448 7.000000 0.033000
904.000000 -0.001823 0.002285 0.002980 -0.002545 7.000000 0.033000
905.000000 -0.001823 0.002285 0.001518 -0.001297 7.000000 0.033000
906.000000 -0.001823 0.002285 0.000773 -0.000661 7.000000 0.033000
907.000000 -0.001823 0.002285 0.000394 -0.000337 7.000000 0.033000
908.000000 -0.001823 0.002285 0.000201 -0.000172 7.000000 0.033000
909.000000 -0.001823 0.002285 0.000102 -0.000087 7.000000 0.033000
910.000000 -0.001823 0.002285 0.000052 -0.000045 7.000000 0.033000
911.000000 -0.001823 0.002285 0.000027 -0.000023 7.000000 0.033000
912.000000 -0.001823 0.002285 0.000014 -0.000012 7.000000 0.033000
913.000000 -0.001823 0.002285 0.000007 -0.000006 7.000000 0.033000
914.000000 -0.001823 0.002285 0.000004 -0.000003 7.000000 0.033000
915.000000 -0.001823 0.002285 0.000002 -0.000002 7.000000 0.033000
916.000000 -0.001823 0.002285 0.000001 -0.000001 7.000000 0.033000
917.000000 -0.001823 0.002285 0.000000 -0.000000 7.000000 0.033000
918.000000 -0.001823 0.002285 0.000000 -0.000000 7.000000 0.033000
919.000000 -0.001823 0.002285 0.000000 -0.000000 7.000000 0.033000
920.000000 -0.001823 0.002285 0.000000 -0.000000 7.000000 0.033000
921.000000 -0.001784 0.002249 0.001931 -0.001807 7.000000 0.033000
922.000000 -0.001784 0.002249 0.002914 -0.002728 7.000000 0.033000
923.000000 -0.001784 0.002249 0.001485 -0.001390 7.000000 0.033000
924.000000 -0.001784 0.002249 0.000757 -0.000708 7.000000 0.033000
925.000000 -0.001784 0.002249 0.000385 -0.000361 7.000000 0.033000
926.000000 -0.001784 0.002249 0.000196 -0.000184 7.000000 0.033000
927.000000 -0.001784 0.002249 0.000100 -0.000094 7.000000 0.033000
928.000000 -0.001784 0.002249 0.000051 -0.000048 7.000000 0.033000
929.000000 -0.001784 0.002249 0.000026 -0.000024 7.000000 0.033000
930.000000 -0.001784 0.002249 0.000013 -0.000012 7.000000 0.033000
931.000000 -0.001784 0.002249 0.000007 -0.000006 7.000000 0.033000
932.000000 -0.001784 0.002249 0.000003 -0.000003 7.000000 0.033000
933.000000 -0.001784 0.002249 0.000002 -0.000002 7.000000 0.033000
934.000000 -0.001784 0.002249 0.000001 -0.000001 7.000000 0.033000
935.000000 -0.001784 0.002249 0.000000 -0.000000 7.000000 0.033000
936.000000 -0.001784 0.002249 0.000000 -0.000000 7.000000 0.033000
937.000000 -0.001784 0.002249 0.000000 -0.000000 7.000000 0.033000
938.000000 -0.001784 0.002249 0.000000 -0.000000 7.000000 0.033000
939.000000 -0.001784 0.002249 0.000000 -0.000000 7.000000 0.033000
940.000000 -0.001784 0.002249 0.000000 -0.000000 7.000000 0.033000
941.000000 -0.001784 0.002249 0.000000 -0.000000 7.000000 0.033000
942.000000 -0.001784 0.002249 0.000000 -0.000000 7.000000 0.033000
943.000000 -0.001784 0.002249 0.000000 -0.000000 7.000000 0.033000
944.000000 -0.001784 0.002249 0.000000 -0.000000 7.000000 0.033000
945.000000 -0.001784 0.002249 0.000000 -0.000000 7.000000 0.033000
946.000000 -0.001784 0.002249 0.000000 -0.000000 7.000000 0.033000
947.000000 -0.001784 0.002249 0.000000 -0.000000 7.000000 0.033000
948.000000 -0.001784 0.002249 0.000000 -0.000000 7.000000 0.033000
949.000000 -0.001784 0.002249 0.000000 -0.000000 7.000000 0.033000
950.000000 -0.001784 0.002249 0.000000 -0.000000 7.000000 0.033000
951.000000 -0.001823 0.002285 -0.001930 0.001807 7.000000 0.033000
952.000000 -0.001823 0.002285 -0.002914 0.002728 7.000000 0.033000
953.000000 -0.001862 0.002322 -0.003415 0.003198 7.000000 0.033000
954.000000 -0.001862 0.002322 -0.003670 0.003437 7.000000 0.033000
955.000000 -0.001862 0.002322 -0.001870 0.001751 7.000000 0.033000
956.000000 -0.001902 0.002359 -0.002883 0.002700 7.000000 0.033000
957.000000 -0.001941 0.002396 -0.005328 0.004991 7.000000 0.033000
958.000000 -0.001941 0.002396 -0.004645 0.004351 7.000000 0.033000
959.000000 -0.001902 0.002359 -0.000437 0.000409 7.000000 0.033000
960.000000 -0.001941 0.002396 -0.000222 0.000208 7.000000 0.033000
961.000000 -0.001941 0.002396 -0.002043 0.001914 7.000000 0.033000
962.000000 -0.001941 0.002396 -0.001041 0.000975 7.000000 0.033000
963.000000 -0.001941 0.002396 -0.000530 0.000497 7.000000 0.033000
964.000000 -0.001980 0.002433 -0.002200 0.002061 7.000000 0.033000
965.000000 -0.002020 0.002470 -0.004980 0.004667 7.000000 0.033000
966.000000 -0.002020 0.002470 -0.004467 0.004186 7.000000 0.033000
967.000000 -0.001980 0.002433 -0.000346 0.000324 7.000000 0.033000
968.000000 -0.001980 0.002433 0.001753 -0.001643 7.000000 0.033000
969.000000 -0.001980 0.002433 0.000893 -0.000837 7.000000 0.033000
970.000000 -0.002020 0.002470 -0.001474 0.001382 7.000000 0.033000
971.000000 -0.002020 0.002470 -0.002681 0.002512 7.000000 0.033000
972.000000 -0.002033 0.002433 -0.002011 -0.000519 7.000000 0.033000
973.000000 -0.002033 0.002433 -0.001669 -0.002063 7.000000 0.033000
974.000000 -0.002033 0.002433 -0.000851 -0.001051 7.000000 0.033000
975.000000 -0.002046 0.002396 -0.001079 -0.002334 7.000000 0.033000
976.000000 -0.002046 0.002396 -0.001195 -0.002988 7.000000 0.033000
977.000000 -0.002046 0.002396 -0.000609 -0.001522 7.000000 0.033000
978.000000 -0.002046 0.002396 -0.000310 -0.000776 7.000000 0.033000
979.000000 -0.002085 0.002433 -0.002087 0.001413 7.000000 0.033000
980.000000 -0.002085 0.002433 -0.002993 0.002528 7.000000 0.033000
981.000000 -0.002085 0.002433 -0.001525 0.001288 7.000000 0.033000
982.000000 -0.002085 0.002433 -0.000777 0.000656 7.000000 0.033000
983.000000 -0.002085 0.002433 -0.000396 0.000334 7.000000 0.033000
984.000000 -0.002085 0.002433 -0.000202 0.000170 7.000000 0.033000
985.000000 -0.002085 0.002433 -0.000103 0.000087 7.000000 0.033000
986.000000 -0.002085 0.002433 -0.000052 0.000044 7.000000 0.033000
987.000000 -0.002085 0.002433 -0.000027 0.000023 7.000000 0.033000
988.000000 -0.002085 0.002433 -0.000014 0.000011 7.000000 0.033000
989.000000 -0.002085 0.002433 -0.000007 0.000006 7.000000 0.033000
990.000000 -0.002099 0.002397 -0.000649 -0.001796 7.000000 0.033000
991.000000 -0.002099 0.002397 -0.000976 -0.002713 7.000000 0.033000
992.000000 -0.002099 0.002397 -0.000497 -0.001382 7.000000 0.033000
993.000000 -0.002099 0.002397 -0.000253 -0.000704 7.000000 0.033000
994.000000 -0.002099 0.002397 -0.000129 -0.000359 7.000000 0.033000
995.000000 -0.002099 0.002397 -0.000066 -0.000183 7.000000 0.033000
996.000000 -0.002099 0.002397 -0.000034 -0.000093 7.000000 0.033000
997.000000 -0.002099 0.002397 -0.000017 -0.000047 7.000000 0.033000
998.000000 -0.002099 0.002397 -0.000009 -0.000024 7.000000 0.033000
999.000000 -0.002099 0.002397 -0.000004 -0.000012 7.000000 0.033000
1000.000000 -0.002099 0.002397 -0.000002 -0.000006 7.000000 0.033000
1001.000000 -0.002099 0.002397 -0.000001 -0.000003 7.000000 0.033000
1002.000000 -0.002099 0.002397 -0.000001 -0.000002 7.000000 0.033000
1003.000000 -0.002099 0.002397 -0.000000 -0.000001 7.000000 0.033000
1004.000000 -0.002099 0.002397 -0.000000 -0.000000 7.000000 0.033000
1005.000000 -0.002099 0.002397 -0.000000 -0.000000 7.000000 0.033000
1006.000000 -0.002099 0.002397 -0.000000 -0.000000 7.000000 0.033000
1007.000000 -0.002099 0.002397 -0.000000 -0.000000 7.000000 0.033000
1008.000000 -0.002099 0.002397 -0.000000 -0.000000 7.000000 0.033000
1009.000000 -0.002099 0.002397 -0.000000 -0.000000 7.000000 0.033000
1010.000000 -0.002099 0.002397 -0.000000 -0.000000 7.000000 0.033000
1011.000000 -0.002099 0.002397 -0.000000 -0.000000 7.000000 0.033000
1012.000000 -0.002099 0.002397 -0.000000 -0.000000 7.000000 0.033000
1013.000000 -0.002099 0.002397 -0.000000 -0.000000 7.000000 0.033000
1014.000000 -0.002099 0.002397 -0.000000 -0.000000 7.000000 0.033000
1015.000000 -0.002099 0.002397 -0.000000 -0.000000 7.000000 0.033000
1016.000000 -0.002099 0.002397 -0.000000 -0.000000 7.000000 0.033000
1017.000000 -0.002099 0.002397 -0.000000 -0.000000 7.000000 0.033000
1018.000000 -0.002099 0.002397 -0.000000 -0.000000 7.000000 0.033000
1019.000000 -0.002099 0.002397 -0.000000 -0.000000 7.000000 0.033000
1020.000000 -0.002099 0.002397 -0.000000 -0.000000 7.000000 0.033000
1021.000000 -0.002099 0.002397 -0.000000 -0.000000 7.000000 0.033000
1022.000000 -0.002099 0.002397 -0.000000 -0.000000 7.000000 0.033000
1023.000000 -0.002099 0.002397 -0.000000 -0.000000 7.000000 0.033000
1024.000000 -0.002099 0.002397 -0.000000 -0.000000 7.000000 0.033000
1025.000000 -0.002099 0.002397 -0.000000 -0.000000 7.000000 0.033000
1026.000000 -0.002099 0.002397 -0.000000 -0.000000 7.000000 0.033000
1027.000000 -0.002099 0.002397 -0.000000 -0.000000 7.000000 0.033000
1028.000000 -0.002099 0.002397 -0.000000 -0.000000 7.000000 0.033000
1029.000000 -0.002099 0.002397 -0.000000 -0.000000 7.000000 0.033000
1030.000000 -0.002099 0.002397 -0.000000 -0.000000 7.000000 0.033000
1031.000000 -0.002099 0.002397 -0.000000 -0.000000 7.000000 0.033000
1032.000000 -0.002099 0.002397 -0.000000 -0.000000 7.000000 0.033000
1033.000000 -0.002099 0.002397 -0.000000 -0.000000 7.000000 0.033000
1034.000000 -0.002099 0.002397 -0.000000 -0.000000 7.000000 0.033000
1035.000000 -0.002099 0.002397 -0.000000 -0.000000 7.000000 0.033000
1036.000000 -0.002099 0.002397 -0.000000 -0.000000 7.000000 0.033000
1037.000000 -0.002099 0.002397 -0.000000 -0.000000 7.000000 0.033000
1038.000000 -0.002099 0.002397 -0.000000 -0.000000 7.000000 0.033000
1039.000000 -0.002099 0.002397 -0.000000 -0.000000 7.000000 0.033000
1040.000000 -0.002099 0.002397 -0.000000 -0.000000 7.000000 0.033000
1041.000000 -0.002099 0.002397 -0.000000 -0.000000 7.000000 0.033000
1042.000000 -0.002099 0.002397 -0.000000 -0.000000 7.000000 0.033000
1043.000000 -0.002099 0.002397 -0.000000 -0.000000 7.000000 0.033000
1044.000000 -0.002099 0.002397 -0.000000 -0.000000 7.000000 0.033000
1045.000000 -0.002099 0.002397 -0.000000 -0.000000 7.000000 0.033000
1046.000000 -0.002099 0.002397 -0.000000 -0.000000 7.000000 0.033000
1047.000000 -0.002099 0.002397 -0.000000 -0.000000 7.000000 0.033000
1048.000000 -0.002099 0.002397 -0.000000 -0.000000 7.000000 0.033000
1049.000000 -0.002099 0.002397 -0.000000 -0.000000 7.000000 0.033000
1050.000000 -0.002099 0.002397 -0.000000 -0.000000 7.000000 0.033000
1051.000000 -0.002099 0.002397 -0.000000 -0.000000 7.000000 0.033000
1052.000000 -0.002099 0.002397 -0.000000 -0.000000 7.000000 0.033000
1053.000000 -0.002099 0.002397 -0.000000 -0.000000 7.000000 0.033000
1054.000000 -0.002099 0.002397 -0.000000 -0.000000 7.000000 0.033000
1055.000000 -0.002099 0.002397 -0.000000 -0.000000 7.000000 0.033000
1056.000000 -0.002099 0.002397 -0.000000 -0.000000 7.000000 0.033000
1057.000000 -0.002099 0.002397 -0.000000 -0.000000 7.000000 0.033000
1058.000000 -0.002099 0.002397 -0.000000 -0.000000 7.000000 0.033000
1059.000000 -0.002099 0.002397 -0.000000 -0.000000 7.000000 0.033000
1060.000000 -0.002099 0.002397 -0.000000 -0.000000 7.000000 0.033000
1061.000000 -0.002099 0.002397 -0.000000 -0.000000 7.000000 0.033000
1062.000000 -0.002099 0.002397 -0.000000 -0.000000 7.000000 0.033000
1063.000000 -0.002099 0.002397 -0.000000 -0.000000 7.000000 0.033000
1064.000000 -0.002099 0.002397 -0.000000 -0.000000 7.000000 0.033000
1065.000000 -0.002099 0.002397 -0.000000 -0.000000 7.000000 0.033000
1066.000000 -0.002099 0.002397 -0.000000 -0.000000 7.000000 0.033000
1067.000000 -0.002099 0.002397 -0.000000 -0.000000 7.000000 0.033000
1068.000000 -0.002099 0.002397 -0.000000 -0.000000 7.000000 0.033000
1069.000000 -0.002099 0.002397 -0.000000 -0.000000 7.000000 0.033000
1070.000000 -0.002099 0.002397 -0.000000 -0.000000 7.000000 0.033000
1071.000000 -0.002099 0.002397 -0.000000 -0.000000 7.000000 0.033000
1072.000000 -0.002099 0.002397 -0.000000 -0.000000 7.000000 0.033000
1073.000000 -0.002099 0.002397 -0.000000 -0.000000 7.000000 0.033000
1074.000000 -0.002099 0.002397 -0.000000 -0.000000 7.000000 0.033000
1075.000000 -0.002099 0.002397 -0.000000 -0.000000 7.000000 0.033000
1076.000000 -0.002099 0.002397 -0.000000 -0.000000 7.000000 0.033000
1077.000000 -0.002099 0.002397 -0.000000 -0.000000 7.000000 0.033000
1078.000000 -0.002099 0.002397 -0.000000 -0.000000 7.000000 0.033000
1079.000000 -0.002099 0.002397 -0.000000 -0.000000 7.000000 0.033000
1080.000000 -0.002099 0.002397 -0.000000 -0.000000 7.000000 0.033000
1081.000000 -0.002099 0.002397 -0.000000 -0.000000 7.000000 0.033000
1082.000000 -0.002099 0.002397 -0.000000 -0.000000 7.000000 0.033000
1083.000000 -0.002099 0.002397 -0.000000 -0.000000 7.000000 0.033000
1084.000000 -0.002099 0.002397 -0.000000 -0.000000 7.000000 0.033000
1085.000000 -0.002099 0.002397 -0.000000 -0.000000 7.000000 0.033000
1086.000000 -0.002099 0.002397 -0.000000 -0.000000 7.000000 0.033000
1087.000000 -0.002099 0.002397 -0.000000 -0.000000 7.000000 0.033000
1088.000000 -0.002099 0.002397 -0.000000 -0.000000 7.000000 0.033000
1089.000000 -0.002099 0.002397 -0.000000 -0.000000 7.000000 0.033000
1090.000000 -0.002099 0.002397 -0.000000 -0.000000 7.000000 0.033000
1091.000000 -0.002085 0.002433 0.000645 0.001799 7.000000 0.033000
1092.000000 -0.002072 0.002470 0.001618 0.004514 7.000000 0.033000
1093.000000 -0.002072 0.002470 0.001470 0.004098 7.000000 0.033000
1094.000000 -0.002085 0.002433 0.000104 0.000289 7.000000 0.033000
1095.000000 -0.002085 0.002433 -0.000592 -0.001651 7.000000 0.033000
1096.000000 -0.002085 0.002433 -0.000302 -0.000841 7.000000 0.033000
1097.000000 -0.002072 0.002470 0.000491 0.001370 7.000000 0.033000
1098.000000 -0.002072 0.002470 0.000895 0.002497 7.000000 0.033000
1099.000000 -0.002033 0.002433 0.002386 -0.000536 7.000000 0.033000
1100.000000 -0.002033 0.002433 0.003145 -0.002081 7.000000 0.033000
1101.000000 -0.002033 0.002433 0.001602 -0.001060 7.000000 0.033000
1102.000000 -0.001994 0.002396 0.002746 -0.002348 7.000000 0.033000
1103.000000 -0.002020 0.002470 0.002044 0.000602 7.000000 0.033000
1104.000000 -0.002020 0.002470 -0.000243 0.003914 7.000000 0.033000
1105.000000 -0.001980 0.002433 0.001806 0.000186 7.000000 0.033000
1106.000000 -0.001980 0.002433 0.002850 -0.001713 7.000000 0.033000
1107.000000 -0.001980 0.002433 0.001452 -0.000873 7.000000 0.033000
1108.000000 -0.001967 0.002470 0.001384 0.001354 7.000000 0.033000
1109.000000 -0.001928 0.002433 0.003280 0.000681 7.000000 0.033000
1110.000000 -0.001915 0.002469 0.004245 0.000338 7.000000 0.033000
1111.000000 -0.001915 0.002469 0.002807 0.001971 7.000000 0.033000
1112.000000 -0.001928 0.002433 0.000786 -0.000795 7.000000 0.033000
1113.000000 -0.001928 0.002433 -0.000244 -0.002204 7.000000 0.033000
1114.000000 -0.001915 0.002469 0.000520 0.000676 7.000000 0.033000
1115.000000 -0.001915 0.002469 0.000909 0.002143 7.000000 0.033000
1116.000000 -0.001915 0.002469 0.000463 0.001092 7.000000 0.033000
1117.000000 -0.001875 0.002433 0.002166 -0.001251 7.000000 0.033000
1118.000000 -0.001875 0.002433 0.003034 -0.002445 7.000000 0.033000
1119.000000 -0.001849 0.002506 0.002834 0.002352 7.000000 0.033000
1120.000000 -0.001810 0.002469 0.004662 0.002989 7.000000 0.033000
1121.000000 -0.001862 0.002469 0.001731 -0.000276 7.000000 0.033000
1122.000000 -0.001862 0.002469 -0.001692 -0.000132 7.000000 0.033000
1123.000000 -0.001823 0.002432 0.001068 -0.001875 7.000000 0.033000
1124.000000 -0.001810 0.002469 0.003118 -0.000964 7.000000 0.033000
1125.000000 -0.001810 0.002469 0.002233 0.001308 7.000000 0.033000
1126.000000 -0.001810 0.002469 0.001138 0.000666 7.000000 0.033000
1127.000000 -0.001770 0.002432 0.002510 -0.001468 7.000000 0.033000
1128.000000 -0.001770 0.002432 0.003209 -0.002555 7.000000 0.033000
1129.000000 -0.001744 0.002506 0.002923 0.002296 7.000000 0.033000
1130.000000 -0.001757 0.002469 0.002133 0.002969 7.000000 0.033000
1131.000000 -0.001757 0.002469 0.000443 -0.000286 7.000000 0.033000
1132.000000 -0.001757 0.002469 0.000226 -0.000146 7.000000 0.033000
1133.000000 -0.001718 0.002432 0.002046 -0.001881 7.000000 0.033000
1134.000000 -0.001705 0.002469 0.003617 -0.000967 7.000000 0.033000
1135.000000 -0.001705 0.002469 0.002486 0.001307 7.000000 0.033000
1136.000000 -0.001665 0.002432 0.003198 -0.001141 7.000000 0.033000
1137.000000 -0.001665 0.002432 0.003560 -0.002388 7.000000 0.033000
1138.000000 -0.001639 0.002505 0.003100 0.002382 7.000000 0.033000
1139.000000 -0.001652 0.002469 0.002223 0.003012 7.000000 0.033000
1140.000000 -0.001652 0.002469 0.000489 -0.000264 7.000000 0.033000
1141.000000 -0.001652 0.002469 0.000249 -0.000135 7.000000 0.033000
1142.000000 -0.001600 0.002468 0.002701 -0.000076 7.000000 0.033000
1143.000000 -0.001600 0.002468 0.003951 -0.000046 7.000000 0.033000
1144.000000 -0.001600 0.002468 0.002013 -0.000024 7.000000 0.033000
1145.000000 -0.001560 0.002432 0.002957 -0.001818 7.000000 0.033000
1146.000000 -0.001495 0.002468 0.006655 -0.000940 7.000000 0.033000
1147.000000 -0.001495 0.002468 0.006608 0.001313 7.000000 0.033000
1148.000000 -0.001547 0.002468 0.000793 0.000676 7.000000 0.033000
1149.000000 -0.001495 0.002468 0.000404 0.000344 7.000000 0.033000
1150.000000 -0.001495 0.002468 0.002780 0.000168 7.000000 0.033000
1151.000000 -0.001495 0.002468 0.001416 0.000086 7.000000 0.033000
1152.000000 -0.001442 0.002468 0.003296 0.000037 7.000000 0.033000
1153.000000 -0.001442 0.002468 0.004254 0.000012 7.000000 0.033000
1154.000000 -0.001403 0.002431 0.004099 -0.001800 7.000000 0.033000
1155.000000 -0.001337 0.002468 0.007237 -0.000929 7.000000 0.033000
1156.000000 -0.001337 0.002468 0.006904 0.001320 7.000000 0.033000
1157.000000 -0.001390 0.002468 0.000943 0.000679 7.000000 0.033000
1158.000000 -0.001337 0.002468 0.000481 0.000346 7.000000 0.033000
1159.000000 -0.001337 0.002468 0.002819 0.000170 7.000000 0.033000
1160.000000 -0.001298 0.002431 0.003368 -0.001719 7.000000 0.033000
1161.000000 -0.001285 0.002468 0.004290 -0.000882 7.000000 0.033000
1162.000000 -0.001285 0.002468 0.002828 0.001350 7.000000 0.033000
1163.000000 -0.001206 0.002394 0.005306 -0.002922 7.000000 0.033000
1164.000000 -0.001180 0.002467 0.007852 -0.001500 7.000000 0.033000
1165.000000 -0.001140 0.002431 0.007217 0.001030 7.000000 0.033000
1166.000000 -0.001193 0.002431 0.003035 -0.001275 7.000000 0.033000
1167.000000 -0.001180 0.002467 -0.000386 0.001156 7.000000 0.033000
1168.000000 -0.001140 0.002431 0.002378 0.000583 7.000000 0.033000
1169.000000 -0.001127 0.002467 0.003786 0.000292 7.000000 0.033000
1170.000000 -0.001088 0.002430 0.004503 0.000144 7.000000 0.033000
1171.000000 -0.001088 0.002430 0.004227 -0.001732 7.000000 0.033000
1172.000000 -0.000996 0.002394 0.006662 -0.002691 7.000000 0.033000
1173.000000 -0.000983 0.002430 0.008543 -0.001380 7.000000 0.033000
1174.000000 -0.000970 0.002467 0.005635 0.002897 7.000000 0.033000
1175.000000 -0.000983 0.002430 0.002871 0.001476 7.000000 0.033000
1176.000000 -0.000970 0.002467 0.001463 0.000752 7.000000 0.033000
1177.000000 -0.000930 0.002430 0.003320 0.000379 7.000000 0.033000
1178.000000 -0.000917 0.002467 0.004266 0.000189 7.000000 0.033000
1179.000000 -0.000878 0.002430 0.004748 0.000092 7.000000 0.033000
1180.000000 -0.000825 0.002430 0.006927 -0.001761 7.000000 0.033000
1181.000000 -0.000786 0.002393 0.008038 -0.002704 7.000000 0.033000
1182.000000 -0.000720 0.002430 0.009244 -0.001384 7.000000 0.033000
1183.000000 -0.000720 0.002430 0.007925 0.001092 7.000000 0.033000
1184.000000 -0.000720 0.002430 0.004038 0.000556 7.000000 0.033000
1185.000000 -0.000720 0.002430 0.002057 0.000283 7.000000 0.033000
1186.000000 -0.000668 0.002430 0.003623 0.000141 7.000000 0.033000
1187.000000 -0.000668 0.002430 0.004420 0.000069 7.000000 0.033000
1188.000000 -0.000615 0.002430 0.004827 0.000032 7.000000 0.033000
1189.000000 -0.000563 0.002430 0.007608 0.000011 7.000000 0.033000
1190.000000 -0.000523 0.002393 0.008386 -0.001799 7.000000 0.033000
1191.000000 -0.000458 0.002430 0.009421 -0.000920 7.000000 0.033000
1192.000000 -0.000405 0.002429 0.010589 0.001328 7.000000 0.033000
1193.000000 -0.000458 0.002430 0.005395 0.000676 13.000000 0.033000
1194.000000 -0.000405 0.002429 0.002749 0.000345 13.000000 0.033000
1195.000000 -0.000392 0.002466 0.004614 0.001974 13.000000 0.033000
1196.000000 -0.000353 0.002429 0.004926 0.001004 13.000000 0.033000
1197.000000 -0.000300 0.002429 0.007019 -0.001291 13.000000 0.033000
1198.000000 -0.000248 0.002429 0.008725 -0.000660 13.000000 0.033000
1199.000000 -0.000195 0.002429 0.009595 -0.000338 13.000000 0.033000
1200.000000 -0.000143 0.002429 0.010037 -0.000173 13.000000 0.033000
1201.000000 -0.000090 0.002429 0.010263 -0.000088 13.000000 0.033000
1202.000000 -0.000090 0.002429 0.007804 -0.000045 13.000000 0.033000
1203.000000 -0.000077 0.002466 0.004614 0.001778 13.000000 0.033000
1204.000000 -0.000025 0.002466 0.005563 0.002707 13.000000 0.033000
1205.000000 0.000028 0.002466 0.007983 0.001380 13.000000 0.033000
1206.000000 0.000067 0.002429 0.008579 -0.001097 13.000000 0.033000
1207.000000 0.000120 0.002429 0.008882 -0.002359 13.000000 0.033000
1208.000000 0.000212 0.002393 0.011612 -0.002999 13.000000 0.033000
1209.000000 0.000238 0.002466 0.011702 0.000276 13.000000 0.033000
1210.000000 0.000290 0.002466 0.009811 0.003745 13.000000 0.033000
1211.000000 0.000290 0.002466 0.007573 0.001910 13.000000 0.033000
1212.000000 0.000343 0.002466 0.006433 0.000975 13.000000 0.033000
1213.000000 0.000395 0.002466 0.008426 0.000501 13.000000 0.033000
1214.000000 0.000435 0.002430 0.008805 -0.001542 13.000000 0.033000
1215.000000 0.000487 0.002430 0.008999 -0.002582 13.000000 0.033000
1216.000000 0.000540 0.002430 0.009734 -0.001310 13.000000 0.033000
1217.000000 0.000632 0.002393 0.012048 -0.002459 13.000000 0.033000
1218.000000 0.000737 0.002393 0.015801 -0.003040 13.000000 0.033000
1219.000000 0.000789 0.002393 0.015775 -0.001537 13.000000 0.033000
1220.000000 0.000789 0.002393 0.010612 -0.000779 13.000000 0.033000
1221.000000 0.000842 0.002393 0.007981 -0.000393 13.000000 0.033000
1222.000000 0.000894 0.002393 0.009216 -0.000191 13.000000 0.033000
1223.000000 0.000960 0.002430 0.010479 0.001714 13.000000 0.033000
1224.000000 0.001012 0.002430 0.011123 0.002686 13.000000 0.033000
1225.000000 0.001104 0.002394 0.012757 -0.000417 13.000000 0.033000
1226.000000 0.001196 0.002357 0.015530 -0.003794 13.000000 0.033000
1227.000000 0.001274 0.002431 0.016269 -0.000111 13.000000 0.033000
1228.000000 0.001327 0.002431 0.014706 0.003562 13.000000 0.033000
1229.000000 0.001367 0.002394 0.012009 0.000025 13.000000 0.033000
1230.000000 0.001432 0.002431 0.011267 0.000027 13.000000 0.033000
1231.000000 0.001484 0.002431 0.011523 0.001831 13.000000 0.033000
1232.000000 0.001577 0.002395 0.012962 -0.000847 13.000000 0.033000
1233.000000 0.001642 0.002432 0.014327 -0.000407 13.000000 0.033000
1234.000000 0.001734 0.002395 0.015024 -0.000182 13.000000 0.033000
1235.000000 0.001839 0.002396 0.017321 -0.001860 13.000000 0.033000
1236.000000 0.001944 0.002396 0.019124 -0.000909 13.000000 0.033000
1237.000000 0.002009 0.002433 0.018098 0.001370 13.000000 0.033000
1238.000000 0.002049 0.002396 0.014371 0.000718 13.000000 0.033000
1239.000000 0.002154 0.002397 0.014414 -0.001406 13.000000 0.033000
1240.000000 0.002207 0.002397 0.015068 -0.000685 13.000000 0.033000
1241.000000 0.002312 0.002397 0.015401 -0.000315 13.000000 0.033000
1242.000000 0.002404 0.002361 0.017516 -0.001917 13.000000 0.033000
1243.000000 0.002509 0.002362 0.018594 -0.002732 13.000000 0.033000
1244.000000 0.002614 0.002362 0.019773 -0.001341 13.000000 0.033000
1245.000000 0.002719 0.002363 0.020374 -0.000630 13.000000 0.033000
1246.000000 0.002824 0.002363 0.020680 -0.000266 13.000000 0.033000
1247.000000 0.002876 0.002363 0.018261 -0.000094 13.000000 0.033000
1248.000000 0.002981 0.002364 0.017028 -0.000004 13.000000 0.033000
1249.000000 0.003086 0.002365 0.018975 0.000058 13.000000 0.033000
1250.000000 0.003191 0.002365 0.019967 0.000091 13.000000 0.033000
1251.000000 0.003257 0.002402 0.018524 0.001898 13.000000 0.033000
1252.000000 0.003362 0.002403 0.017789 0.002821 13.000000 0.033000
1253.000000 0.003506 0.002367 0.021311 -0.000283 13.000000 0.033000
1254.000000 0.003624 0.002405 0.023730 -0.000057 13.000000 0.033000
1255.000000 0.003769 0.002369 0.024965 0.000063 13.000000 0.033000
1256.000000 0.003821 0.002369 0.022393 -0.001700 13.000000 0.033000
1257.000000 0.003926 0.002370 0.019134 -0.000809 13.000000 0.033000
1258.000000 0.004031 0.002371 0.020048 -0.000334 13.000000 0.033000
1259.000000 0.004149 0.002408 0.021137 0.001716 13.000000 0.033000
1260.000000 0.004294 0.002373 0.023643 0.000978 13.000000 0.033000
1261.000000 0.004399 0.002374 0.024296 -0.001202 13.000000 0.033000
1262.000000 0.004544 0.002338 0.024631 -0.002308 13.000000 0.033000
1263.000000 0.004674 0.002413 0.026044 0.000743 13.000000 0.033000
1264.000000 0.004819 0.002377 0.026766 0.002302 13.000000 0.033000
1265.000000 0.004884 0.002414 0.023935 0.001266 13.000000 0.033000
1266.000000 0.004989 0.002415 0.020540 0.002525 13.000000 0.033000
1267.000000 0.005147 0.002417 0.023338 0.001410 13.000000 0.033000
1268.000000 0.005291 0.002381 0.026718 -0.000936 13.000000 0.033000
1269.000000 0.005409 0.002419 0.026485 -0.000347 13.000000 0.033000
1270.000000 0.005554 0.002384 0.026368 -0.000043 13.000000 0.033000
1271.000000 0.005751 0.002349 0.030220 -0.003443 13.000000 0.033000
1272.000000 0.005869 0.002387 0.030845 -0.001585 13.000000 0.033000
1273.000000 0.006026 0.002389 0.029208 0.001146 13.000000 0.033000
1274.000000 0.006131 0.002390 0.027755 0.000731 13.000000 0.033000
1275.000000 0.006289 0.002392 0.027014 0.000524 13.000000 0.033000
1276.000000 0.006394 0.002393 0.026637 0.000420 13.000000 0.033000
1277.000000 0.006564 0.002432 0.027060 0.002181 13.000000 0.033000
1278.000000 0.006709 0.002397 0.029235 0.001304 13.000000 0.033000
1279.000000 0.006866 0.002399 0.029727 -0.000946 13.000000 0.033000
1280.000000 0.007064 0.002365 0.032555 -0.002053 13.000000 0.033000
1281.000000 0.007234 0.002404 0.034608 -0.000803 13.000000 0.033000
1282.000000 0.007391 0.002406 0.033695 0.001614 13.000000 0.033000
1283.000000 0.007496 0.002407 0.030040 0.001002 13.000000 0.033000
1284.000000 0.007654 0.002409 0.028178 0.000695 13.000000 0.033000
1285.000000 0.007811 0.002412 0.029804 0.000578 13.000000 0.033000
1286.000000 0.007969 0.002414 0.030632 0.000524 13.000000 0.033000
1287.000000 0.008126 0.002416 0.031054 0.000501 13.000000 0.033000
1288.000000 0.008296 0.002455 0.031878 0.002304 13.000000 0.033000
1289.000000 0.008494 0.002422 0.034264 0.001460 13.000000 0.033000
1290.000000 0.008664 0.002461 0.035477 0.001034 13.000000 0.033000
1291.000000 0.008821 0.002464 0.034130 0.002592 13.000000 0.033000
1292.000000 0.008966 0.002429 0.032228 -0.000233 13.000000 0.033000
1293.000000 0.009124 0.002432 0.031259 -0.001668 13.000000 0.033000
1294.000000 0.009334 0.002435 0.033948 -0.000536 13.000000 0.033000
1295.000000 0.009491 0.002438 0.035318 0.000044 13.000000 0.033000
1296.000000 0.009661 0.002478 0.034045 0.002112 13.000000 0.033000
1297.000000 0.009859 0.002445 0.035368 0.001407 13.000000 0.033000
1298.000000 0.010081 0.002485 0.038612 0.001103 13.000000 0.033000
1299.000000 0.010239 0.002488 0.038297 0.002717 13.000000 0.033000
1300.000000 0.010436 0.002455 0.036930 -0.000078 13.000000 0.033000
1301.000000 0.010554 0.002494 0.034259 0.000262 13.000000 0.033000
1302.000000 0.010751 0.002461 0.032902 0.000443 13.000000 0.033000
1303.000000 0.010961 0.002466 0.036756 -0.001169 13.000000 0.033000
1304.000000 0.011119 0.002469 0.036747 -0.000224 13.000000 0.033000
1305.000000 0.011329 0.002473 0.036743 0.000266 13.000000 0.033000
1306.000000 0.011498 0.002513 0.037338 0.002334 13.000000 0.033000
1307.000000 0.011696 0.002481 0.037044 0.001581 13.000000 0.033000
1308.000000 0.011918 0.002522 0.039465 0.001261 13.000000 0.033000
1309.000000 0.012116 0.002490 0.040702 0.001106 13.000000 0.033000
1310.000000 0.012274 0.002493 0.038159 -0.000842 13.000000 0.033000
1311.000000 0.012471 0.002461 0.036866 -0.001826 13.000000 0.033000
1312.000000 0.012641 0.002502 0.036801 -0.000509 13.000000 0.033000
1313.000000 0.012851 0.002507 0.037365 0.001986 13.000000 0.033000
1314.000000 0.013061 0.002512 0.039630 0.001511 13.000000 0.033000
1315.000000 0.013271 0.002517 0.040784 0.001277 13.000000 0.033000
1316.000000 0.013493 0.002559 0.041963 0.002982 13.000000 0.033000
1317.000000 0.013703 0.002564 0.042563 0.003860 13.000000 0.033000
1318.000000 0.013913 0.002569 0.042276 0.002498 13.000000 0.033000
1319.000000 0.014058 0.002536 0.038966 -0.000076 13.000000 0.033000
1320.000000 0.014268 0.002542 0.037280 -0.001378 13.000000 0.033000
1321.000000 0.014478 0.002547 0.039586 -0.000150 13.000000 0.033000
1322.000000 0.014688 0.002553 0.040760 0.000484 13.000000 0.033000
1323.000000 0.014898 0.002559 0.041358 0.000815 13.000000 0.033000
1324.000000 0.015067 0.002600 0.039675 0.002735 13.000000 0.033000
1325.000000 0.015330 0.002607 0.041391 0.003798 13.000000 0.033000
1326.000000 0.015540 0.002613 0.044250 0.002601 13.000000 0.033000
1327.000000 0.015790 0.002584 0.045124 0.000185 13.000000 0.033000
1328.000000 0.015948 0.002588 0.042995 -0.001118 13.000000 0.033000
1329.000000 0.016158 0.002594 0.039922 -0.000029 13.000000 0.033000
1330.000000 0.016368 0.002601 0.040930 0.000608 13.000000 0.033000
1331.000000 0.016589 0.002644 0.042024 0.002762 13.000000 0.033000
1332.000000 0.016799 0.002650 0.042581 0.003867 13.000000 0.033000
1333.000000 0.017050 0.002621 0.044276 0.000882 13.000000 0.033000
1334.000000 0.017312 0.002630 0.047712 -0.000546 13.000000 0.033000
1335.000000 0.017522 0.002636 0.047471 0.000472 13.000000 0.033000
1336.000000 0.017732 0.002643 0.044774 0.000917 13.000000 0.033000
1337.000000 0.017889 0.002648 0.040827 0.001063 13.000000 0.033000
1338.000000 0.018099 0.002655 0.038815 0.001145 13.000000 0.033000
1339.000000 0.018321 0.002699 0.040938 0.003102 13.000000 0.033000
1340.000000 0.018531 0.002706 0.042020 0.004107 13.000000 0.033000
1341.000000 0.018793 0.002715 0.044566 0.002898 13.000000 0.033000
1342.000000 0.019003 0.002722 0.045864 0.002289 13.000000 0.033000
1343.000000 0.019306 0.002696 0.048526 0.000265 13.000000 0.033000
1344.000000 0.019516 0.002704 0.049882 -0.000761 13.000000 0.033000
1345.000000 0.019726 0.002711 0.046000 0.000364 13.000000 0.033000
1346.000000 0.019936 0.002719 0.044022 0.000944 13.000000 0.033000
1347.000000 0.020157 0.002764 0.043583 0.003072 13.000000 0.033000
1348.000000 0.020367 0.002772 0.043359 0.004163 13.000000 0.033000
1349.000000 0.020618 0.002744 0.044679 0.001180 13.000000 0.033000
1350.000000 0.020839 0.002789 0.045917 0.001492 13.000000 0.033000
1351.000000 0.021090 0.002762 0.046552 0.001663 13.000000 0.033000
1352.000000 0.021353 0.002772 0.048879 0.000038 13.000000 0.033000
1353.000000 0.021574 0.002818 0.048623 0.002767 13.000000 0.033000
1354.000000 0.021784 0.002826 0.045920 0.004064 13.000000 0.033000
1355.000000 0.021994 0.002834 0.043976 0.002907 13.000000 0.033000
1356.000000 0.022244 0.002808 0.044996 0.000607 13.000000 0.033000
1357.000000 0.022454 0.002816 0.045515 -0.000557 13.000000 0.033000
1358.000000 0.022717 0.002827 0.046344 0.000688 13.000000 0.033000
1359.000000 0.022967 0.002801 0.048778 -0.000385 13.000000 0.033000
1360.000000 0.023189 0.002847 0.048004 0.000795 13.000000 0.033000
1361.000000 0.023462 0.002895 0.048728 0.005064 13.000000 0.033000
1362.000000 0.023725 0.002907 0.051108 0.005534 13.000000 0.033000
1363.000000 0.023934 0.002916 0.049188 0.003842 13.000000 0.033000
1364.000000 0.024133 0.002888 0.045082 0.001047 13.000000 0.033000
1365.000000 0.024395 0.002900 0.045562 -0.000251 13.000000 0.033000
1366.000000 0.024605 0.002909 0.046364 0.000922 13.000000 0.033000
1367.000000 0.024826 0.002956 0.044753 0.003241 13.000000 0.033000
1368.000000 0.025088 0.002968 0.046504 0.004552 13.000000 0.033000
1369.000000 0.025298 0.002977 0.046840 0.003399 13.000000 0.033000
1370.000000 0.025601 0.002955 0.049032 0.001120 13.000000 0.033000
1371.000000 0.025864 0.002967 0.052720 0.000091 13.000000 0.033000
1372.000000 0.026074 0.002977 0.050008 0.001160 13.000000 0.033000
1373.000000 0.026283 0.002987 0.046054 0.001589 13.000000 0.033000
1374.000000 0.026545 0.003000 0.046610 0.001944 13.000000 0.033000
1375.000000 0.026766 0.003047 0.047440 0.003963 13.000000 0.033000
1376.000000 0.027017 0.003023 0.047317 0.003173 13.000000 0.033000
1377.000000 0.027238 0.003070 0.047249 0.002779 13.000000 0.033000
1378.000000 0.027489 0.003046 0.047218 0.002590 13.000000 0.033000
1379.000000 0.027752 0.003059 0.049226 0.000805 13.000000 0.033000
1380.000000 0.028014 0.003073 0.050795 0.001739 13.000000 0.033000
1381.000000 0.028235 0.003121 0.049564 0.003923 13.000000 0.033000
1382.000000 0.028433 0.003095 0.045825 0.003077 13.000000 0.033000
1383.000000 0.028654 0.003143 0.043914 0.002655 13.000000 0.033000
1384.000000 0.028905 0.003119 0.045517 0.002586 13.000000 0.033000
1385.000000 0.029167 0.003133 0.048360 0.000868 13.000000 0.033000
1386.000000 0.029377 0.003144 0.047779 0.001695 13.000000 0.033000
1387.000000 0.029639 0.003159 0.047483 0.002129 13.000000 0.033000
1388.000000 0.029901 0.003173 0.049902 0.002502 13.000000 0.033000
1389.000000 0.030163 0.003187 0.051134 0.002705 13.000000 0.033000
1390.000000 0.030384 0.003236 0.049724 0.004508 13.000000 0.033000
1391.000000 0.030583 0.003210 0.045902 0.003456 13.000000 0.033000
1392.000000 0.030793 0.003222 0.043416 0.001094 13.000000 0.033000
1393.000000 0.031055 0.003237 0.045256 0.001882 13.000000 0.033000
1394.000000 0.031264 0.003249 0.046193 0.002291 13.000000 0.033000
1395.000000 0.031485 0.003298 0.044631 0.004196 13.000000 0.033000
1396.000000 0.031736 0.003276 0.045874 0.003491 13.000000 0.033000
1397.000000 0.031998 0.003291 0.048544 0.001459 13.000000 0.033000
1398.000000 0.032219 0.003341 0.048394 0.003952 13.000000 0.033000
1399.000000 0.032470 0.003319 0.047790 0.003399 13.000000 0.033000
1400.000000 0.032669 0.003294 0.046424 -0.000549 13.000000 0.033000
1401.000000 0.032878 0.003307 0.043687 -0.000870 13.000000 0.033000
1402.000000 0.033099 0.003357 0.043347 0.002647 13.000000 0.033000
1403.000000 0.033350 0.003336 0.045218 0.002770 13.000000 0.033000
1404.000000 0.033570 0.003386 0.046166 0.002841 13.000000 0.033000
1405.000000 0.033780 0.003399 0.044607 0.004564 13.000000 0.033000
1406.000000 0.034042 0.003415 0.045855 0.003777 13.000000 0.033000
1407.000000 0.034293 0.003394 0.048539 0.001710 13.000000 0.033000
1408.000000 0.034514 0.003445 0.047856 0.002342 13.000000 0.033000
1409.000000 0.034671 0.003454 0.042893 0.004179 13.000000 0.033000
1410.000000 0.034881 0.003468 0.039840 0.003285 13.000000 0.033000
1411.000000 0.035090 0.003481 0.040854 0.003002 13.000000 0.033000
1412.000000 0.035310 0.003532 0.041889 0.004704 13.000000 0.033000
1413.000000 0.035520 0.003546 0.042415 0.005580 13.000000 0.033000
1414.000000 0.035771 0.003525 0.044215 0.002528 13.000000 0.033000
1415.000000 0.036023 0.003505 0.047185 -0.000686 13.000000 0.033000
1416.000000 0.036232 0.003519 0.046647 -0.000646 13.000000 0.033000
1417.000000 0.036442 0.003533 0.044321 0.001050 13.000000 0.033000
1418.000000 0.036599 0.003543 0.040566 0.001746 13.000000 0.033000
1419.000000 0.036819 0.003595 0.039166 0.003950 13.000000 0.033000
1420.000000 0.037029 0.003609 0.041021 0.005253 13.000000 0.033000
1421.000000 0.037238 0.003623 0.041450 0.004085 13.000000 0.033000
1422.000000 0.037448 0.003638 0.041668 0.003498 13.000000 0.033000
1423.000000 0.037657 0.003652 0.041779 0.003207 13.000000 0.033000
1424.000000 0.037909 0.003633 0.043894 0.001407 13.000000 0.033000
1425.000000 0.038118 0.003647 0.044971 0.000497 13.000000 0.033000
1426.000000 0.038286 0.003696 0.041402 0.003362 13.000000 0.033000
1427.000000 0.038443 0.003707 0.037015 0.004645 13.000000 0.033000
1428.000000 0.038652 0.003722 0.036837 0.003646 13.000000 0.033000
1429.000000 0.038862 0.003736 0.039315 0.003326 13.000000 0.033000
1430.000000 0.039061 0.003714 0.040071 0.001329 13.000000 0.033000
1431.000000 0.039270 0.003729 0.040455 0.000320 13.000000 0.033000
1432.000000 0.039480 0.003744 0.041158 0.001656 13.000000 0.033000
1433.000000 0.039689 0.003759 0.041516 0.002345 13.000000 0.033000
1434.000000 0.039899 0.003774 0.041697 0.002703 13.000000 0.033000
1435.000000 0.040108 0.003790 0.041789 0.002894 13.000000 0.033000
1436.000000 0.040223 0.003835 0.037201 0.004457 13.000000 0.033000
1437.000000 0.040423 0.003813 0.034363 0.003418 13.000000 0.033000
1438.000000 0.040632 0.003828 0.037547 0.001433 13.000000 0.033000
1439.000000 0.040789 0.003840 0.037105 0.002078 13.000000 0.033000
1440.000000 0.040999 0.003856 0.036879 0.002415 13.000000 0.033000
1441.000000 0.041156 0.003868 0.036764 0.002591 13.000000 0.033000
1442.000000 0.041417 0.003887 0.039271 0.002887 13.000000 0.033000
1443.000000 0.041574 0.003899 0.040549 0.003040 13.000000 0.033000
1444.000000 0.041742 0.003949 0.036561 0.004577 13.000000 0.033000
1445.000000 0.041889 0.003923 0.034033 0.003519 13.000000 0.033000
1446.000000 0.042056 0.003973 0.032742 0.002985 13.000000 0.033000
1447.000000 0.042255 0.003952 0.034654 0.002917 13.000000 0.033000
1448.000000 0.042412 0.003964 0.035129 0.001042 13.000000 0.033000
1449.000000 0.042622 0.003980 0.035869 0.001941 13.000000 0.033000
1450.000000 0.042779 0.003992 0.036245 0.002402 13.000000 0.033000
1451.000000 0.043030 0.003975 0.038510 0.001005 13.000000 0.033000
1452.000000 0.043187 0.003988 0.039663 0.000297 13.000000 0.033000
1453.000000 0.043354 0.004038 0.036103 0.003226 13.000000 0.033000
1454.000000 0.043501 0.004013 0.033797 0.002876 13.000000 0.033000
1455.000000 0.043668 0.004063 0.032619 0.002702 13.000000 0.033000
1456.000000 0.043825 0.004075 0.032512 0.004464 13.000000 0.033000
1457.000000 0.043982 0.004088 0.031964 0.003520 13.000000 0.033000
1458.000000 0.044192 0.004105 0.034251 0.003254 13.000000 0.033000
1459.000000 0.044349 0.004118 0.035416 0.003123 13.000000 0.033000
1460.000000 0.044548 0.004097 0.035522 0.001217 13.000000 0.033000
1461.000000 0.044705 0.004110 0.035575 0.000250 13.000000 0.033000
1462.000000 0.044872 0.004160 0.034011 0.003246 13.000000 0.033000
1463.000000 0.044977 0.004169 0.030648 0.004562 13.000000 0.033000
1464.000000 0.045134 0.004182 0.028446 0.003390 13.000000 0.033000
1465.000000 0.045291 0.004195 0.029890 0.003009 13.000000 0.033000
1466.000000 0.045448 0.004208 0.030625 0.002819 13.000000 0.033000
1467.000000 0.045647 0.004188 0.033081 0.001097 13.000000 0.033000
1468.000000 0.045804 0.004201 0.034332 0.000223 13.000000 0.033000
1469.000000 0.046013 0.004219 0.035455 0.001635 13.000000 0.033000
1470.000000 0.046170 0.004232 0.036026 0.002358 13.000000 0.033000
1471.000000 0.046370 0.004212 0.035835 0.000886 13.000000 0.033000
1472.000000 0.046475 0.004221 0.033170 -0.000083 13.000000 0.033000
1473.000000 0.046632 0.004234 0.029730 0.001059 13.000000 0.033000
1474.000000 0.046788 0.004248 0.030543 0.001864 13.000000 0.033000
1475.000000 0.046945 0.004261 0.030957 0.002278 13.000000 0.033000
1476.000000 0.047102 0.004275 0.031167 0.002494 13.000000 0.033000
1477.000000 0.047269 0.004326 0.031752 0.004458 13.000000 0.033000
1478.000000 0.047469 0.004306 0.034138 0.003840 13.000000 0.033000
1479.000000 0.047626 0.004320 0.034872 0.001679 13.000000 0.033000
1480.000000 0.047783 0.004334 0.033160 0.002209 13.000000 0.033000
1481.000000 0.047930 0.004310 0.031811 0.000632 13.000000 0.033000
1482.000000 0.048087 0.004324 0.031122 -0.000167 13.000000 0.033000
1483.000000 0.048244 0.004338 0.031250 0.001281 13.000000 0.033000
1484.000000 0.048401 0.004351 0.031314 0.002022 13.000000 0.033000
1485.000000 0.048558 0.004365 0.031347 0.002405 13.000000 0.033000
1486.000000 0.048714 0.004379 0.031363 0.002604 13.000000 0.033000
1487.000000 0.048924 0.004398 0.033935 0.002943 13.000000 0.033000
1488.000000 0.049123 0.004379 0.037338 0.001503 13.000000 0.033000
1489.000000 0.049280 0.004393 0.036506 0.000542 13.000000 0.033000
1490.000000 0.049385 0.004403 0.031426 0.001441 13.000000 0.033000
1491.000000 0.049584 0.004384 0.030930 0.000288 13.000000 0.033000
1492.000000 0.049741 0.004398 0.033242 -0.000063 13.000000 0.033000
1493.000000 0.049898 0.004413 0.032328 0.001380 13.000000 0.033000
1494.000000 0.050055 0.004427 0.031861 0.002120 13.000000 0.033000
1495.000000 0.050255 0.004408 0.033719 0.000888 13.000000 0.033000
1496.000000 0.050464 0.004428 0.037229 0.000506 13.000000 0.033000
1497.000000 0.050621 0.004442 0.036923 0.001929 13.000000 0.033000
1498.000000 0.050821 0.004424 0.036299 0.000810 13.000000 0.033000
1499.000000 0.050935 0.004472 0.033883 0.001854 13.000000 0.033000
1500.000000 0.051092 0.004486 0.030556 0.004003 13.000000 0.033000
1501.000000 0.051291 0.004468 0.033055 0.001881 13.000000 0.033000
1502.000000 0.051448 0.004483 0.034327 0.000804 13.000000 0.033000
1503.000000 0.051605 0.004498 0.032878 0.001870 13.000000 0.033000
1504.000000 0.051805 0.004480 0.034239 0.000811 13.000000 0.033000
1505.000000 0.052014 0.004500 0.037497 0.000523 13.000000 0.033000
1506.000000 0.052214 0.004482 0.039159 0.000384 13.000000 0.033000
1507.000000 0.052413 0.004464 0.039542 -0.001532 13.000000 0.033000
1508.000000 0.052570 0.004479 0.037637 -0.000898 13.000000 0.033000
1509.000000 0.052727 0.004494 0.034565 0.001035 13.000000 0.033000
1510.000000 0.052927 0.004477 0.035102 0.000422 13.000000 0.033000
1511.000000 0.053127 0.004459 0.037480 -0.001488 13.000000 0.033000
1512.000000 0.053284 0.004475 0.036588 -0.000853 13.000000 0.033000
1513.000000 0.053493 0.004495 0.036595 0.001333 13.000000 0.033000
1514.000000 0.053745 0.004483 0.041269 0.001108 13.000000 0.033000
1515.000000 0.053945 0.004466 0.043191 -0.000854 13.000000 0.033000
1516.000000 0.054111 0.004519 0.039957 0.001352 13.000000 0.033000
1517.000000 0.054259 0.004497 0.035748 0.002225 13.000000 0.033000
1518.000000 0.054468 0.004518 0.035707 0.001078 13.000000 0.033000
1519.000000 0.054668 0.004501 0.038254 0.000757 13.000000 0.033000
1520.000000 0.054834 0.004554 0.037441 0.002196 13.000000 0.033000
1521.000000 0.055034 0.004538 0.037029 0.002937 13.000000 0.033000
1522.000000 0.055234 0.004521 0.038472 -0.000130 13.000000 0.033000
1523.000000 0.055486 0.004510 0.041774 -0.001421 13.000000 0.033000
1524.000000 0.055695 0.004531 0.043911 -0.000215 13.000000 0.033000
1525.000000 0.055904 0.004552 0.042889 0.002002 13.000000 0.033000
1526.000000 0.056052 0.004531 0.039352 0.001015 13.000000 0.033000
1527.000000 0.056261 0.004552 0.037548 0.000520 13.000000 0.033000
1528.000000 0.056461 0.004536 0.039196 0.000539 13.000000 0.033000
1529.000000 0.056670 0.004558 0.040034 0.000557 13.000000 0.033000
1530.000000 0.056913 0.004509 0.042580 -0.001012 13.000000 0.033000
1531.000000 0.057122 0.004531 0.043875 -0.001804 13.000000 0.033000
1532.000000 0.057375 0.004521 0.044988 -0.000338 13.000000 0.033000
1533.000000 0.057584 0.004543 0.045554 0.000416 13.000000 0.033000
1534.000000 0.057793 0.004565 0.043725 0.002395 13.000000 0.033000
1535.000000 0.057950 0.004581 0.040228 0.003134 13.000000 0.033000
1536.000000 0.058159 0.004604 0.038445 0.003519 13.000000 0.033000
1537.000000 0.058368 0.004626 0.040101 0.003996 13.000000 0.033000
1538.000000 0.058620 0.004616 0.043064 0.002668 13.000000 0.033000
1539.000000 0.058821 0.004601 0.044130 0.000140 13.000000 0.033000
1540.000000 0.059073 0.004591 0.044676 -0.001135 13.000000 0.033000
1541.000000 0.059325 0.004582 0.047520 -0.001496 13.000000 0.033000
1542.000000 0.059535 0.004604 0.046847 -0.000092 13.000000 0.033000
1543.000000 0.059796 0.004633 0.046946 0.002495 13.000000 0.033000
1544.000000 0.059953 0.004650 0.044431 0.003533 13.000000 0.033000
1545.000000 0.060196 0.004603 0.042272 0.000356 13.000000 0.033000
1546.000000 0.060405 0.004626 0.043734 -0.000973 13.000000 0.033000
1547.000000 0.060658 0.004617 0.044922 0.000222 13.000000 0.033000
1548.000000 0.060867 0.004641 0.045526 0.000838 13.000000 0.033000
1549.000000 0.061076 0.004664 0.043707 0.002733 13.000000 0.033000
1550.000000 0.061338 0.004693 0.045343 0.003999 13.000000 0.033000
1551.000000 0.061547 0.004717 0.046175 0.004650 13.000000 0.033000
1552.000000 0.061799 0.004709 0.046165 0.003135 13.000000 0.033000
1553.000000 0.061956 0.004726 0.043595 0.002074 13.000000 0.033000
1554.000000 0.062209 0.004718 0.042288 0.001546 13.000000 0.033000
1555.000000 0.062418 0.004742 0.044184 0.001576 13.000000 0.033000
1556.000000 0.062670 0.004734 0.045152 0.001604 13.000000 0.033000
1557.000000 0.062879 0.004758 0.045644 0.001626 13.000000 0.033000
1558.000000 0.063132 0.004751 0.045897 0.001649 13.000000 0.033000
1559.000000 0.063393 0.004781 0.048588 0.001970 13.000000 0.033000
1560.000000 0.063602 0.004805 0.047825 0.003705 13.000000 0.033000
1561.000000 0.063768 0.004862 0.042735 0.005856 13.000000 0.033000
1562.000000 0.064012 0.004816 0.041853 0.003539 13.000000 0.033000
1563.000000 0.064221 0.004841 0.043535 0.000804 13.000000 0.033000
1564.000000 0.064473 0.004834 0.044824 0.001286 13.000000 0.033000
1565.000000 0.064682 0.004858 0.045478 0.001539 13.000000 0.033000
1566.000000 0.064892 0.004883 0.043674 0.003234 13.000000 0.033000
1567.000000 0.065109 0.004946 0.043176 0.005968 13.000000 0.033000
1568.000000 0.065414 0.004946 0.047625 0.006129 13.000000 0.033000
1569.000000 0.065623 0.004971 0.049465 0.004354 13.000000 0.033000
1570.000000 0.065876 0.004964 0.047844 0.003154 13.000000 0.033000
1571.000000 0.066033 0.004983 0.044453 0.002234 13.000000 0.033000
1572.000000 0.066285 0.004977 0.042728 0.001778 13.000000 0.033000
1573.000000 0.066494 0.005003 0.044410 0.001864 13.000000 0.033000
1574.000000 0.066703 0.005028 0.043125 0.003467 13.000000 0.033000
1575.000000 0.066912 0.005054 0.042469 0.004292 13.000000 0.033000
1576.000000 0.067173 0.005086 0.044695 0.005040 13.000000 0.033000
1577.000000 0.067426 0.005080 0.047975 0.003884 13.000000 0.033000
1578.000000 0.067635 0.005106 0.047082 0.002985 13.000000 0.033000
1579.000000 0.067800 0.005163 0.042334 0.005625 13.000000 0.033000
1580.000000 0.068001 0.005151 0.039502 0.005112 13.000000 0.033000
1581.000000 0.068218 0.005216 0.040615 0.005178 13.000000 0.033000
1582.000000 0.068471 0.005210 0.043746 0.005545 13.000000 0.033000
1583.000000 0.068680 0.005237 0.044926 0.003875 13.000000 0.033000
1584.000000 0.068941 0.005270 0.045939 0.004902 13.000000 0.033000
1585.000000 0.069150 0.005296 0.046454 0.005433 13.000000 0.033000
1586.000000 0.069411 0.005329 0.046715 0.005716 13.000000 0.033000
1587.000000 0.069620 0.005356 0.046847 0.005868 13.000000 0.033000
1588.000000 0.069785 0.005414 0.042198 0.007160 13.000000 0.033000
1589.000000 0.070029 0.005371 0.041578 0.004425 13.000000 0.033000
1590.000000 0.070238 0.005398 0.043411 0.001502 13.000000 0.033000
1591.000000 0.070447 0.005425 0.042601 0.003423 13.000000 0.033000
1592.000000 0.070708 0.005459 0.044746 0.004747 13.000000 0.033000
1593.000000 0.070917 0.005486 0.045838 0.005428 13.000000 0.033000
1594.000000 0.071126 0.005514 0.043833 0.005450 13.000000 0.033000
1595.000000 0.071378 0.005510 0.044969 0.003940 13.000000 0.033000
1596.000000 0.071587 0.005537 0.045546 0.003178 13.000000 0.033000
1597.000000 0.071760 0.005634 0.041924 0.007724 13.000000 0.033000
1598.000000 0.071961 0.005623 0.039679 0.008179 13.000000 0.033000
1599.000000 0.072222 0.005658 0.042847 0.005365 13.000000 0.033000
1600.000000 0.072430 0.005686 0.044862 0.005807 13.000000 0.033000
1601.000000 0.072639 0.005713 0.043328 0.005699 13.000000 0.033000
1602.000000 0.072892 0.005710 0.044708 0.004130 13.000000 0.033000
1603.000000 0.073101 0.005738 0.045410 0.003338 13.000000 0.033000
1604.000000 0.073317 0.005804 0.044001 0.006336 13.000000 0.033000
1605.000000 0.073570 0.005801 0.045446 0.006352 13.000000 0.033000
1606.000000 0.073735 0.005861 0.043619 0.006017 13.000000 0.033000
1607.000000 0.073935 0.005851 0.040133 0.005507 13.000000 0.033000
1608.000000 0.074188 0.005848 0.042684 0.002216 13.000000 0.033000
1609.000000 0.074397 0.005877 0.044377 0.002416 13.000000 0.033000
1610.000000 0.074606 0.005905 0.043075 0.004046 13.000000 0.033000
1611.000000 0.074814 0.005934 0.042410 0.004884 13.000000 0.033000
1612.000000 0.075023 0.005963 0.042070 0.005318 13.000000 0.033000
1613.000000 0.075284 0.005999 0.044453 0.005906 13.000000 0.033000
1614.000000 0.075544 0.006035 0.048223 0.006572 13.000000 0.033000
1615.000000 0.075709 0.006095 0.045414 0.008074 13.000000 0.033000
1616.000000 0.075954 0.006055 0.043210 0.005110 13.000000 0.033000
1617.000000 0.076162 0.006084 0.044254 0.002093 13.000000 0.033000
1618.000000 0.076371 0.006113 0.043004 0.003948 13.000000 0.033000
1619.000000 0.076624 0.006112 0.044539 0.003393 13.000000 0.033000
1620.000000 0.076840 0.006179 0.045702 0.004989 13.000000 0.033000
1621.000000 0.077049 0.006209 0.044123 0.007320 13.000000 0.033000
1622.000000 0.077309 0.006246 0.045488 0.007012 13.000000 0.033000
1623.000000 0.077562 0.006245 0.048358 0.005358 13.000000 0.033000
1624.000000 0.077726 0.006305 0.045086 0.005661 13.000000 0.033000
1625.000000 0.077927 0.006297 0.040866 0.005457 13.000000 0.033000
1626.000000 0.078136 0.006327 0.040888 0.003855 13.000000 0.033000
1627.000000 0.078388 0.006326 0.043457 0.003419 13.000000 0.033000
1628.000000 0.078597 0.006356 0.044765 0.003204 13.000000 0.033000
1629.000000 0.078857 0.006394 0.045809 0.004980 13.000000 0.033000
1630.000000 0.079066 0.006424 0.046340 0.005892 13.000000 0.033000
1631.000000 0.079371 0.006432 0.048789 0.004874 13.000000 0.033000
1632.000000 0.079579 0.006462 0.050035 0.004361 13.000000 0.033000
1633.000000 0.079743 0.006523 0.043754 0.006727 13.000000 0.033000
1634.000000 0.079989 0.006485 0.042362 0.004573 13.000000 0.033000
1635.000000 0.080197 0.006516 0.043829 0.001985 13.000000 0.033000
1636.000000 0.080450 0.006516 0.044955 0.002552 13.000000 0.033000
1637.000000 0.080658 0.006547 0.045527 0.002848 13.000000 0.033000
1638.000000 0.080919 0.006586 0.046190 0.004886 13.000000 0.033000
1639.000000 0.081127 0.006617 0.046526 0.005932 13.000000 0.033000
1640.000000 0.081388 0.006656 0.046695 0.006477 13.000000 0.033000
1641.000000 0.081596 0.006687 0.046780 0.006762 13.000000 0.033000
1642.000000 0.081804 0.006719 0.044268 0.006531 13.000000 0.033000
1643.000000 0.082050 0.006681 0.044808 0.003060 13.000000 0.033000
1644.000000 0.082303 0.006683 0.047270 -0.000185 13.000000 0.033000
1645.000000 0.082519 0.006752 0.047070 0.003407 13.000000 0.033000
1646.000000 0.082771 0.006754 0.046970 0.005249 13.000000 0.033000
1647.000000 0.082980 0.006786 0.046550 0.004320 13.000000 0.033000
1648.000000 0.083233 0.006787 0.046338 0.003858 13.000000 0.033000
1649.000000 0.083493 0.006827 0.048782 0.004027 13.000000 0.033000
1650.000000 0.083746 0.006829 0.050029 0.004125 13.000000 0.033000
1651.000000 0.083962 0.006899 0.048469 0.005665 13.000000 0.033000
1652.000000 0.084207 0.006863 0.047317 0.004584 13.000000 0.033000
1653.000000 0.084416 0.006895 0.046365 0.002165 13.000000 0.033000
1654.000000 0.084676 0.006936 0.046602 0.004697 13.000000 0.033000
1655.000000 0.084884 0.006969 0.046721 0.005994 13.000000 0.033000
1656.000000 0.085137 0.006971 0.046424 0.004791 13.000000 0.033000
1657.000000 0.085390 0.006974 0.048467 0.002713 13.000000 0.033000
1658.000000 0.085650 0.007015 0.049865 0.003544 13.000000 0.033000
1659.000000 0.085911 0.007056 0.050933 0.005857 13.000000 0.033000
1660.000000 0.086164 0.007059 0.051122 0.005170 13.000000 0.033000
1661.000000 0.086327 0.007122 0.046463 0.005889 13.000000 0.033000
1662.000000 0.086580 0.007125 0.044093 0.006268 13.000000 0.033000
1663.000000 0.086840 0.007167 0.047632 0.005410 13.000000 0.033000
1664.000000 0.087093 0.007170 0.049438 0.004984 13.000000 0.033000
1665.000000 0.087346 0.007173 0.050006 0.002902 13.000000 0.033000
1666.000000 0.087562 0.007245 0.048443 0.005194 13.000000 0.033000
1667.000000 0.087867 0.007257 0.050199 0.006791 13.000000 0.033000
1668.000000 0.088082 0.007329 0.051088 0.007612 13.000000 0.033000
1669.000000 0.088335 0.007333 0.048992 0.007628 13.000000 0.033000
1670.000000 0.088536 0.007329 0.047228 0.003885 13.000000 0.033000
1671.000000 0.088789 0.007333 0.046331 0.001990 13.000000 0.033000
1672.000000 0.089049 0.007376 0.048771 0.003333 13.000000 0.033000
1673.000000 0.089302 0.007380 0.050016 0.004029 13.000000 0.033000
1674.000000 0.089562 0.007423 0.050647 0.004397 13.000000 0.033000
1675.000000 0.089778 0.007496 0.049102 0.007929 13.000000 0.033000
1676.000000 0.090083 0.007509 0.050523 0.008289 13.000000 0.033000
1677.000000 0.090336 0.007514 0.053113 0.005148 13.000000 0.033000
1678.000000 0.090551 0.007587 0.050010 0.006465 13.000000 0.033000
1679.000000 0.090797 0.007554 0.048094 0.005268 13.000000 0.033000
1680.000000 0.091012 0.007627 0.047112 0.004664 13.000000 0.033000
1681.000000 0.091272 0.007671 0.047290 0.008131 13.000000 0.033000
1682.000000 0.091525 0.007676 0.049254 0.006576 13.000000 0.033000
1683.000000 0.091785 0.007720 0.050252 0.005797 13.000000 0.033000
1684.000000 0.092038 0.007726 0.050762 0.005412 13.000000 0.033000
1685.000000 0.092343 0.007741 0.053236 0.003786 13.000000 0.033000
1686.000000 0.092603 0.007785 0.054830 0.004850 13.000000 0.033000
1687.000000 0.092818 0.007859 0.051208 0.008291 13.000000 0.033000
1688.000000 0.093071 0.007865 0.049031 0.008175 13.000000 0.033000
1689.000000 0.093324 0.007871 0.049804 0.004801 13.000000 0.033000
1690.000000 0.093584 0.007916 0.050529 0.004977 13.000000 0.033000
1691.000000 0.093843 0.007961 0.051228 0.006960 13.000000 0.033000
1692.000000 0.094097 0.007968 0.051255 0.006101 13.000000 0.033000
1693.000000 0.094356 0.008013 0.051266 0.005675 13.000000 0.033000
1694.000000 0.094616 0.008058 0.051599 0.007352 13.000000 0.033000
1695.000000 0.094876 0.008104 0.051766 0.008219 13.000000 0.033000
1696.000000 0.095090 0.008179 0.049625 0.010105 13.000000 0.033000
1697.000000 0.095343 0.008186 0.048210 0.009195 13.000000 0.033000
1698.000000 0.095642 0.008164 0.051611 0.003996 13.000000 0.033000
1699.000000 0.095902 0.008210 0.053667 0.003242 13.000000 0.033000
1700.000000 0.096161 0.008256 0.052813 0.006186 13.000000 0.033000
1701.000000 0.096421 0.008302 0.052376 0.007698 13.000000 0.033000
1702.000000 0.096681 0.008348 0.052150 0.008481 13.000000 0.033000
1703.000000 0.096992 0.008404 0.054578 0.009352 13.000000 0.033000
1704.000000 0.097252 0.008451 0.055813 0.009808 13.000000 0.033000
1705.000000 0.097505 0.008459 0.053579 0.007711 13.000000 0.033000
1706.000000 0.097758 0.008467 0.052123 0.004770 13.000000 0.033000
1707.000000 0.098018 0.008514 0.051697 0.005167 13.000000 0.033000
1708.000000 0.098277 0.008561 0.051795 0.007266 13.000000 0.033000
1709.000000 0.098543 0.008647 0.052154 0.010233 13.000000 0.033000
1710.000000 0.098848 0.008665 0.054568 0.010341 13.000000 0.033000
1711.000000 0.099101 0.008674 0.055171 0.006637 13.000000 0.033000
1712.000000 0.099413 0.008731 0.055788 0.006654 13.000000 0.033000
1713.000000 0.099672 0.008779 0.056414 0.008559 13.000000 0.033000
1714.000000 0.099931 0.008827 0.054185 0.009073 13.000000 0.033000
1715.000000 0.100185 0.008836 0.052740 0.007460 13.000000 0.033000
1716.000000 0.100496 0.008894 0.054545 0.007128 13.000000 0.033000
1717.000000 0.100755 0.008942 0.055771 0.008856 13.000000 0.033000
1718.000000 0.101015 0.008991 0.053850 0.009275 13.000000 0.033000
1719.000000 0.101274 0.009039 0.052868 0.009500 13.000000 0.033000
1720.000000 0.101579 0.009059 0.054607 0.008223 13.000000 0.033000
1721.000000 0.101890 0.009118 0.058032 0.008068 13.000000 0.033000
1722.000000 0.102195 0.009138 0.059779 0.008007 13.000000 0.033000
1723.000000 0.102460 0.009225 0.058421 0.009393 13.000000 0.033000
1724.000000 0.102713 0.009236 0.055190 0.009629 13.000000 0.033000
1725.000000 0.103018 0.009257 0.055483 0.006476 13.000000 0.033000
1726.000000 0.103278 0.009306 0.055931 0.006767 13.000000 0.033000
1727.000000 0.103589 0.009366 0.056456 0.008822 13.000000 0.033000
1728.000000 0.103900 0.009425 0.059261 0.010373 13.000000 0.033000
1729.000000 0.104159 0.009475 0.058146 0.010687 13.000000 0.033000
1730.000000 0.104470 0.009535 0.057574 0.010865 13.000000 0.033000
1731.000000 0.104774 0.009557 0.059530 0.009576 13.000000 0.033000
1732.000000 0.105040 0.009646 0.058272 0.010326 13.000000 0.033000
1733.000000 0.105344 0.009668 0.057634 0.010726 13.000000 0.033000
1734.000000 0.105649 0.009690 0.059264 0.007666 13.000000 0.033000
1735.000000 0.105960 0.009751 0.060383 0.008013 13.000000 0.033000
1736.000000 0.106265 0.009773 0.060954 0.008207 13.000000 0.033000
1737.000000 0.106576 0.009834 0.061241 0.008323 13.000000 0.033000
1738.000000 0.106886 0.009896 0.061673 0.010289 13.000000 0.033000
1739.000000 0.107197 0.009957 0.061888 0.011308 13.000000 0.033000
1740.000000 0.107508 0.010019 0.061994 0.011845 13.000000 0.033000
1741.000000 0.107772 0.010109 0.059788 0.013514 13.000000 0.033000
1742.000000 0.108077 0.010133 0.058381 0.012492 13.000000 0.033000
1743.000000 0.108382 0.010157 0.059636 0.008717 13.000000 0.033000
1744.000000 0.108738 0.010191 0.062815 0.007328 13.000000 0.033000
1745.000000 0.109049 0.010254 0.064712 0.008527 13.000000 0.033000
1746.000000 0.109359 0.010316 0.063417 0.010534 13.000000 0.033000
1747.000000 0.109670 0.010379 0.062753 0.011573 13.000000 0.033000
1748.000000 0.110032 0.010453 0.064947 0.012643 13.000000 0.033000
1749.000000 0.110342 0.010516 0.066061 0.013205 13.000000 0.033000
1750.000000 0.110658 0.010619 0.064358 0.014882 13.000000 0.033000
1751.000000 0.110963 0.010644 0.063219 0.013861 13.000000 0.033000
1752.000000 0.111273 0.010708 0.062360 0.011468 13.000000 0.033000
1753.000000 0.111583 0.010772 0.062192 0.012157 13.000000 0.033000
1754.000000 0.111940 0.010808 0.064371 0.011165 13.000000 0.033000
1755.000000 0.112296 0.010845 0.067746 0.009319 13.000000 0.033000
1756.000000 0.112612 0.010948 0.067459 0.011651 13.000000 0.033000
1757.000000 0.112968 0.010985 0.067314 0.012864 13.000000 0.033000
1758.000000 0.113278 0.011050 0.066968 0.011605 13.000000 0.033000
1759.000000 0.113593 0.011154 0.064781 0.014234 13.000000 0.033000
1760.000000 0.113950 0.011192 0.065936 0.014239 13.000000 0.033000
1761.000000 0.114259 0.011258 0.066257 0.012365 13.000000 0.033000
1762.000000 0.114575 0.011362 0.064403 0.014677 13.000000 0.033000
1763.000000 0.114931 0.011400 0.065731 0.014524 13.000000 0.033000
1764.000000 0.115292 0.011478 0.068673 0.013118 13.000000 0.033000
1765.000000 0.115648 0.011517 0.070174 0.012426 13.000000 0.033000
1766.000000 0.116010 0.011594 0.070932 0.012098 13.000000 0.033000
1767.000000 0.116371 0.011672 0.071570 0.013848 13.000000 0.033000
1768.000000 0.116634 0.011767 0.067080 0.015548 13.000000 0.033000
1769.000000 0.116990 0.011807 0.064539 0.014545 13.000000 0.033000
1770.000000 0.117352 0.011885 0.068046 0.013263 13.000000 0.033000
1771.000000 0.117713 0.011964 0.070080 0.014529 13.000000 0.033000
1772.000000 0.118027 0.012070 0.068827 0.016532 13.000000 0.033000
1773.000000 0.118383 0.012111 0.067941 0.015682 13.000000 0.033000
1774.000000 0.118791 0.012163 0.072049 0.012604 13.000000 0.033000
1775.000000 0.119157 0.012282 0.074625 0.014850 13.000000 0.033000
1776.000000 0.119512 0.012323 0.073410 0.015458 13.000000 0.033000
1777.000000 0.119822 0.012392 0.070014 0.013326 13.000000 0.033000
1778.000000 0.120182 0.012473 0.068522 0.014159 13.000000 0.033000
1779.000000 0.120543 0.012554 0.070284 0.015172 13.000000 0.033000
1780.000000 0.120857 0.012662 0.068885 0.017034 13.000000 0.033000
1781.000000 0.121218 0.012743 0.068167 0.018007 13.000000 0.033000
1782.000000 0.121573 0.012786 0.069852 0.015304 13.000000 0.033000
1783.000000 0.121934 0.012867 0.070704 0.013951 13.000000 0.033000
1784.000000 0.122341 0.012922 0.073664 0.013867 13.000000 0.033000
1785.000000 0.122702 0.013005 0.075165 0.013848 13.000000 0.033000
1786.000000 0.123010 0.013075 0.071110 0.014596 13.000000 0.033000
1787.000000 0.123366 0.013119 0.068812 0.013104 13.000000 0.033000
1788.000000 0.123726 0.013202 0.070159 0.012947 13.000000 0.033000
1789.000000 0.124044 0.013351 0.068995 0.017994 13.000000 0.033000
1790.000000 0.124405 0.013434 0.068396 0.020590 13.000000 0.033000
1791.000000 0.124760 0.013479 0.069933 0.016828 13.000000 0.033000
1792.000000 0.125120 0.013563 0.070711 0.014936 13.000000 0.033000
1793.000000 0.125527 0.013620 0.073628 0.014592 13.000000 0.033000
1794.000000 0.125840 0.013731 0.072806 0.015740 13.000000 0.033000
1795.000000 0.126148 0.013804 0.067563 0.017056 13.000000 0.033000
1796.000000 0.126504 0.013850 0.066970 0.014547 13.000000 0.033000
1797.000000 0.126864 0.013935 0.069183 0.013887 13.000000 0.033000
1798.000000 0.127223 0.014020 0.070524 0.015473 13.000000 0.033000
1799.000000 0.127536 0.014132 0.068894 0.017598 13.000000 0.033000
1800.000000 0.127891 0.014179 0.067848 0.016806 13.000000 0.033000
1801.000000 0.128251 0.014265 0.069613 0.015129 13.000000 0.033000
1802.000000 0.128610 0.014351 0.070721 0.016198 13.000000 0.033000
1803.000000 0.128965 0.014399 0.071073 0.014866 13.000000 0.033000
1804.000000 0.129226 0.014500 0.066418 0.014883 13.000000 0.033000
1805.000000 0.129582 0.014548 0.064048 0.014916 13.000000 0.033000
1806.000000 0.129937 0.014596 0.067455 0.012376 13.000000 0.033000
1807.000000 0.130249 0.014710 0.067080 0.014286 13.000000 0.033000
1808.000000 0.130561 0.014823 0.064776 0.018464 13.000000 0.033000
1809.000000 0.130916 0.014872 0.065708 0.017431 13.000000 0.033000
1810.000000 0.131228 0.014987 0.066171 0.016922 13.000000 0.033000
1811.000000 0.131583 0.015036 0.066409 0.016686 13.000000 0.033000
1812.000000 0.131938 0.015086 0.068640 0.013408 13.000000 0.033000
1813.000000 0.132198 0.015188 0.065140 0.014307 13.000000 0.033000
1814.000000 0.132506 0.015264 0.061039 0.016062 13.000000 0.033000
1815.000000 0.132861 0.015314 0.063579 0.014424 13.000000 0.033000
1816.000000 0.133168 0.015391 0.064869 0.013607 13.000000 0.033000
1817.000000 0.133476 0.015467 0.063205 0.014482 13.000000 0.033000
1818.000000 0.133783 0.015544 0.062353 0.014945 13.000000 0.033000
1819.000000 0.134094 0.015660 0.062102 0.017100 13.000000 0.033000
1820.000000 0.134402 0.015737 0.061971 0.018214 13.000000 0.033000
1821.000000 0.134709 0.015815 0.061708 0.016899 13.000000 0.033000
1822.000000 0.135012 0.015854 0.061384 0.014344 13.000000 0.033000
1823.000000 0.135320 0.015931 0.061214 0.013060 13.000000 0.033000
1824.000000 0.135627 0.016009 0.061312 0.014324 13.000000 0.033000
1825.000000 0.135934 0.016087 0.061358 0.014985 13.000000 0.033000
1826.000000 0.136237 0.016127 0.061195 0.013438 13.000000 0.033000
1827.000000 0.136497 0.016231 0.058779 0.013921 13.000000 0.033000
1828.000000 0.136800 0.016271 0.057549 0.014185 13.000000 0.033000
1829.000000 0.137111 0.016388 0.059421 0.014980 13.000000 0.033000
1830.000000 0.137418 0.016467 0.060554 0.017305 13.000000 0.033000
1831.000000 0.137623 0.016520 0.055931 0.015299 13.000000 0.033000
1832.000000 0.137929 0.016599 0.053571 0.014296 13.000000 0.033000
1833.000000 0.138233 0.016640 0.057206 0.013196 13.000000 0.033000
1834.000000 0.138536 0.016681 0.058879 0.010751 13.000000 0.033000
