# imt log
s logheadsize 000234
s logcolumns 7
s logname /home/testac/lgames/fitts/20180717_Tue/run1.153158.dat
s logversion 2.0
s logdate "Tue Jul 17 15:31:58 EDT 2018"
s logidate 1531855918

# begin user data

# end user data

#####
970.000000 -0.007088 0.008364 -0.028974 -0.012281 0.000000 0.000000
971.000000 -0.007205 0.008328 -0.026235 -0.009718 0.000000 0.000000
972.000000 -0.007322 0.008293 -0.024840 -0.008410 7.000000 0.033000
973.000000 -0.007439 0.008258 -0.024132 -0.007741 7.000000 0.033000
974.000000 -0.007569 0.008186 -0.024417 -0.009196 7.000000 0.033000
975.000000 -0.007686 0.008151 -0.024564 -0.009935 7.000000 0.033000
976.000000 -0.007765 0.008078 -0.022095 -0.010347 7.000000 0.033000
977.000000 -0.007791 0.008005 -0.016386 -0.012429 7.000000 0.033000
978.000000 -0.007882 0.007895 -0.014128 -0.015286 7.000000 0.033000
979.000000 -0.007947 0.007859 -0.014880 -0.014906 7.000000 0.033000
980.000000 -0.007999 0.007860 -0.013326 -0.009317 7.000000 0.033000
981.000000 -0.008026 0.007787 -0.010633 -0.008305 7.000000 0.033000
982.000000 -0.008052 0.007713 -0.008005 -0.011423 7.000000 0.033000
983.000000 -0.008156 0.007715 -0.010472 -0.009339 7.000000 0.033000
984.000000 -0.008169 0.007678 -0.011083 -0.006479 7.000000 0.033000
985.000000 -0.008196 0.007605 -0.007590 -0.008694 7.000000 0.033000
986.000000 -0.008183 0.007494 -0.004556 -0.013456 7.000000 0.033000
987.000000 -0.008196 0.007458 -0.002363 -0.014084 7.000000 0.033000
988.000000 -0.008210 0.007421 -0.002500 -0.010771 7.000000 0.033000
989.000000 -0.008210 0.007421 -0.001922 -0.007285 7.000000 0.033000
990.000000 -0.008210 0.007421 -0.000979 -0.003712 7.000000 0.033000
991.000000 -0.008223 0.007384 -0.001147 -0.003689 7.000000 0.033000
992.000000 -0.008223 0.007384 -0.001233 -0.003677 7.000000 0.033000
993.000000 -0.008223 0.007384 -0.000628 -0.001873 7.000000 0.033000
994.000000 -0.008197 0.007310 0.000935 -0.004588 7.000000 0.033000
995.000000 -0.008159 0.007273 0.003635 -0.007806 7.000000 0.033000
996.000000 -0.008120 0.007235 0.005659 -0.007648 7.000000 0.033000
997.000000 -0.008042 0.007161 0.008595 -0.009402 7.000000 0.033000
998.000000 -0.008003 0.007123 0.010092 -0.010295 7.000000 0.033000
999.000000 -0.007926 0.007048 0.010856 -0.010748 7.000000 0.033000
1000.000000 -0.007848 0.006973 0.013151 -0.012812 7.000000 0.033000
1001.000000 -0.007731 0.006861 0.016229 -0.015695 7.000000 0.033000
1002.000000 -0.007654 0.006786 0.017798 -0.017162 7.000000 0.033000
1003.000000 -0.007576 0.006712 0.016694 -0.016074 7.000000 0.033000
1004.000000 -0.007511 0.006748 0.015521 -0.010092 7.000000 0.033000
1005.000000 -0.007420 0.006710 0.015572 -0.005245 7.000000 0.033000
1006.000000 -0.007329 0.006671 0.016858 -0.006404 7.000000 0.033000
1007.000000 -0.007238 0.006633 0.017514 -0.006993 7.000000 0.033000
1008.000000 -0.007147 0.006595 0.017849 -0.007291 7.000000 0.033000
1009.000000 -0.007043 0.006594 0.018667 -0.005643 7.000000 0.033000
1010.000000 -0.006899 0.006555 0.021641 -0.004833 7.000000 0.033000
1011.000000 -0.006795 0.006554 0.023156 -0.004418 7.000000 0.033000
1012.000000 -0.006691 0.006553 0.022019 -0.002375 7.000000 0.033000
1013.000000 -0.006574 0.006588 0.022083 0.000467 7.000000 0.033000
1014.000000 -0.006469 0.006587 0.022116 0.001917 7.000000 0.033000
1015.000000 -0.006326 0.006548 0.023400 -0.000968 7.000000 0.033000
1016.000000 -0.006183 0.006510 0.025966 -0.004262 7.000000 0.033000
1017.000000 -0.006079 0.006509 0.025363 -0.004111 7.000000 0.033000
1018.000000 -0.005936 0.006470 0.025057 -0.004030 7.000000 0.033000
1019.000000 -0.005779 0.006469 0.027457 -0.004012 7.000000 0.033000
1020.000000 -0.005675 0.006468 0.026767 -0.002175 7.000000 0.033000
1021.000000 -0.005519 0.006466 0.026416 -0.001234 7.000000 0.033000
1022.000000 -0.005441 0.006539 0.024961 0.002870 7.000000 0.033000
1023.000000 -0.005284 0.006537 0.024221 0.004967 7.000000 0.033000
1024.000000 -0.005180 0.006536 0.025116 0.002411 7.000000 0.033000
1025.000000 -0.005037 0.006498 0.024933 -0.000687 7.000000 0.033000
1026.000000 -0.004920 0.006534 0.025479 -0.000463 7.000000 0.033000
1027.000000 -0.004802 0.006570 0.024480 0.003278 7.000000 0.033000
1028.000000 -0.004646 0.006568 0.025886 0.003365 7.000000 0.033000
1029.000000 -0.004490 0.006567 0.028519 0.001592 7.000000 0.033000
1030.000000 -0.004372 0.006603 0.027941 0.002512 7.000000 0.033000
1031.000000 -0.004281 0.006713 0.024445 0.008427 7.000000 0.033000
1032.000000 -0.004177 0.006712 0.022028 0.009642 7.000000 0.033000
1033.000000 -0.004060 0.006748 0.022074 0.006640 7.000000 0.033000
1034.000000 -0.003956 0.006747 0.022099 0.005113 7.000000 0.033000
1035.000000 -0.003852 0.006746 0.021476 0.002535 7.000000 0.033000
1036.000000 -0.003735 0.006782 0.021792 0.003026 7.000000 0.033000
1037.000000 -0.003578 0.006781 0.024508 0.003263 7.000000 0.033000
1038.000000 -0.003500 0.006854 0.023968 0.005203 7.000000 0.033000
1039.000000 -0.003396 0.006854 0.021140 0.006211 7.000000 0.033000
1040.000000 -0.003305 0.006964 0.020327 0.008528 7.000000 0.033000
1041.000000 -0.003188 0.007000 0.020544 0.011514 7.000000 0.033000
1042.000000 -0.003084 0.006999 0.021311 0.007614 7.000000 0.033000
1043.000000 -0.002980 0.006999 0.021069 0.003825 7.000000 0.033000
1044.000000 -0.002876 0.006998 0.020946 0.001897 7.000000 0.033000
1045.000000 -0.002772 0.006997 0.020884 0.000916 7.000000 0.033000
1046.000000 -0.002655 0.007034 0.021482 0.002223 7.000000 0.033000
1047.000000 -0.002551 0.007033 0.021786 0.002890 7.000000 0.033000
1048.000000 -0.002447 0.007033 0.021311 0.001429 7.000000 0.033000
1049.000000 -0.002408 0.007143 0.017849 0.006118 7.000000 0.033000
1050.000000 -0.002291 0.007179 0.016713 0.010315 7.000000 0.033000
1051.000000 -0.002187 0.007179 0.019352 0.007020 7.000000 0.033000
1052.000000 -0.002135 0.007179 0.017516 0.003548 7.000000 0.033000
1053.000000 -0.002031 0.007178 0.016580 0.001781 7.000000 0.033000
1054.000000 -0.001966 0.007215 0.016731 0.002685 7.000000 0.033000
1055.000000 -0.001823 0.007178 0.018733 0.001336 7.000000 0.033000
1056.000000 -0.001758 0.007214 0.019752 0.000649 7.000000 0.033000
1057.000000 -0.001654 0.007214 0.018346 0.002114 7.000000 0.033000
1058.000000 -0.001628 0.007288 0.015702 0.004673 7.000000 0.033000
1059.000000 -0.001524 0.007287 0.014355 0.005978 7.000000 0.033000
1060.000000 -0.001472 0.007287 0.014969 0.003026 7.000000 0.033000
1061.000000 -0.001420 0.007287 0.012730 0.001529 7.000000 0.033000
1062.000000 -0.001329 0.007250 0.013516 -0.001044 7.000000 0.033000
1063.000000 -0.001277 0.007250 0.013917 -0.002355 7.000000 0.033000
1064.000000 -0.001186 0.007213 0.014122 -0.003021 7.000000 0.033000
1065.000000 -0.001081 0.007213 0.016778 -0.003364 7.000000 0.033000
1066.000000 -0.001029 0.007212 0.016205 -0.001728 7.000000 0.033000
1067.000000 -0.001004 0.007286 0.012056 0.002727 7.000000 0.033000
1068.000000 -0.000952 0.007286 0.009942 0.004997 7.000000 0.033000
1069.000000 -0.000900 0.007286 0.010169 0.002538 7.000000 0.033000
1070.000000 -0.000861 0.007249 0.009661 -0.000521 7.000000 0.033000
1071.000000 -0.000809 0.007249 0.009402 -0.002078 7.000000 0.033000
1072.000000 -0.000769 0.007212 0.009271 -0.002872 7.000000 0.033000
1073.000000 -0.000678 0.007175 0.011133 -0.005084 7.000000 0.033000
1074.000000 -0.000626 0.007175 0.012706 -0.004405 7.000000 0.033000
1075.000000 -0.000587 0.007138 0.010955 -0.004055 7.000000 0.033000
1076.000000 -0.000600 0.007249 0.006827 0.001546 7.000000 0.033000
1077.000000 -0.000548 0.007249 0.005347 0.006207 7.000000 0.033000
1078.000000 -0.000509 0.007212 0.007206 0.001351 7.000000 0.033000
1079.000000 -0.000509 0.007212 0.005600 -0.001120 7.000000 0.033000
1080.000000 -0.000470 0.007175 0.004783 -0.002379 7.000000 0.033000
1081.000000 -0.000470 0.007175 0.004366 -0.003021 7.000000 0.033000
1082.000000 -0.000418 0.007175 0.004777 -0.001541 7.000000 0.033000
1083.000000 -0.000378 0.007138 0.006916 -0.002595 7.000000 0.033000
1084.000000 -0.000378 0.007138 0.005453 -0.003130 7.000000 0.033000
1085.000000 -0.000405 0.007212 0.001471 0.002020 7.000000 0.033000
1086.000000 -0.000378 0.007138 0.000750 0.001029 7.000000 0.033000
1087.000000 -0.000378 0.007138 0.001689 -0.003090 7.000000 0.033000
1088.000000 -0.000378 0.007138 0.000860 -0.001574 7.000000 0.033000
1089.000000 -0.000378 0.007138 0.000438 -0.000802 7.000000 0.033000
1090.000000 -0.000378 0.007138 0.000223 -0.000409 7.000000 0.033000
1091.000000 -0.000378 0.007138 0.000114 -0.000208 7.000000 0.033000
1092.000000 -0.000378 0.007138 0.000058 -0.000106 7.000000 0.033000
1093.000000 -0.000378 0.007138 0.000030 -0.000054 7.000000 0.033000
1094.000000 -0.000378 0.007138 0.000015 -0.000028 7.000000 0.033000
1095.000000 -0.000378 0.007138 0.000008 -0.000014 7.000000 0.033000
1096.000000 -0.000378 0.007138 0.000004 -0.000007 7.000000 0.033000
1097.000000 -0.000378 0.007138 0.000002 -0.000004 7.000000 0.033000
1098.000000 -0.000378 0.007138 0.000001 -0.000002 7.000000 0.033000
1099.000000 -0.000378 0.007138 0.000001 -0.000001 7.000000 0.033000
1100.000000 -0.000378 0.007138 0.000000 -0.000000 7.000000 0.033000
1101.000000 -0.000378 0.007138 0.000000 -0.000000 7.000000 0.033000
1102.000000 -0.000378 0.007138 0.000000 -0.000000 7.000000 0.033000
1103.000000 -0.000378 0.007138 0.000000 -0.000000 7.000000 0.033000
1104.000000 -0.000378 0.007138 0.000000 -0.000000 7.000000 0.033000
1105.000000 -0.000378 0.007138 0.000000 -0.000000 7.000000 0.033000
1106.000000 -0.000378 0.007138 0.000000 -0.000000 7.000000 0.033000
1107.000000 -0.000378 0.007138 0.000000 -0.000000 7.000000 0.033000
1108.000000 -0.000378 0.007138 0.000000 -0.000000 7.000000 0.033000
1109.000000 -0.000378 0.007138 0.000000 -0.000000 7.000000 0.033000
1110.000000 -0.000378 0.007138 0.000000 -0.000000 7.000000 0.033000
1111.000000 -0.000457 0.007212 -0.003858 0.003617 7.000000 0.033000
1112.000000 -0.000482 0.007138 -0.007071 0.001847 7.000000 0.033000
1113.000000 -0.000495 0.007101 -0.005473 -0.004477 7.000000 0.033000
1114.000000 -0.000534 0.007138 -0.005341 -0.002279 7.000000 0.033000
1115.000000 -0.000534 0.007138 -0.004650 0.000648 7.000000 0.033000
1116.000000 -0.000574 0.007175 -0.004298 0.002139 7.000000 0.033000
1117.000000 -0.000587 0.007138 -0.004742 0.001093 7.000000 0.033000
1118.000000 -0.000678 0.007175 -0.007520 0.000564 7.000000 0.033000
1119.000000 -0.000717 0.007212 -0.010240 0.003910 7.000000 0.033000
1120.000000 -0.000730 0.007175 -0.007770 0.001996 7.000000 0.033000
1121.000000 -0.000743 0.007138 -0.005207 -0.002595 7.000000 0.033000
1122.000000 -0.000755 0.007101 -0.003902 -0.004934 7.000000 0.033000
1123.000000 -0.000807 0.007102 -0.005165 -0.004316 7.000000 0.033000
1124.000000 -0.000834 0.007175 -0.006487 0.001421 7.000000 0.033000
1125.000000 -0.000847 0.007138 -0.005233 0.002534 7.000000 0.033000
1126.000000 -0.000899 0.007139 -0.005843 -0.000510 7.000000 0.033000
1127.000000 -0.000938 0.007175 -0.007457 0.001555 7.000000 0.033000
1128.000000 -0.000990 0.007176 -0.008279 0.002608 7.000000 0.033000
1129.000000 -0.001003 0.007139 -0.007395 -0.000472 7.000000 0.033000
1130.000000 -0.001016 0.007102 -0.005018 -0.003852 7.000000 0.033000
1131.000000 -0.001068 0.007102 -0.005735 -0.003763 7.000000 0.033000
1132.000000 -0.001068 0.007102 -0.005474 -0.001912 7.000000 0.033000
1133.000000 -0.001107 0.007139 -0.004716 0.000837 7.000000 0.033000
1134.000000 -0.001107 0.007139 -0.004330 0.002237 7.000000 0.033000
1135.000000 -0.001159 0.007139 -0.004758 0.001145 7.000000 0.033000
1136.000000 -0.001198 0.007176 -0.006903 0.002401 7.000000 0.033000
1137.000000 -0.001211 0.007139 -0.006070 0.001229 7.000000 0.033000
1138.000000 -0.001263 0.007139 -0.006271 -0.001173 7.000000 0.033000
1139.000000 -0.001237 0.007066 -0.004447 -0.004208 7.000000 0.033000
1140.000000 -0.001276 0.007102 -0.002892 -0.003949 7.000000 0.033000
1141.000000 -0.001289 0.007066 -0.004026 -0.002006 7.000000 0.033000
1142.000000 -0.001276 0.007102 -0.002051 -0.001022 7.000000 0.033000
1143.000000 -0.001328 0.007103 -0.002972 0.001291 7.000000 0.033000
1144.000000 -0.001328 0.007103 -0.004067 0.000664 7.000000 0.033000
1145.000000 -0.001380 0.007103 -0.004624 0.000345 7.000000 0.033000
1146.000000 -0.001419 0.007140 -0.006834 0.001994 7.000000 0.033000
1147.000000 -0.001419 0.007140 -0.005408 0.002828 7.000000 0.033000
1148.000000 -0.001406 0.007029 -0.002083 -0.003981 7.000000 0.033000
1149.000000 -0.001445 0.007066 -0.002314 -0.005639 7.000000 0.033000
1150.000000 -0.001445 0.007066 -0.003105 -0.001061 7.000000 0.033000
1151.000000 -0.001432 0.007103 -0.000956 0.001265 7.000000 0.033000
1152.000000 -0.001445 0.007066 -0.000487 0.000644 7.000000 0.033000
1153.000000 -0.001484 0.007103 -0.002801 0.000335 7.000000 0.033000
1154.000000 -0.001523 0.007140 -0.005278 0.003795 7.000000 0.033000
1155.000000 -0.001523 0.007140 -0.004615 0.003746 7.000000 0.033000
1156.000000 -0.001497 0.007066 -0.001052 -0.001709 7.000000 0.033000
1157.000000 -0.001510 0.007029 0.000136 -0.006293 7.000000 0.033000
1158.000000 -0.001510 0.007029 -0.000558 -0.005011 7.000000 0.033000
1159.000000 -0.001549 0.007066 -0.002210 -0.000741 7.000000 0.033000
1160.000000 -0.001536 0.007103 -0.002425 0.003240 7.000000 0.033000
1161.000000 -0.001549 0.007066 -0.001235 0.001651 7.000000 0.033000
1162.000000 -0.001549 0.007066 -0.001256 -0.000964 7.000000 0.033000
1163.000000 -0.001549 0.007066 -0.000640 -0.000491 7.000000 0.033000
1164.000000 -0.001549 0.007066 -0.000326 -0.000250 7.000000 0.033000
1165.000000 -0.001549 0.007066 -0.000166 -0.000127 7.000000 0.033000
1166.000000 -0.001549 0.007066 -0.000085 -0.000065 7.000000 0.033000
1167.000000 -0.001549 0.007066 -0.000043 -0.000033 7.000000 0.033000
1168.000000 -0.001549 0.007066 -0.000022 -0.000017 7.000000 0.033000
1169.000000 -0.001549 0.007066 -0.000011 -0.000009 7.000000 0.033000
1170.000000 -0.001549 0.007066 -0.000006 -0.000004 7.000000 0.033000
1171.000000 -0.001549 0.007066 -0.000003 -0.000002 7.000000 0.033000
1172.000000 -0.001549 0.007066 -0.000001 -0.000001 7.000000 0.033000
1173.000000 -0.001549 0.007066 -0.000001 -0.000001 7.000000 0.033000
1174.000000 -0.001549 0.007066 -0.000000 -0.000000 7.000000 0.033000
1175.000000 -0.001549 0.007066 -0.000000 -0.000000 7.000000 0.033000
1176.000000 -0.001549 0.007066 -0.000000 -0.000000 7.000000 0.033000
1177.000000 -0.001549 0.007066 -0.000000 -0.000000 7.000000 0.033000
1178.000000 -0.001549 0.007066 -0.000000 -0.000000 7.000000 0.033000
1179.000000 -0.001549 0.007066 -0.000000 -0.000000 7.000000 0.033000
1180.000000 -0.001549 0.007066 -0.000000 -0.000000 7.000000 0.033000
1181.000000 -0.001549 0.007066 -0.000000 -0.000000 7.000000 0.033000
1182.000000 -0.001549 0.007066 -0.000000 -0.000000 7.000000 0.033000
1183.000000 -0.001549 0.007066 -0.000000 -0.000000 7.000000 0.033000
1184.000000 -0.001549 0.007066 -0.000000 -0.000000 7.000000 0.033000
1185.000000 -0.001549 0.007066 -0.000000 -0.000000 7.000000 0.033000
1186.000000 -0.001549 0.007066 -0.000000 -0.000000 7.000000 0.033000
1187.000000 -0.001549 0.007066 -0.000000 -0.000000 7.000000 0.033000
1188.000000 -0.001549 0.007066 -0.000000 -0.000000 7.000000 0.033000
1189.000000 -0.001549 0.007066 -0.000000 -0.000000 7.000000 0.033000
1190.000000 -0.001549 0.007066 -0.000000 -0.000000 7.000000 0.033000
1191.000000 -0.001549 0.007066 -0.000000 -0.000000 7.000000 0.033000
1192.000000 -0.001549 0.007066 -0.000000 -0.000000 7.000000 0.033000
1193.000000 -0.001549 0.007066 -0.000000 -0.000000 7.000000 0.033000
1194.000000 -0.001549 0.007066 -0.000000 -0.000000 7.000000 0.033000
1195.000000 -0.001549 0.007066 -0.000000 -0.000000 7.000000 0.033000
1196.000000 -0.001549 0.007066 -0.000000 -0.000000 7.000000 0.033000
1197.000000 -0.001549 0.007066 -0.000000 -0.000000 7.000000 0.033000
1198.000000 -0.001536 0.007103 0.000627 0.001805 7.000000 0.033000
1199.000000 -0.001497 0.007066 0.002872 0.000913 7.000000 0.033000
1200.000000 -0.001458 0.007029 0.005316 -0.003159 7.000000 0.033000
1201.000000 -0.001445 0.007066 0.005261 -0.001616 7.000000 0.033000
1202.000000 -0.001471 0.007140 0.002007 0.004599 7.000000 0.033000
1203.000000 -0.001432 0.007103 0.001649 0.004148 7.000000 0.033000
1204.000000 -0.001419 0.007140 0.003392 0.002107 7.000000 0.033000
1205.000000 -0.001432 0.007103 0.001729 0.001073 7.000000 0.033000
1206.000000 -0.001393 0.007066 0.002181 -0.003070 7.000000 0.033000
1207.000000 -0.001380 0.007103 0.003664 -0.001571 7.000000 0.033000
1208.000000 -0.001301 0.007029 0.006346 -0.002617 7.000000 0.033000
1209.000000 -0.001301 0.007029 0.007087 -0.004956 7.000000 0.033000
1210.000000 -0.001289 0.007066 0.004237 -0.000720 7.000000 0.033000
1211.000000 -0.001276 0.007102 0.003410 0.003244 7.000000 0.033000
1212.000000 -0.001276 0.007102 0.002363 0.003458 7.000000 0.033000
1213.000000 -0.001263 0.007139 0.001830 0.003567 7.000000 0.033000
1214.000000 -0.001237 0.007066 0.002859 0.000006 7.000000 0.033000
1215.000000 -0.001224 0.007102 0.003383 -0.001808 7.000000 0.033000
1216.000000 -0.001224 0.007102 0.002350 0.000884 7.000000 0.033000
1217.000000 -0.001145 0.007028 0.005051 -0.003171 7.000000 0.033000
1218.000000 -0.001145 0.007028 0.006428 -0.005237 7.000000 0.033000
1219.000000 -0.001132 0.007065 0.003901 -0.000863 7.000000 0.033000
1220.000000 -0.001120 0.007102 0.003238 0.003171 7.000000 0.033000
1221.000000 -0.001120 0.007102 0.002275 0.003421 7.000000 0.033000
1222.000000 -0.001107 0.007139 0.001784 0.003549 7.000000 0.033000
1223.000000 -0.001080 0.007065 0.002837 -0.000003 7.000000 0.033000
1224.000000 -0.001080 0.007065 0.002747 -0.003617 7.000000 0.033000
1225.000000 -0.001028 0.007065 0.003953 -0.001848 7.000000 0.033000
1226.000000 -0.000989 0.007028 0.006494 -0.002756 7.000000 0.033000
1227.000000 -0.000976 0.007065 0.005861 -0.001409 7.000000 0.033000
1228.000000 -0.000937 0.007028 0.005540 -0.000722 7.000000 0.033000
1229.000000 -0.000964 0.007102 0.003447 0.001438 7.000000 0.033000
1230.000000 -0.000951 0.007139 0.001078 0.006154 7.000000 0.033000
1231.000000 -0.000912 0.007102 0.003102 0.003131 7.000000 0.033000
1232.000000 -0.000924 0.007065 0.002883 -0.002020 7.000000 0.033000
1233.000000 -0.000872 0.007065 0.003397 -0.002839 7.000000 0.033000
1234.000000 -0.000872 0.007065 0.004284 -0.001451 7.000000 0.033000
1235.000000 -0.000833 0.007028 0.004111 -0.002549 7.000000 0.033000
1236.000000 -0.000781 0.007028 0.006576 -0.003111 7.000000 0.033000
1237.000000 -0.000781 0.007028 0.005903 -0.001589 7.000000 0.033000
1238.000000 -0.000807 0.007102 0.001704 0.002806 7.000000 0.033000
1239.000000 -0.000755 0.007101 0.002116 0.005041 7.000000 0.033000
1240.000000 -0.000755 0.007101 0.003631 0.002565 7.000000 0.033000
1241.000000 -0.000768 0.007065 0.001226 -0.000499 7.000000 0.033000
1242.000000 -0.000716 0.007065 0.002553 -0.002063 7.000000 0.033000
1243.000000 -0.000716 0.007065 0.003853 -0.001055 7.000000 0.033000
1244.000000 -0.000625 0.007028 0.006445 -0.002349 7.000000 0.033000
1245.000000 -0.000625 0.007028 0.007766 -0.003009 7.000000 0.033000
1246.000000 -0.000625 0.007028 0.003957 -0.001533 7.000000 0.033000
1247.000000 -0.000599 0.007101 0.003263 0.002831 7.000000 0.033000
1248.000000 -0.000599 0.007101 0.002910 0.005055 7.000000 0.033000
1249.000000 -0.000599 0.007101 0.001483 0.002575 7.000000 0.033000
1250.000000 -0.000560 0.007064 0.002684 -0.000497 7.000000 0.033000
1251.000000 -0.000560 0.007064 0.003297 -0.002062 7.000000 0.033000
1252.000000 -0.000508 0.007064 0.004232 -0.001053 7.000000 0.033000
1253.000000 -0.000469 0.007027 0.006639 -0.002347 7.000000 0.033000
1254.000000 -0.000469 0.007027 0.005312 -0.003004 7.000000 0.033000
1255.000000 -0.000416 0.007027 0.005259 -0.001532 7.000000 0.033000
1256.000000 -0.000443 0.007101 0.003926 0.002832 7.000000 0.033000
1257.000000 -0.000391 0.007101 0.003246 0.005056 7.000000 0.033000
1258.000000 -0.000391 0.007101 0.004206 0.002574 7.000000 0.033000
1259.000000 -0.000352 0.007064 0.004073 -0.000496 7.000000 0.033000
1260.000000 -0.000352 0.007064 0.004005 -0.002061 7.000000 0.033000
1261.000000 -0.000339 0.007101 0.002663 0.000756 7.000000 0.033000
1262.000000 -0.000260 0.007027 0.005840 -0.001423 7.000000 0.033000
1263.000000 -0.000248 0.007064 0.007458 -0.002534 7.000000 0.033000
1264.000000 -0.000208 0.007027 0.006353 -0.001292 7.000000 0.033000
1265.000000 -0.000235 0.007101 0.003859 0.001148 7.000000 0.033000
1266.000000 -0.000183 0.007101 0.003211 0.004198 7.000000 0.033000
1267.000000 -0.000183 0.007101 0.004188 0.002138 7.000000 0.033000
1268.000000 -0.000143 0.007064 0.004064 -0.000718 7.000000 0.033000
1269.000000 -0.000143 0.007064 0.004001 -0.002173 7.000000 0.033000
1270.000000 -0.000091 0.007064 0.004591 -0.001107 7.000000 0.033000
1271.000000 -0.000052 0.007027 0.006823 -0.002371 7.000000 0.033000
1272.000000 -0.000000 0.007027 0.007960 -0.003014 7.000000 0.033000
1273.000000 -0.000000 0.007027 0.006609 -0.001536 7.000000 0.033000
1274.000000 0.000025 0.007101 0.004610 0.002831 7.000000 0.033000
1275.000000 0.000077 0.007101 0.006144 0.005057 7.000000 0.033000
1276.000000 0.000077 0.007101 0.005683 0.002577 7.000000 0.033000
1277.000000 0.000117 0.007064 0.004827 -0.000493 7.000000 0.033000
1278.000000 0.000117 0.007064 0.004391 -0.002058 7.000000 0.033000
1279.000000 0.000169 0.007064 0.004790 -0.001047 7.000000 0.033000
1280.000000 0.000248 0.006990 0.008857 -0.004144 7.000000 0.033000
1281.000000 0.000260 0.007027 0.008997 -0.003916 7.000000 0.033000
1282.000000 0.000312 0.007027 0.007758 -0.000186 7.000000 0.033000
1283.000000 0.000325 0.007064 0.007126 0.001714 7.000000 0.033000
1284.000000 0.000338 0.007101 0.004871 0.004488 7.000000 0.033000
1285.000000 0.000377 0.007064 0.005035 0.002288 7.000000 0.033000
1286.000000 0.000416 0.007027 0.006430 -0.002444 7.000000 0.033000
1287.000000 0.000416 0.007027 0.005208 -0.003051 7.000000 0.033000
1288.000000 0.000469 0.007027 0.005207 -0.001552 7.000000 0.033000
1289.000000 0.000560 0.006991 0.009692 -0.002590 7.000000 0.033000
1290.000000 0.000560 0.006991 0.009424 -0.003121 7.000000 0.033000
1291.000000 0.000612 0.006991 0.007355 -0.001587 7.000000 0.033000
1292.000000 0.000637 0.007064 0.007539 0.002809 7.000000 0.033000
1293.000000 0.000677 0.007028 0.007014 0.003242 7.000000 0.033000
1294.000000 0.000716 0.006991 0.007440 -0.001956 7.000000 0.033000
1295.000000 0.000729 0.007028 0.006344 -0.000993 7.000000 0.033000
1296.000000 0.000781 0.007028 0.006404 0.001306 7.000000 0.033000
1297.000000 0.000820 0.006991 0.007750 -0.001134 7.000000 0.033000
1298.000000 0.000912 0.006954 0.010370 -0.004180 7.000000 0.033000
1299.000000 0.000924 0.006991 0.010389 -0.002121 13.000000 0.033000
1300.000000 0.000976 0.006991 0.008465 0.000732 13.000000 0.033000
1301.000000 0.000989 0.007028 0.007484 0.002186 13.000000 0.033000
1302.000000 0.001041 0.007028 0.006985 0.002927 13.000000 0.033000
1303.000000 0.001093 0.007028 0.008664 0.001502 13.000000 0.033000
1304.000000 0.001133 0.006992 0.008902 -0.001032 13.000000 0.033000
1305.000000 0.001185 0.006992 0.009024 -0.002322 13.000000 0.033000
1306.000000 0.001197 0.007029 0.007768 0.000631 13.000000 0.033000
1307.000000 0.001289 0.006992 0.009064 0.000334 13.000000 0.033000
1308.000000 0.001341 0.006992 0.011660 -0.001619 13.000000 0.033000
1309.000000 0.001380 0.006955 0.010430 -0.002619 13.000000 0.033000
1310.000000 0.001406 0.007029 0.008484 0.000480 13.000000 0.033000
1311.000000 0.001458 0.007029 0.008109 0.003869 13.000000 0.033000
1312.000000 0.001497 0.006992 0.008621 0.000177 13.000000 0.033000
1313.000000 0.001549 0.006993 0.008882 -0.001703 13.000000 0.033000
1314.000000 0.001601 0.006993 0.009631 -0.000852 13.000000 0.033000
1315.000000 0.001653 0.006993 0.010013 -0.000418 13.000000 0.033000
1316.000000 0.001757 0.006993 0.012761 -0.000187 13.000000 0.033000
1317.000000 0.001809 0.006993 0.014161 -0.000069 13.000000 0.033000
1318.000000 0.001861 0.006994 0.012321 -0.000017 13.000000 0.033000
1319.000000 0.001887 0.007067 0.010060 0.003618 13.000000 0.033000
1320.000000 0.001939 0.007068 0.008909 0.005471 13.000000 0.033000
1321.000000 0.002018 0.006994 0.010968 -0.000801 13.000000 0.033000
1322.000000 0.002070 0.006994 0.012017 -0.003997 13.000000 0.033000
1323.000000 0.002122 0.006995 0.011229 -0.002016 13.000000 0.033000
1324.000000 0.002174 0.006995 0.010827 -0.001006 13.000000 0.033000
1325.000000 0.002265 0.006958 0.012562 -0.002289 13.000000 0.033000
1326.000000 0.002330 0.006995 0.014059 -0.001133 13.000000 0.033000
1327.000000 0.002382 0.006996 0.012883 0.001255 13.000000 0.033000
1328.000000 0.002447 0.007033 0.012283 0.002473 13.000000 0.033000
1329.000000 0.002499 0.007033 0.011977 0.003094 13.000000 0.033000
1330.000000 0.002578 0.006960 0.012536 -0.002006 13.000000 0.033000
1331.000000 0.002630 0.006960 0.012820 -0.004603 13.000000 0.033000
1332.000000 0.002694 0.006997 0.012251 -0.000510 13.000000 0.033000
1333.000000 0.002747 0.006997 0.011961 0.001577 13.000000 0.033000
1334.000000 0.002878 0.006924 0.015083 -0.002761 13.000000 0.033000
1335.000000 0.002942 0.006962 0.017285 -0.003160 13.000000 0.033000
1336.000000 0.002955 0.006998 0.012584 0.002024 13.000000 0.033000
1337.000000 0.003071 0.007036 0.012740 0.004682 13.000000 0.033000
1338.000000 0.003123 0.007036 0.014761 0.004240 13.000000 0.033000
1339.000000 0.003215 0.007000 0.014568 0.000397 13.000000 0.033000
1340.000000 0.003267 0.007000 0.014470 -0.001561 13.000000 0.033000
1341.000000 0.003371 0.007001 0.015032 -0.000747 13.000000 0.033000
1342.000000 0.003423 0.007001 0.015318 -0.000331 13.000000 0.033000
1343.000000 0.003567 0.006965 0.017407 -0.001910 13.000000 0.033000
1344.000000 0.003632 0.007003 0.019080 -0.000904 13.000000 0.033000
1345.000000 0.003684 0.007003 0.015437 0.001386 13.000000 0.033000
1346.000000 0.003800 0.007041 0.016132 0.002572 13.000000 0.033000
1347.000000 0.003892 0.007004 0.018432 0.001385 13.000000 0.033000
1348.000000 0.003944 0.007005 0.016441 -0.001049 13.000000 0.033000
1349.000000 0.004048 0.007006 0.016036 -0.000476 13.000000 0.033000
1350.000000 0.004140 0.006969 0.017775 -0.001974 13.000000 0.033000
1351.000000 0.004244 0.006970 0.018661 -0.002736 13.000000 0.033000
1352.000000 0.004388 0.006934 0.021667 -0.003100 13.000000 0.033000
1353.000000 0.004492 0.006935 0.023199 -0.003283 13.000000 0.033000
1354.000000 0.004517 0.007009 0.018139 0.001994 13.000000 0.033000
1355.000000 0.004633 0.007047 0.016166 0.006497 13.000000 0.033000
1356.000000 0.004737 0.007048 0.019053 0.005213 13.000000 0.033000
1357.000000 0.004829 0.007012 0.019314 0.000936 13.000000 0.033000
1358.000000 0.004933 0.007013 0.019446 -0.001241 13.000000 0.033000
1359.000000 0.005037 0.007014 0.020120 -0.000535 13.000000 0.033000
1360.000000 0.005181 0.006978 0.022412 -0.001961 13.000000 0.033000
1361.000000 0.005325 0.006943 0.025530 -0.004471 13.000000 0.033000
1362.000000 0.005441 0.006981 0.025773 -0.002147 13.000000 0.033000
1363.000000 0.005506 0.007018 0.021997 0.002611 13.000000 0.033000
1364.000000 0.005622 0.007056 0.020071 0.005038 13.000000 0.033000
1365.000000 0.005766 0.007021 0.022991 0.002705 13.000000 0.033000
1366.000000 0.005858 0.006985 0.023274 -0.002109 13.000000 0.033000
1367.000000 0.005962 0.006986 0.021468 -0.002773 13.000000 0.033000
1368.000000 0.006118 0.006988 0.023704 -0.001266 13.000000 0.033000
1369.000000 0.006222 0.006989 0.024842 -0.000496 13.000000 0.033000
1370.000000 0.006378 0.006991 0.025422 -0.000099 13.000000 0.033000
1371.000000 0.006482 0.006992 0.025718 0.000104 13.000000 0.033000
1372.000000 0.006599 0.007031 0.023914 0.001994 13.000000 0.033000
1373.000000 0.006755 0.007032 0.025548 0.002993 13.000000 0.033000
1374.000000 0.006871 0.007071 0.026378 0.003503 13.000000 0.033000
1375.000000 0.007015 0.007036 0.026204 0.001953 13.000000 0.033000
1376.000000 0.007159 0.007001 0.027473 -0.002429 13.000000 0.033000
1377.000000 0.007315 0.007003 0.028718 -0.002842 13.000000 0.033000
1378.000000 0.007459 0.006968 0.029354 -0.003048 13.000000 0.033000
1379.000000 0.007616 0.006970 0.029678 -0.003149 13.000000 0.033000
1380.000000 0.007772 0.006972 0.030440 -0.001381 13.000000 0.033000
1381.000000 0.007928 0.006975 0.030828 -0.000475 13.000000 0.033000
1382.000000 0.008056 0.007050 0.029659 0.003582 13.000000 0.033000
1383.000000 0.008213 0.007053 0.029064 0.005654 13.000000 0.033000
1384.000000 0.008369 0.007055 0.030124 0.003121 13.000000 0.033000
1385.000000 0.008513 0.007020 0.030072 0.000018 13.000000 0.033000
1386.000000 0.008669 0.007023 0.030046 -0.001558 13.000000 0.033000
1387.000000 0.008825 0.007025 0.030626 -0.000540 13.000000 0.033000
1388.000000 0.009021 0.006992 0.032884 -0.001789 13.000000 0.033000
1389.000000 0.009177 0.006994 0.034034 -0.002422 13.000000 0.033000
1390.000000 0.009346 0.007034 0.033248 0.000852 13.000000 0.033000
1391.000000 0.009474 0.007110 0.031471 0.006113 13.000000 0.033000
1392.000000 0.009630 0.007113 0.029975 0.006980 13.000000 0.033000
1393.000000 0.009814 0.007042 0.031964 0.000249 13.000000 0.033000
1394.000000 0.009982 0.007082 0.033564 -0.001357 13.000000 0.033000
1395.000000 0.010139 0.007085 0.033005 0.001417 13.000000 0.033000
1396.000000 0.010347 0.007089 0.034684 0.001069 13.000000 0.033000
1397.000000 0.010543 0.007056 0.037507 -0.000871 13.000000 0.033000
1398.000000 0.010739 0.007023 0.038361 -0.003670 13.000000 0.033000
1399.000000 0.010907 0.007063 0.037413 -0.001505 13.000000 0.033000
1400.000000 0.011075 0.007103 0.035546 0.003190 13.000000 0.033000
1401.000000 0.011284 0.007108 0.036562 0.003823 13.000000 0.033000
1402.000000 0.011428 0.007074 0.035914 0.000509 13.000000 0.033000
1403.000000 0.011636 0.007078 0.035583 -0.001170 13.000000 0.033000
1404.000000 0.011804 0.007119 0.036578 0.001618 13.000000 0.033000
1405.000000 0.012012 0.007123 0.037085 0.003047 13.000000 0.033000
1406.000000 0.012261 0.007092 0.041287 0.000260 13.000000 0.033000
1407.000000 0.012457 0.007060 0.042850 -0.002974 13.000000 0.033000
1408.000000 0.012585 0.007136 0.037724 0.000666 13.000000 0.033000
1409.000000 0.012793 0.007141 0.035693 0.004349 13.000000 0.033000
1410.000000 0.013001 0.007146 0.038603 0.002712 13.000000 0.033000
1411.000000 0.013198 0.007114 0.039511 0.000064 13.000000 0.033000
1412.000000 0.013418 0.007156 0.040547 0.000545 13.000000 0.033000
1413.000000 0.013614 0.007124 0.041080 0.000797 13.000000 0.033000
1414.000000 0.013822 0.007130 0.040773 -0.000888 13.000000 0.033000
1415.000000 0.014071 0.007099 0.043173 -0.001669 13.000000 0.033000
1416.000000 0.014279 0.007104 0.044395 -0.002060 13.000000 0.033000
1417.000000 0.014447 0.007146 0.041058 0.001255 13.000000 0.033000
1418.000000 0.014667 0.007189 0.039928 0.004776 13.000000 0.033000
1419.000000 0.014886 0.007231 0.041901 0.006648 13.000000 0.033000
1420.000000 0.015123 0.007164 0.043748 0.002213 13.000000 0.033000
1421.000000 0.015331 0.007170 0.044117 -0.001862 13.000000 0.033000
1422.000000 0.015551 0.007213 0.043463 0.001469 13.000000 0.033000
1423.000000 0.015759 0.007219 0.043129 0.003174 13.000000 0.033000
1424.000000 0.016008 0.007190 0.044375 0.000480 13.000000 0.033000
1425.000000 0.016216 0.007196 0.045010 -0.000885 13.000000 0.033000
1426.000000 0.016395 0.007275 0.041926 0.003746 13.000000 0.033000
1427.000000 0.016656 0.007283 0.042906 0.006195 13.000000 0.033000
1428.000000 0.016864 0.007289 0.044824 0.003878 13.000000 0.033000
1429.000000 0.017112 0.007260 0.045240 0.000885 13.000000 0.033000
1430.000000 0.017320 0.007267 0.045451 -0.000633 13.000000 0.033000
1431.000000 0.017569 0.007238 0.045562 -0.001394 13.000000 0.033000
1432.000000 0.017777 0.007245 0.045618 -0.001775 13.000000 0.033000
1433.000000 0.018037 0.007253 0.046209 -0.000130 13.000000 0.033000
1434.000000 0.018298 0.007262 0.049061 0.000805 13.000000 0.033000
1435.000000 0.018477 0.007342 0.046525 0.004767 13.000000 0.033000
1436.000000 0.018737 0.007351 0.045232 0.006799 13.000000 0.033000
1437.000000 0.018985 0.007322 0.048002 0.002540 13.000000 0.033000
1438.000000 0.019194 0.007330 0.046862 0.000288 13.000000 0.033000
1439.000000 0.019442 0.007302 0.046285 -0.000847 13.000000 0.033000
1440.000000 0.019662 0.007347 0.046543 0.000410 13.000000 0.033000
1441.000000 0.019922 0.007356 0.047231 0.002891 13.000000 0.033000
1442.000000 0.020171 0.007328 0.049025 0.000604 13.000000 0.033000
1443.000000 0.020431 0.007338 0.049938 -0.000548 13.000000 0.033000
1444.000000 0.020639 0.007346 0.048406 0.000604 13.000000 0.033000
1445.000000 0.020870 0.007428 0.046171 0.004762 13.000000 0.033000
1446.000000 0.021119 0.007401 0.047036 0.005160 13.000000 0.033000
1447.000000 0.021367 0.007374 0.048377 -0.000015 13.000000 0.033000
1448.000000 0.021587 0.007420 0.047605 0.000916 13.000000 0.033000
1449.000000 0.021847 0.007430 0.047762 0.003233 13.000000 0.033000
1450.000000 0.022107 0.007441 0.049843 0.002698 13.000000 0.033000
1451.000000 0.022397 0.007379 0.052367 -0.001115 13.000000 0.033000
1452.000000 0.022616 0.007425 0.051643 -0.001325 13.000000 0.033000
1453.000000 0.022835 0.007471 0.047808 0.003857 13.000000 0.033000
1454.000000 0.023054 0.007517 0.045850 0.006505 13.000000 0.033000
1455.000000 0.023314 0.007528 0.046857 0.006144 13.000000 0.033000
1456.000000 0.023563 0.007502 0.048837 0.002417 13.000000 0.033000
1457.000000 0.023812 0.007476 0.049307 -0.001302 13.000000 0.033000
1458.000000 0.024072 0.007487 0.050088 -0.001352 13.000000 0.033000
1459.000000 0.024280 0.007497 0.048476 0.000348 13.000000 0.033000
1460.000000 0.024581 0.007473 0.049668 -0.000486 13.000000 0.033000
1461.000000 0.024800 0.007520 0.050810 0.000929 13.000000 0.033000
1462.000000 0.025020 0.007567 0.047365 0.005091 13.000000 0.033000
1463.000000 0.025290 0.007617 0.048154 0.007344 13.000000 0.033000
1464.000000 0.025540 0.007591 0.050037 0.004954 13.000000 0.033000
1465.000000 0.025748 0.007601 0.047909 0.001789 13.000000 0.033000
1466.000000 0.025997 0.007576 0.046828 0.000188 13.000000 0.033000
1467.000000 0.026216 0.007624 0.046808 0.001215 13.000000 0.033000
1468.000000 0.026476 0.007636 0.047332 0.003586 13.000000 0.033000
1469.000000 0.026725 0.007612 0.049085 0.001259 13.000000 0.033000
1470.000000 0.026985 0.007624 0.049977 0.000087 13.000000 0.033000
1471.000000 0.027204 0.007672 0.048941 0.003041 13.000000 0.033000
1472.000000 0.027463 0.007685 0.048413 0.004559 13.000000 0.033000
1473.000000 0.027713 0.007661 0.049637 0.001801 13.000000 0.033000
1474.000000 0.027921 0.007672 0.047710 0.000273 13.000000 0.033000
1475.000000 0.028181 0.007685 0.047256 0.001343 13.000000 0.033000
1476.000000 0.028430 0.007661 0.049050 0.000195 13.000000 0.033000
1477.000000 0.028649 0.007710 0.047936 0.001322 13.000000 0.033000
1478.000000 0.028939 0.007651 0.049400 0.000210 13.000000 0.033000
1479.000000 0.029158 0.007700 0.050140 -0.000349 13.000000 0.033000
