# imt log
s logheadsize 000234
s logcolumns 7
s logname /home/testac/lgames/fitts/20180717_Tue/run1.163955.dat
s logversion 2.0
s logdate "Tue Jul 17 16:39:55 EDT 2018"
s logidate 1531859995

# begin user data

# end user data

#####
2582.000000 0.001150 0.000742 -0.000000 0.000000 0.000000 0.000000
2583.000000 0.001150 0.000742 -0.000000 0.000000 0.000000 0.000000
2584.000000 0.001150 0.000742 -0.000000 0.000000 0.000000 0.000000
2585.000000 0.001150 0.000742 -0.000000 0.000000 7.000000 0.064000
2586.000000 0.001150 0.000742 -0.000000 0.000000 7.000000 0.064000
2587.000000 0.001150 0.000742 -0.000000 0.000000 7.000000 0.064000
2588.000000 0.001150 0.000742 -0.000000 0.000000 7.000000 0.064000
2589.000000 0.001137 0.000705 -0.000641 -0.001800 7.000000 0.064000
2590.000000 0.001137 0.000705 -0.000967 -0.002717 7.000000 0.064000
2591.000000 0.001137 0.000705 -0.000493 -0.001384 7.000000 0.064000
2592.000000 0.001137 0.000705 -0.000251 -0.000705 7.000000 0.064000
2593.000000 0.001137 0.000705 -0.000128 -0.000359 7.000000 0.064000
2594.000000 0.001137 0.000705 -0.000065 -0.000183 7.000000 0.064000
2595.000000 0.001137 0.000705 -0.000033 -0.000093 7.000000 0.064000
2596.000000 0.001137 0.000705 -0.000017 -0.000048 7.000000 0.064000
2597.000000 0.001137 0.000705 -0.000009 -0.000024 7.000000 0.064000
2598.000000 0.001137 0.000705 -0.000004 -0.000012 7.000000 0.064000
2599.000000 0.001137 0.000705 -0.000002 -0.000006 7.000000 0.064000
2600.000000 0.001137 0.000705 -0.000001 -0.000003 7.000000 0.064000
2601.000000 0.001137 0.000705 -0.000001 -0.000002 7.000000 0.064000
2602.000000 0.001137 0.000705 -0.000000 -0.000001 7.000000 0.064000
2603.000000 0.001097 0.000742 -0.001942 0.001795 7.000000 0.064000
2604.000000 0.001058 0.000779 -0.004873 0.004505 7.000000 0.064000
2605.000000 0.001058 0.000779 -0.004424 0.004090 7.000000 0.064000
2606.000000 0.001097 0.000742 -0.000313 0.000289 7.000000 0.064000
2607.000000 0.001097 0.000742 0.001783 -0.001648 7.000000 0.064000
2608.000000 0.001097 0.000742 0.000908 -0.000840 7.000000 0.064000
2609.000000 0.001097 0.000742 0.000463 -0.000428 7.000000 0.064000
2610.000000 0.001097 0.000742 0.000236 -0.000218 7.000000 0.064000
2611.000000 0.001097 0.000742 0.000120 -0.000111 7.000000 0.064000
2612.000000 0.001097 0.000742 0.000061 -0.000057 7.000000 0.064000
2613.000000 0.001097 0.000742 0.000031 -0.000029 7.000000 0.064000
2614.000000 0.001097 0.000742 0.000016 -0.000015 7.000000 0.064000
2615.000000 0.001097 0.000742 0.000008 -0.000007 7.000000 0.064000
2616.000000 0.001097 0.000742 0.000004 -0.000004 7.000000 0.064000
2617.000000 0.001097 0.000742 0.000002 -0.000002 7.000000 0.064000
2618.000000 0.001097 0.000742 0.000001 -0.000001 7.000000 0.064000
2619.000000 0.001097 0.000742 0.000001 -0.000001 7.000000 0.064000
2620.000000 0.001097 0.000742 0.000000 -0.000000 7.000000 0.064000
2621.000000 0.001097 0.000742 0.000000 -0.000000 7.000000 0.064000
2622.000000 0.001097 0.000742 0.000000 -0.000000 7.000000 0.064000
2623.000000 0.001084 0.000705 -0.000641 -0.001800 7.000000 0.064000
2624.000000 0.001084 0.000705 -0.000967 -0.002717 7.000000 0.064000
2625.000000 0.001084 0.000705 -0.000493 -0.001384 7.000000 0.064000
2626.000000 0.001084 0.000705 -0.000251 -0.000705 7.000000 0.064000
2627.000000 0.001084 0.000705 -0.000128 -0.000359 7.000000 0.064000
2628.000000 0.001084 0.000705 -0.000065 -0.000183 7.000000 0.064000
2629.000000 0.001084 0.000705 -0.000033 -0.000093 7.000000 0.064000
2630.000000 0.001084 0.000705 -0.000017 -0.000048 7.000000 0.064000
2631.000000 0.001084 0.000705 -0.000009 -0.000024 7.000000 0.064000
2632.000000 0.001084 0.000705 -0.000004 -0.000012 7.000000 0.064000
2633.000000 0.001084 0.000705 -0.000002 -0.000006 7.000000 0.064000
2634.000000 0.001084 0.000705 -0.000001 -0.000003 7.000000 0.064000
2635.000000 0.001084 0.000705 -0.000001 -0.000002 7.000000 0.064000
2636.000000 0.001084 0.000705 -0.000000 -0.000001 7.000000 0.064000
2637.000000 0.001084 0.000705 -0.000000 -0.000000 7.000000 0.064000
2638.000000 0.001084 0.000705 -0.000000 -0.000000 7.000000 0.064000
2639.000000 0.001084 0.000705 -0.000000 -0.000000 7.000000 0.064000
2640.000000 0.001084 0.000705 -0.000000 -0.000000 7.000000 0.064000
2641.000000 0.001084 0.000705 -0.000000 -0.000000 7.000000 0.064000
2642.000000 0.001084 0.000705 -0.000000 -0.000000 7.000000 0.064000
2643.000000 0.001084 0.000705 -0.000000 -0.000000 7.000000 0.064000
2644.000000 0.001084 0.000705 -0.000000 -0.000000 7.000000 0.064000
2645.000000 0.001084 0.000705 -0.000000 -0.000000 7.000000 0.064000
2646.000000 0.001084 0.000705 -0.000000 -0.000000 7.000000 0.064000
2647.000000 0.001084 0.000705 -0.000000 -0.000000 7.000000 0.064000
2648.000000 0.001084 0.000705 -0.000000 -0.000000 7.000000 0.064000
2649.000000 0.001084 0.000705 -0.000000 -0.000000 7.000000 0.064000
2650.000000 0.001084 0.000705 -0.000000 -0.000000 7.000000 0.064000
2651.000000 0.001084 0.000705 -0.000000 -0.000000 7.000000 0.064000
2652.000000 0.001084 0.000705 -0.000000 -0.000000 7.000000 0.064000
2653.000000 0.001084 0.000705 -0.000000 -0.000000 7.000000 0.064000
2654.000000 0.001084 0.000705 -0.000000 -0.000000 7.000000 0.064000
2655.000000 0.001084 0.000705 -0.000000 -0.000000 7.000000 0.064000
2656.000000 0.001084 0.000705 -0.000000 -0.000000 7.000000 0.064000
2657.000000 0.001084 0.000705 -0.000000 -0.000000 7.000000 0.064000
2658.000000 0.001084 0.000705 -0.000000 -0.000000 7.000000 0.064000
2659.000000 0.001084 0.000705 -0.000000 -0.000000 7.000000 0.064000
2660.000000 0.001084 0.000705 -0.000000 -0.000000 7.000000 0.064000
2661.000000 0.001084 0.000705 -0.000000 -0.000000 7.000000 0.064000
2662.000000 0.001084 0.000705 -0.000000 -0.000000 7.000000 0.064000
2663.000000 0.001084 0.000705 -0.000000 -0.000000 7.000000 0.064000
2664.000000 0.001084 0.000705 -0.000000 -0.000000 7.000000 0.064000
2665.000000 0.001084 0.000705 -0.000000 -0.000000 7.000000 0.064000
2666.000000 0.001084 0.000705 -0.000000 -0.000000 7.000000 0.064000
2667.000000 0.001084 0.000705 -0.000000 -0.000000 7.000000 0.064000
2668.000000 0.001084 0.000705 -0.000000 -0.000000 7.000000 0.064000
2669.000000 0.001084 0.000705 -0.000000 -0.000000 7.000000 0.064000
2670.000000 0.001084 0.000705 -0.000000 -0.000000 7.000000 0.064000
2671.000000 0.001084 0.000705 -0.000000 -0.000000 7.000000 0.064000
2672.000000 0.001084 0.000705 -0.000000 -0.000000 7.000000 0.064000
2673.000000 0.001084 0.000705 -0.000000 -0.000000 7.000000 0.064000
2674.000000 0.001084 0.000705 -0.000000 -0.000000 7.000000 0.064000
2675.000000 0.001084 0.000705 -0.000000 -0.000000 7.000000 0.064000
2676.000000 0.001084 0.000705 -0.000000 -0.000000 7.000000 0.064000
2677.000000 0.001084 0.000705 -0.000000 -0.000000 7.000000 0.064000
2678.000000 0.001084 0.000705 -0.000000 -0.000000 7.000000 0.064000
2679.000000 0.001084 0.000705 -0.000000 -0.000000 7.000000 0.064000
2680.000000 0.001084 0.000705 -0.000000 -0.000000 7.000000 0.064000
2681.000000 0.001084 0.000705 -0.000000 -0.000000 7.000000 0.064000
2682.000000 0.001084 0.000705 -0.000000 -0.000000 7.000000 0.064000
2683.000000 0.001084 0.000705 -0.000000 -0.000000 7.000000 0.064000
2684.000000 0.001084 0.000705 -0.000000 -0.000000 7.000000 0.064000
2685.000000 0.001084 0.000705 -0.000000 -0.000000 7.000000 0.064000
2686.000000 0.001084 0.000705 -0.000000 -0.000000 7.000000 0.064000
2687.000000 0.001084 0.000705 -0.000000 -0.000000 7.000000 0.064000
2688.000000 0.001084 0.000705 -0.000000 -0.000000 7.000000 0.064000
2689.000000 0.001084 0.000705 -0.000000 -0.000000 7.000000 0.064000
2690.000000 0.001084 0.000705 -0.000000 -0.000000 7.000000 0.064000
2691.000000 0.001084 0.000705 -0.000000 -0.000000 7.000000 0.064000
2692.000000 0.001084 0.000705 -0.000000 -0.000000 7.000000 0.064000
2693.000000 0.001084 0.000705 -0.000000 -0.000000 7.000000 0.064000
2694.000000 0.001084 0.000705 -0.000000 -0.000000 7.000000 0.064000
2695.000000 0.001084 0.000705 -0.000000 -0.000000 7.000000 0.064000
2696.000000 0.001084 0.000705 -0.000000 -0.000000 7.000000 0.064000
2697.000000 0.001084 0.000705 -0.000000 -0.000000 7.000000 0.064000
2698.000000 0.001084 0.000705 -0.000000 -0.000000 7.000000 0.064000
2699.000000 0.001084 0.000705 -0.000000 -0.000000 7.000000 0.064000
2700.000000 0.001084 0.000705 -0.000000 -0.000000 7.000000 0.064000
2701.000000 0.001084 0.000705 -0.000000 -0.000000 7.000000 0.064000
2702.000000 0.001084 0.000705 -0.000000 -0.000000 7.000000 0.064000
2703.000000 0.001084 0.000705 -0.000000 -0.000000 7.000000 0.064000
2704.000000 0.001084 0.000705 -0.000000 -0.000000 7.000000 0.064000
2705.000000 0.001084 0.000705 -0.000000 -0.000000 7.000000 0.064000
2706.000000 0.001084 0.000705 -0.000000 -0.000000 7.000000 0.064000
2707.000000 0.001084 0.000705 -0.000000 -0.000000 7.000000 0.064000
2708.000000 0.001084 0.000705 -0.000000 -0.000000 7.000000 0.064000
2709.000000 0.001084 0.000705 -0.000000 -0.000000 7.000000 0.064000
2710.000000 0.001084 0.000705 -0.000000 -0.000000 7.000000 0.064000
2711.000000 0.001084 0.000705 -0.000000 -0.000000 7.000000 0.064000
2712.000000 0.001084 0.000705 -0.000000 -0.000000 7.000000 0.064000
2713.000000 0.001084 0.000705 -0.000000 -0.000000 7.000000 0.064000
2714.000000 0.001084 0.000705 -0.000000 -0.000000 7.000000 0.064000
2715.000000 0.001084 0.000705 -0.000000 -0.000000 7.000000 0.064000
2716.000000 0.001084 0.000705 -0.000000 -0.000000 7.000000 0.064000
2717.000000 0.001084 0.000705 -0.000000 -0.000000 7.000000 0.064000
2718.000000 0.001084 0.000705 -0.000000 -0.000000 7.000000 0.064000
2719.000000 0.001084 0.000705 -0.000000 -0.000000 7.000000 0.064000
2720.000000 0.001084 0.000705 -0.000000 -0.000000 7.000000 0.064000
2721.000000 0.001084 0.000705 -0.000000 -0.000000 7.000000 0.064000
2722.000000 0.001084 0.000705 -0.000000 -0.000000 7.000000 0.064000
2723.000000 0.001084 0.000705 -0.000000 -0.000000 7.000000 0.064000
2724.000000 0.001084 0.000705 -0.000000 -0.000000 7.000000 0.064000
2725.000000 0.001084 0.000705 -0.000000 -0.000000 7.000000 0.064000
2726.000000 0.001084 0.000705 -0.000000 -0.000000 7.000000 0.064000
2727.000000 0.001084 0.000705 -0.000000 -0.000000 7.000000 0.064000
2728.000000 0.001084 0.000705 -0.000000 -0.000000 7.000000 0.064000
2729.000000 0.001084 0.000705 -0.000000 -0.000000 7.000000 0.064000
2730.000000 0.001084 0.000705 -0.000000 -0.000000 7.000000 0.064000
2731.000000 0.001084 0.000705 -0.000000 -0.000000 7.000000 0.064000
2732.000000 0.001084 0.000705 -0.000000 -0.000000 7.000000 0.064000
2733.000000 0.001084 0.000705 -0.000000 -0.000000 7.000000 0.064000
2734.000000 0.001084 0.000705 -0.000000 -0.000000 7.000000 0.064000
2735.000000 0.001084 0.000705 -0.000000 -0.000000 7.000000 0.064000
2736.000000 0.001084 0.000705 -0.000000 -0.000000 7.000000 0.064000
2737.000000 0.001084 0.000705 -0.000000 -0.000000 7.000000 0.064000
2738.000000 0.001084 0.000705 -0.000000 -0.000000 7.000000 0.064000
2739.000000 0.001084 0.000705 -0.000000 -0.000000 7.000000 0.064000
2740.000000 0.001084 0.000705 -0.000000 -0.000000 7.000000 0.064000
2741.000000 0.001084 0.000705 -0.000000 -0.000000 7.000000 0.064000
2742.000000 0.001084 0.000705 -0.000000 -0.000000 7.000000 0.064000
2743.000000 0.001084 0.000705 -0.000000 -0.000000 7.000000 0.064000
2744.000000 0.001084 0.000705 -0.000000 -0.000000 7.000000 0.064000
2745.000000 0.001084 0.000705 -0.000000 -0.000000 7.000000 0.064000
2746.000000 0.001084 0.000705 -0.000000 -0.000000 7.000000 0.064000
2747.000000 0.001084 0.000705 -0.000000 -0.000000 7.000000 0.064000
2748.000000 0.001084 0.000705 -0.000000 -0.000000 7.000000 0.064000
2749.000000 0.001084 0.000705 -0.000000 -0.000000 7.000000 0.064000
2750.000000 0.001084 0.000705 -0.000000 -0.000000 7.000000 0.064000
2751.000000 0.001084 0.000705 -0.000000 -0.000000 7.000000 0.064000
2752.000000 0.001084 0.000705 -0.000000 -0.000000 7.000000 0.064000
2753.000000 0.001084 0.000705 -0.000000 -0.000000 7.000000 0.064000
2754.000000 0.001084 0.000705 -0.000000 -0.000000 7.000000 0.064000
2755.000000 0.001084 0.000705 -0.000000 -0.000000 7.000000 0.064000
2756.000000 0.001084 0.000705 -0.000000 -0.000000 7.000000 0.064000
2757.000000 0.001084 0.000705 -0.000000 -0.000000 7.000000 0.064000
2758.000000 0.001084 0.000705 -0.000000 -0.000000 7.000000 0.064000
2759.000000 0.001084 0.000705 -0.000000 -0.000000 7.000000 0.064000
2760.000000 0.001084 0.000705 -0.000000 -0.000000 7.000000 0.064000
2761.000000 0.001084 0.000705 -0.000000 -0.000000 7.000000 0.064000
2762.000000 0.001084 0.000705 -0.000000 -0.000000 7.000000 0.064000
2763.000000 0.001084 0.000705 -0.000000 -0.000000 7.000000 0.064000
2764.000000 0.001084 0.000705 -0.000000 -0.000000 7.000000 0.064000
2765.000000 0.001084 0.000705 -0.000000 -0.000000 7.000000 0.064000
2766.000000 0.001084 0.000705 -0.000000 -0.000000 7.000000 0.064000
2767.000000 0.001084 0.000705 -0.000000 -0.000000 7.000000 0.064000
2768.000000 0.001084 0.000705 -0.000000 -0.000000 7.000000 0.064000
2769.000000 0.001084 0.000705 -0.000000 -0.000000 7.000000 0.064000
2770.000000 0.001084 0.000705 -0.000000 -0.000000 7.000000 0.064000
2771.000000 0.001084 0.000705 -0.000000 -0.000000 7.000000 0.064000
2772.000000 0.001084 0.000705 -0.000000 -0.000000 7.000000 0.064000
2773.000000 0.001084 0.000705 -0.000000 -0.000000 7.000000 0.064000
2774.000000 0.001084 0.000705 -0.000000 -0.000000 7.000000 0.064000
2775.000000 0.001084 0.000705 -0.000000 -0.000000 7.000000 0.064000
2776.000000 0.001084 0.000705 -0.000000 -0.000000 7.000000 0.064000
2777.000000 0.001084 0.000705 -0.000000 -0.000000 7.000000 0.064000
2778.000000 0.001084 0.000705 -0.000000 -0.000000 7.000000 0.064000
2779.000000 0.001084 0.000705 -0.000000 -0.000000 7.000000 0.064000
2780.000000 0.001084 0.000705 -0.000000 -0.000000 7.000000 0.064000
2781.000000 0.001084 0.000705 -0.000000 -0.000000 7.000000 0.064000
2782.000000 0.001084 0.000705 -0.000000 -0.000000 7.000000 0.064000
2783.000000 0.001084 0.000705 -0.000000 -0.000000 7.000000 0.064000
2784.000000 0.001084 0.000705 -0.000000 -0.000000 7.000000 0.064000
2785.000000 0.001084 0.000705 -0.000000 -0.000000 7.000000 0.064000
2786.000000 0.001084 0.000705 -0.000000 -0.000000 7.000000 0.064000
2787.000000 0.001084 0.000705 -0.000000 -0.000000 7.000000 0.064000
2788.000000 0.001084 0.000705 -0.000000 -0.000000 7.000000 0.064000
2789.000000 0.001084 0.000705 -0.000000 -0.000000 7.000000 0.064000
2790.000000 0.001084 0.000705 -0.000000 -0.000000 7.000000 0.064000
2791.000000 0.001084 0.000705 -0.000000 -0.000000 7.000000 0.064000
2792.000000 0.001084 0.000705 -0.000000 -0.000000 7.000000 0.064000
2793.000000 0.001084 0.000705 -0.000000 -0.000000 7.000000 0.064000
2794.000000 0.001084 0.000705 -0.000000 -0.000000 7.000000 0.064000
2795.000000 0.001084 0.000705 -0.000000 -0.000000 7.000000 0.064000
2796.000000 0.001084 0.000705 -0.000000 -0.000000 7.000000 0.064000
2797.000000 0.001084 0.000705 -0.000000 -0.000000 7.000000 0.064000
2798.000000 0.001084 0.000705 -0.000000 -0.000000 7.000000 0.064000
2799.000000 0.001084 0.000705 -0.000000 -0.000000 7.000000 0.064000
2800.000000 0.001084 0.000705 -0.000000 -0.000000 7.000000 0.064000
2801.000000 0.001045 0.000742 -0.001942 0.001795 7.000000 0.064000
2802.000000 0.001005 0.000779 -0.004872 0.004505 7.000000 0.064000
2803.000000 0.001005 0.000779 -0.004424 0.004091 7.000000 0.064000
2804.000000 0.001032 0.000705 -0.000953 -0.001511 7.000000 0.064000
2805.000000 0.001032 0.000705 0.000815 -0.004365 7.000000 0.064000
2806.000000 0.000992 0.000742 -0.001526 -0.000429 7.000000 0.064000
2807.000000 0.000992 0.000742 -0.002719 0.001577 7.000000 0.064000
2808.000000 0.000992 0.000742 -0.001385 0.000803 7.000000 0.064000
2809.000000 0.000992 0.000742 -0.000706 0.000409 7.000000 0.064000
2810.000000 0.000992 0.000742 -0.000360 0.000209 7.000000 0.064000
2811.000000 0.000992 0.000742 -0.000183 0.000106 7.000000 0.064000
2812.000000 0.000913 0.000815 -0.003976 0.003646 7.000000 0.064000
2813.000000 0.000900 0.000778 -0.006549 0.003649 7.000000 0.064000
2814.000000 0.000939 0.000742 -0.002037 -0.001737 7.000000 0.064000
2815.000000 0.000926 0.000705 0.000262 -0.004480 7.000000 0.064000
2816.000000 0.000900 0.000778 -0.001807 -0.000487 7.000000 0.064000
2817.000000 0.000900 0.000778 -0.002221 0.003348 7.000000 0.064000
2818.000000 0.000887 0.000742 -0.001773 -0.000094 7.000000 0.064000
2819.000000 0.000887 0.000742 -0.001545 -0.001848 7.000000 0.064000
2820.000000 0.000887 0.000742 -0.000787 -0.000942 7.000000 0.064000
2821.000000 0.000807 0.000815 -0.004282 0.003113 7.000000 0.064000
2822.000000 0.000794 0.000778 -0.006705 0.003378 7.000000 0.064000
2823.000000 0.000834 0.000742 -0.002117 -0.001875 7.000000 0.064000
2824.000000 0.000821 0.000705 0.000221 -0.004551 7.000000 0.064000
2825.000000 0.000794 0.000778 -0.001828 -0.000523 7.000000 0.064000
2826.000000 0.000794 0.000778 -0.002231 0.003330 7.000000 0.064000
2827.000000 0.000781 0.000742 -0.001778 -0.000103 7.000000 0.064000
2828.000000 0.000781 0.000742 -0.001548 -0.001852 7.000000 0.064000
2829.000000 0.000702 0.000815 -0.004669 0.002649 7.000000 0.064000
2830.000000 0.000702 0.000815 -0.006260 0.004943 7.000000 0.064000
2831.000000 0.000689 0.000778 -0.003831 0.000719 7.000000 0.064000
2832.000000 0.000716 0.000705 -0.001296 -0.005030 7.000000 0.064000
2833.000000 0.000676 0.000741 -0.001302 -0.004362 7.000000 0.064000
2834.000000 0.000689 0.000778 -0.001962 0.001374 7.000000 0.064000
2835.000000 0.000689 0.000778 -0.000358 0.002500 7.000000 0.064000
2836.000000 0.000676 0.000741 -0.000824 -0.000526 7.000000 0.064000
2837.000000 0.000636 0.000778 -0.003002 -0.000271 7.000000 0.064000
2838.000000 0.000597 0.000815 -0.005410 0.003456 7.000000 0.064000
2839.000000 0.000584 0.000778 -0.005339 0.001758 7.000000 0.064000
2840.000000 0.000531 0.000778 -0.005944 -0.000906 7.000000 0.064000
2841.000000 0.000571 0.000741 -0.003671 -0.002261 7.000000 0.064000
2842.000000 0.000558 0.000705 -0.000573 -0.004748 7.000000 0.064000
2843.000000 0.000531 0.000778 -0.002232 -0.000622 7.000000 0.064000
2844.000000 0.000531 0.000778 -0.002435 0.003279 7.000000 0.064000
2845.000000 0.000518 0.000741 -0.001883 -0.000129 7.000000 0.064000
2846.000000 0.000478 0.000778 -0.003542 -0.000068 7.000000 0.064000
2847.000000 0.000439 0.000815 -0.005683 0.003560 7.000000 0.064000
2848.000000 0.000386 0.000814 -0.007417 0.003610 7.000000 0.064000
2849.000000 0.000373 0.000778 -0.007004 0.000038 7.000000 0.064000
2850.000000 0.000413 0.000741 -0.002272 -0.003578 7.000000 0.064000
2851.000000 0.000360 0.000741 -0.001801 -0.003622 7.000000 0.064000
2852.000000 0.000373 0.000778 -0.002857 -0.000048 7.000000 0.064000
2853.000000 0.000321 0.000778 -0.003395 0.001774 7.000000 0.064000
2854.000000 0.000321 0.000778 -0.004312 0.000902 7.000000 0.064000
2855.000000 0.000281 0.000814 -0.004136 0.002258 7.000000 0.064000
2856.000000 0.000228 0.000814 -0.006628 0.002948 7.000000 0.064000
2857.000000 0.000228 0.000814 -0.005959 0.001501 7.000000 0.064000
2858.000000 0.000163 0.000778 -0.006262 -0.001035 7.000000 0.064000
2859.000000 0.000202 0.000741 -0.004478 -0.004126 7.000000 0.064000
2860.000000 0.000149 0.000741 -0.002925 -0.003901 7.000000 0.064000
2861.000000 0.000163 0.000778 -0.003429 -0.000189 7.000000 0.064000
2862.000000 0.000110 0.000778 -0.003686 0.001702 7.000000 0.064000
2863.000000 0.000110 0.000778 -0.004460 0.000867 7.000000 0.064000
2864.000000 0.000057 0.000778 -0.004855 0.000442 7.000000 0.064000
2865.000000 0.000018 0.000814 -0.006994 0.002024 7.000000 0.064000
2866.000000 -0.000035 0.000814 -0.008083 0.002831 7.000000 0.064000
2867.000000 -0.000048 0.000778 -0.007345 -0.000356 7.000000 0.064000
2868.000000 -0.000061 0.000741 -0.005031 -0.003779 7.000000 0.064000
2869.000000 -0.000061 0.000741 -0.003208 -0.003724 7.000000 0.064000
2870.000000 -0.000101 0.000778 -0.003572 -0.000098 7.000000 0.064000
2871.000000 -0.000101 0.000778 -0.003758 0.001749 7.000000 0.064000
2872.000000 -0.000153 0.000778 -0.004497 0.000892 7.000000 0.064000
2873.000000 -0.000206 0.000778 -0.007456 0.000457 7.000000 0.064000
2874.000000 -0.000246 0.000814 -0.008318 0.002034 7.000000 0.064000
2875.000000 -0.000298 0.000814 -0.008757 0.002838 7.000000 0.064000
2876.000000 -0.000311 0.000778 -0.007689 -0.000351 7.000000 0.064000
2877.000000 -0.000325 0.000741 -0.005209 -0.003776 7.000000 0.064000
2878.000000 -0.000364 0.000778 -0.005236 -0.001922 7.000000 0.064000
2879.000000 -0.000364 0.000778 -0.004605 0.000821 7.000000 0.064000
2880.000000 -0.000417 0.000778 -0.004928 0.000420 7.000000 0.064000
2881.000000 -0.000456 0.000815 -0.007029 0.002017 7.000000 0.064000
2882.000000 -0.000469 0.000778 -0.006164 0.001030 7.000000 0.064000
2883.000000 -0.000561 0.000815 -0.008304 0.000531 7.000000 0.064000
2884.000000 -0.000601 0.000851 -0.010685 0.003876 7.000000 0.064000
2885.000000 -0.000614 0.000815 -0.008026 0.001978 9.000000 0.064000
2886.000000 -0.000640 0.000741 -0.006029 -0.004387 9.000000 0.064000
2887.000000 -0.000680 0.000778 -0.006300 -0.004030 9.000000 0.064000
2888.000000 -0.000680 0.000778 -0.005146 -0.000252 9.000000 0.064000
2889.000000 -0.000733 0.000778 -0.005204 -0.000125 9.000000 0.064000
2890.000000 -0.000772 0.000815 -0.007169 0.001742 9.000000 0.064000
2891.000000 -0.000825 0.000815 -0.008170 0.002694 9.000000 0.064000
2892.000000 -0.000877 0.000815 -0.009327 0.001381 9.000000 0.064000
2893.000000 -0.000930 0.000815 -0.009916 0.000713 9.000000 0.064000
2894.000000 -0.000983 0.000815 -0.010216 0.000373 9.000000 0.064000
2895.000000 -0.000996 0.000779 -0.008435 -0.001603 9.000000 0.064000
2896.000000 -0.001049 0.000779 -0.007528 -0.002609 9.000000 0.064000
2897.000000 -0.001088 0.000815 -0.008352 0.000479 9.000000 0.064000
2898.000000 -0.001141 0.000816 -0.008772 0.002053 9.000000 0.064000
2899.000000 -0.001193 0.000816 -0.009633 0.001058 9.000000 0.064000
2900.000000 -0.001233 0.000852 -0.009424 0.002348 9.000000 0.064000
2901.000000 -0.001325 0.000889 -0.011250 0.004811 9.000000 0.064000
2902.000000 -0.001377 0.000889 -0.012829 0.004269 9.000000 0.064000
2903.000000 -0.001443 0.000853 -0.012349 0.000392 9.000000 0.064000
2904.000000 -0.001457 0.000816 -0.010172 -0.003388 9.000000 0.064000
2905.000000 -0.001509 0.000816 -0.008414 -0.003516 9.000000 0.064000
2906.000000 -0.001549 0.000853 -0.008801 0.000021 9.000000 0.064000
2907.000000 -0.001601 0.000853 -0.008999 0.001823 9.000000 0.064000
2908.000000 -0.001667 0.000817 -0.010399 -0.000852 9.000000 0.064000
2909.000000 -0.001720 0.000817 -0.011112 -0.002214 9.000000 0.064000
2910.000000 -0.001812 0.000854 -0.012757 0.000695 9.000000 0.064000
2911.000000 -0.001865 0.000854 -0.013595 0.002178 9.000000 0.064000
2912.000000 -0.001930 0.000818 -0.012742 -0.000668 9.000000 0.064000
2913.000000 -0.001944 0.000781 -0.010375 -0.003924 9.000000 0.064000
2914.000000 -0.001996 0.000781 -0.008519 -0.003786 9.000000 0.064000
2915.000000 -0.002075 0.000855 -0.010785 0.001694 9.000000 0.064000
2916.000000 -0.002128 0.000855 -0.011939 0.004487 9.000000 0.064000
2917.000000 -0.002180 0.000855 -0.011246 0.002307 9.000000 0.064000
2918.000000 -0.002246 0.000819 -0.011546 -0.000599 9.000000 0.064000
2919.000000 -0.002338 0.000856 -0.013628 -0.000271 9.000000 0.064000
2920.000000 -0.002391 0.000856 -0.014037 0.001692 9.000000 0.064000
2921.000000 -0.002496 0.000857 -0.014898 0.000899 9.000000 0.064000
2922.000000 -0.002510 0.000820 -0.013407 -0.001314 9.000000 0.064000
2923.000000 -0.002562 0.000820 -0.010065 -0.002453 9.000000 0.064000
2924.000000 -0.002654 0.000857 -0.012221 0.000584 9.000000 0.064000
2925.000000 -0.002707 0.000858 -0.013320 0.002132 9.000000 0.064000
2926.000000 -0.002760 0.000858 -0.011950 0.001113 9.000000 0.064000
2927.000000 -0.002865 0.000858 -0.013834 0.000609 9.000000 0.064000
2928.000000 -0.002957 0.000896 -0.016721 0.002162 9.000000 0.064000
2929.000000 -0.003062 0.000896 -0.018192 0.002956 9.000000 0.064000
2930.000000 -0.003128 0.000860 -0.017669 -0.000244 9.000000 0.064000
2931.000000 -0.003181 0.000860 -0.014820 -0.001889 9.000000 0.064000
2932.000000 -0.003286 0.000861 -0.015297 -0.000914 9.000000 0.064000
2933.000000 -0.003339 0.000861 -0.015539 -0.000418 9.000000 0.064000
2934.000000 -0.003431 0.000898 -0.015007 0.001632 9.000000 0.064000
2935.000000 -0.003497 0.000862 -0.015392 0.000882 9.000000 0.064000
2936.000000 -0.003602 0.000863 -0.016243 -0.001293 9.000000 0.064000
2937.000000 -0.003733 0.000937 -0.019871 0.003020 9.000000 0.064000
2938.000000 -0.003838 0.000938 -0.021719 0.005220 9.000000 0.064000
2939.000000 -0.003918 0.000865 -0.020126 -0.000872 9.000000 0.064000
2940.000000 -0.003970 0.000865 -0.016731 -0.003995 9.000000 0.064000
2941.000000 -0.004076 0.000866 -0.016271 -0.001976 9.000000 0.064000
2942.000000 -0.004168 0.000904 -0.017959 0.000867 9.000000 0.064000
2943.000000 -0.004273 0.000904 -0.018819 0.002318 9.000000 0.064000
2944.000000 -0.004378 0.000905 -0.019915 0.001265 9.000000 0.064000
2945.000000 -0.004484 0.000906 -0.020473 0.000731 9.000000 0.064000
2946.000000 -0.004628 0.000944 -0.022679 0.002278 9.000000 0.064000
2947.000000 -0.004733 0.000945 -0.023803 0.003067 9.000000 0.064000
2948.000000 -0.004852 0.000909 -0.023114 -0.000137 9.000000 0.064000
2949.000000 -0.004918 0.000873 -0.020843 -0.003585 9.000000 0.064000
2950.000000 -0.005023 0.000874 -0.019025 -0.003547 9.000000 0.064000
2951.000000 -0.005168 0.000912 -0.021941 0.000110 9.000000 0.064000
2952.000000 -0.005273 0.000913 -0.023426 0.001975 9.000000 0.064000
2953.000000 -0.005378 0.000914 -0.022262 0.001110 9.000000 0.064000
2954.000000 -0.005497 0.000879 -0.022332 -0.001121 9.000000 0.064000
2955.000000 -0.005642 0.000917 -0.024285 -0.000436 9.000000 0.064000
2956.000000 -0.005786 0.000955 -0.026536 0.003529 9.000000 0.064000
2957.000000 -0.005905 0.000919 -0.026429 0.001940 9.000000 0.064000
2958.000000 -0.006024 0.000884 -0.025120 -0.002479 9.000000 0.064000
2959.000000 -0.006129 0.000885 -0.023790 -0.002937 9.000000 0.064000
2960.000000 -0.006273 0.000924 -0.024364 0.000446 9.000000 0.064000
2961.000000 -0.006379 0.000925 -0.024657 0.002171 9.000000 0.064000
2962.000000 -0.006537 0.000927 -0.025470 0.001263 9.000000 0.064000
2963.000000 -0.006694 0.000929 -0.028466 0.000836 9.000000 0.064000
2964.000000 -0.006891 0.000968 -0.031906 0.002449 9.000000 0.064000
2965.000000 -0.007010 0.000932 -0.031746 0.001449 9.000000 0.064000
2966.000000 -0.007168 0.000935 -0.029749 -0.000879 9.000000 0.064000
2967.000000 -0.007287 0.000899 -0.028734 -0.002064 9.000000 0.064000
2968.000000 -0.007445 0.000901 -0.028217 -0.002662 9.000000 0.064000
2969.000000 -0.007589 0.000940 -0.029196 0.000651 9.000000 0.064000
2970.000000 -0.007747 0.000942 -0.029695 0.002345 9.000000 0.064000
2971.000000 -0.007905 0.000945 -0.030618 0.001422 9.000000 0.064000
2972.000000 -0.008063 0.000947 -0.031088 0.000956 9.000000 0.064000
2973.000000 -0.008260 0.000987 -0.033237 0.002554 9.000000 0.064000
2974.000000 -0.008418 0.000989 -0.034331 0.003372 9.000000 0.064000
2975.000000 -0.008628 0.000992 -0.035560 0.002009 9.000000 0.064000
2976.000000 -0.008761 0.000921 -0.034954 -0.002302 9.000000 0.064000
2977.000000 -0.008919 0.000923 -0.032063 -0.004535 9.000000 0.064000
2978.000000 -0.009063 0.000963 -0.031151 -0.000262 9.000000 0.064000
2979.000000 -0.009235 0.000929 -0.031362 0.000132 9.000000 0.064000
2980.000000 -0.009432 0.000969 -0.034047 0.000383 9.000000 0.064000
2981.000000 -0.009590 0.000971 -0.034741 0.002303 9.000000 0.064000
2982.000000 -0.009786 0.001012 -0.035092 0.003289 9.000000 0.064000
2983.000000 -0.009997 0.001015 -0.037851 0.003846 9.000000 0.064000
2984.000000 -0.010169 0.000982 -0.038032 0.000513 9.000000 0.064000
2985.000000 -0.010340 0.000948 -0.036222 -0.003014 9.000000 0.064000
2986.000000 -0.010512 0.000915 -0.035303 -0.004806 9.000000 0.064000
2987.000000 -0.010695 0.000992 -0.035375 -0.000305 9.000000 0.064000
2988.000000 -0.010853 0.000995 -0.034734 0.003779 9.000000 0.064000
2989.000000 -0.011063 0.000999 -0.035765 0.002296 9.000000 0.064000
2990.000000 -0.011260 0.001040 -0.038188 0.003386 9.000000 0.064000
2991.000000 -0.011471 0.001044 -0.039423 0.003949 9.000000 0.064000
2992.000000 -0.011681 0.001049 -0.040733 0.002459 9.000000 0.064000
2993.000000 -0.011906 0.001017 -0.042086 -0.000075 9.000000 0.064000
2994.000000 -0.012077 0.000984 -0.040880 -0.003203 9.000000 0.064000
2995.000000 -0.012235 0.000987 -0.037000 -0.003065 9.000000 0.064000
2996.000000 -0.012432 0.001028 -0.036234 0.000638 9.000000 0.064000
2997.000000 -0.012604 0.000996 -0.036531 0.000746 9.000000 0.064000
2998.000000 -0.012800 0.001037 -0.036678 0.000808 9.000000 0.064000
2999.000000 -0.013011 0.001042 -0.038649 0.002691 9.000000 0.064000
3000.000000 -0.013221 0.001047 -0.040339 0.001876 9.000000 0.064000
3001.000000 -0.013432 0.001052 -0.041200 0.001469 9.000000 0.064000
3002.000000 -0.013642 0.001057 -0.041639 0.001270 9.000000 0.064000
3003.000000 -0.013814 0.001025 -0.039973 -0.000674 9.000000 0.064000
3004.000000 -0.013986 0.000992 -0.037234 -0.003506 9.000000 0.064000
3005.000000 -0.014183 0.001034 -0.037037 -0.001313 9.000000 0.064000
3006.000000 -0.014379 0.001076 -0.038135 0.003442 9.000000 0.064000
3007.000000 -0.014590 0.001082 -0.039384 0.004091 9.000000 0.064000
3008.000000 -0.014800 0.001087 -0.040712 0.002649 9.000000 0.064000
3009.000000 -0.015049 0.001131 -0.043273 0.003777 9.000000 0.064000
3010.000000 -0.015260 0.001136 -0.044579 0.004359 9.000000 0.064000
3011.000000 -0.015484 0.001106 -0.044053 0.001032 9.000000 0.064000
3012.000000 -0.015618 0.001036 -0.040019 -0.004368 9.000000 0.064000
3013.000000 -0.015814 0.001079 -0.036569 -0.003552 9.000000 0.064000
3014.000000 -0.016011 0.001121 -0.037885 0.002358 9.000000 0.064000
3015.000000 -0.016221 0.001127 -0.039250 0.003598 9.000000 0.064000
3016.000000 -0.016393 0.001096 -0.038761 0.000600 9.000000 0.064000
3017.000000 -0.016589 0.001138 -0.037811 0.000859 9.000000 0.064000
3018.000000 -0.016838 0.001183 -0.041090 0.004716 9.000000 0.064000
3019.000000 -0.017063 0.001153 -0.044160 0.003133 9.000000 0.064000
3020.000000 -0.017274 0.001159 -0.043842 0.000477 9.000000 0.064000
3021.000000 -0.017446 0.001128 -0.041104 -0.000954 9.000000 0.064000
3022.000000 -0.017656 0.001135 -0.039708 -0.001674 9.000000 0.064000
3023.000000 -0.017814 0.001140 -0.038295 -0.000261 9.000000 0.064000
3024.000000 -0.018010 0.001183 -0.036870 0.002244 9.000000 0.064000
3025.000000 -0.018221 0.001190 -0.038724 0.003612 9.000000 0.064000
3026.000000 -0.018431 0.001197 -0.040372 0.002541 9.000000 0.064000
3027.000000 -0.018694 0.001206 -0.043791 0.002096 9.000000 0.064000
3028.000000 -0.018905 0.001213 -0.045533 0.001876 9.000000 0.064000
3029.000000 -0.019077 0.001182 -0.041969 -0.000184 9.000000 0.064000
3030.000000 -0.019249 0.001152 -0.038281 -0.003095 9.000000 0.064000
3031.000000 -0.019445 0.001195 -0.037565 -0.000930 9.000000 0.064000
3032.000000 -0.019603 0.001201 -0.036494 0.001952 9.000000 0.064000
3033.000000 -0.019814 0.001209 -0.036655 0.001654 9.000000 0.064000
3034.000000 -0.020024 0.001216 -0.039317 0.001603 9.000000 0.064000
3035.000000 -0.020234 0.001224 -0.040673 0.001585 9.000000 0.064000
3036.000000 -0.020430 0.001268 -0.040651 0.003357 9.000000 0.064000
3037.000000 -0.020641 0.001276 -0.040639 0.004269 9.000000 0.064000
3038.000000 -0.020866 0.001248 -0.042058 0.001195 9.000000 0.064000
3039.000000 -0.020986 0.001215 -0.038336 -0.002341 9.000000 0.064000
3040.000000 -0.021196 0.001224 -0.035726 -0.002360 9.000000 0.064000
3041.000000 -0.021377 0.001304 -0.037412 0.003153 9.000000 0.064000
3042.000000 -0.021588 0.001312 -0.038271 0.005970 9.000000 0.064000
3043.000000 -0.021798 0.001321 -0.040135 0.003869 9.000000 0.064000
3044.000000 -0.021971 0.001291 -0.039224 0.000929 9.000000 0.064000
3045.000000 -0.022219 0.001337 -0.040620 0.001318 9.000000 0.064000
3046.000000 -0.022377 0.001344 -0.040616 0.003291 9.000000 0.064000
3047.000000 -0.022526 0.001240 -0.035750 -0.003101 9.000000 0.064000
3048.000000 -0.022722 0.001285 -0.035129 -0.004474 9.000000 0.064000
3049.000000 -0.022894 0.001255 -0.035960 -0.001520 9.000000 0.064000
3050.000000 -0.023075 0.001336 -0.035658 0.001761 9.000000 0.064000
3051.000000 -0.023248 0.001307 -0.035507 0.003438 9.000000 0.064000
3052.000000 -0.023443 0.001352 -0.036146 0.002530 9.000000 0.064000
3053.000000 -0.023616 0.001322 -0.036475 0.002072 9.000000 0.064000
3054.000000 -0.023864 0.001370 -0.039218 0.001962 9.000000 0.064000
3055.000000 -0.024022 0.001377 -0.039895 0.003678 9.000000 0.064000
3056.000000 -0.024195 0.001348 -0.036527 0.000794 9.000000 0.064000
3057.000000 -0.024367 0.001318 -0.035537 -0.002439 9.000000 0.064000
3058.000000 -0.024525 0.001326 -0.034308 -0.002314 9.000000 0.064000
3059.000000 -0.024668 0.001369 -0.032232 0.001290 9.000000 0.064000
3060.000000 -0.024878 0.001378 -0.033753 0.003250 9.000000 0.064000
3061.000000 -0.025036 0.001385 -0.035252 0.002485 9.000000 0.064000
3062.000000 -0.025247 0.001395 -0.036016 0.002104 9.000000 0.064000
3063.000000 -0.025442 0.001441 -0.038255 0.003803 9.000000 0.064000
3064.000000 -0.025615 0.001412 -0.037547 0.002787 9.000000 0.064000
3065.000000 -0.025750 0.001345 -0.034214 -0.003270 9.000000 0.064000
3066.000000 -0.025907 0.001352 -0.031787 -0.004585 9.000000 0.064000
3067.000000 -0.026065 0.001360 -0.031673 -0.001596 9.000000 0.064000
3068.000000 -0.026208 0.001403 -0.030883 0.001696 9.000000 0.064000
3069.000000 -0.026366 0.001411 -0.030481 0.003379 9.000000 0.064000
3070.000000 -0.026524 0.001418 -0.031005 0.002474 9.000000 0.064000
3071.000000 -0.026682 0.001426 -0.031272 0.002018 9.000000 0.064000
3072.000000 -0.026877 0.001472 -0.033253 0.003684 9.000000 0.064000
3073.000000 -0.027050 0.001444 -0.034997 0.002772 9.000000 0.064000
3074.000000 -0.027222 0.001416 -0.034772 -0.001343 9.000000 0.064000
3075.000000 -0.027328 0.001421 -0.031346 -0.001803 9.000000 0.064000
3076.000000 -0.027448 0.001390 -0.027023 -0.002163 9.000000 0.064000
3077.000000 -0.027591 0.001434 -0.026663 -0.000450 9.000000 0.064000
3078.000000 -0.027748 0.001442 -0.028325 0.002321 9.000000 0.064000
3079.000000 -0.027906 0.001450 -0.029906 0.001974 9.000000 0.064000
3080.000000 -0.028049 0.001494 -0.029974 0.003565 9.000000 0.064000
3081.000000 -0.028207 0.001502 -0.030009 0.004380 9.000000 0.064000
3082.000000 -0.028364 0.001511 -0.030762 0.003036 9.000000 0.064000
3083.000000 -0.028500 0.001444 -0.030044 -0.001305 9.000000 0.064000
3084.000000 -0.028657 0.001452 -0.029678 -0.003512 9.000000 0.064000
3085.000000 -0.028815 0.001461 -0.030595 -0.000972 9.000000 0.064000
3086.000000 -0.028920 0.001466 -0.028484 0.000187 9.000000 0.064000
3087.000000 -0.029063 0.001510 -0.026667 0.002545 9.000000 0.064000
3088.000000 -0.029183 0.001480 -0.026482 0.001986 9.000000 0.064000
3089.000000 -0.029326 0.001524 -0.026385 0.001705 9.000000 0.064000
3090.000000 -0.029484 0.001533 -0.028175 0.003466 9.000000 0.064000
3091.000000 -0.029589 0.001539 -0.027248 0.002464 9.000000 0.064000
3092.000000 -0.029709 0.001508 -0.024940 0.000056 9.000000 0.064000
3093.000000 -0.029829 0.001478 -0.024506 -0.002930 9.000000 0.064000
3094.000000 -0.029972 0.001523 -0.025379 -0.000785 9.000000 0.064000
3095.000000 -0.030077 0.001528 -0.025082 0.002070 9.000000 0.064000
3096.000000 -0.030220 0.001573 -0.024929 0.003529 9.000000 0.064000
3097.000000 -0.030340 0.001543 -0.025595 0.002514 9.000000 0.064000
