# imt log
s logheadsize 000243
s logcolumns 7
s logname /home/testac/lgames/fitts/20181119_Mon/Player_125445_active.dat
s logversion 2.0
s logdate "Mon Nov 19 12:54:45 EST 2018"
s logidate 1542650085

# begin user data

# end user data

#####
2523.000000 0.200544 0.043360 -0.000000 0.000000 0.000000 0.000000
2524.000000 0.200544 0.043360 -0.000000 0.000000 0.000000 0.000000
2525.000000 0.200544 0.043360 -0.000000 0.000000 0.000000 0.000000
2526.000000 0.200544 0.043360 -0.000000 0.000000 7.000000 0.033000
2527.000000 0.200544 0.043360 -0.000000 0.000000 7.000000 0.033000
2528.000000 0.200544 0.043360 -0.000000 0.000000 7.000000 0.033000
2529.000000 0.200544 0.043360 -0.000000 0.000000 7.000000 0.033000
2530.000000 0.200544 0.043360 -0.000000 0.000000 7.000000 0.033000
2531.000000 0.200544 0.043360 -0.000000 0.000000 7.000000 0.033000
2532.000000 0.200544 0.043360 -0.000000 0.000000 7.000000 0.033000
2533.000000 0.200544 0.043360 -0.000000 0.000000 7.000000 0.033000
2534.000000 0.200544 0.043360 -0.000000 0.000000 7.000000 0.033000
2535.000000 0.200544 0.043360 -0.000000 0.000000 7.000000 0.033000
2536.000000 0.200544 0.043360 -0.000000 0.000000 7.000000 0.033000
2537.000000 0.200544 0.043360 -0.000000 0.000000 7.000000 0.033000
2538.000000 0.200544 0.043360 -0.000000 0.000000 7.000000 0.033000
2539.000000 0.200544 0.043360 -0.000000 0.000000 7.000000 0.033000
2540.000000 0.200544 0.043360 -0.000000 0.000000 7.000000 0.033000
2541.000000 0.200544 0.043360 -0.000000 0.000000 7.000000 0.033000
2542.000000 0.200544 0.043360 -0.000000 0.000000 7.000000 0.033000
2543.000000 0.200544 0.043360 -0.000000 0.000000 7.000000 0.033000
2544.000000 0.200544 0.043360 -0.000000 0.000000 7.000000 0.033000
2545.000000 0.200544 0.043360 -0.000000 0.000000 7.000000 0.033000
2546.000000 0.200544 0.043360 -0.000000 0.000000 7.000000 0.033000
2547.000000 0.200544 0.043360 -0.000000 0.000000 7.000000 0.033000
2548.000000 0.200544 0.043360 -0.000000 0.000000 7.000000 0.033000
2549.000000 0.200544 0.043360 -0.000000 0.000000 7.000000 0.033000
2550.000000 0.200544 0.043360 -0.000000 0.000000 7.000000 0.033000
2551.000000 0.200544 0.043360 -0.000000 0.000000 7.000000 0.033000
2552.000000 0.200544 0.043360 -0.000000 0.000000 7.000000 0.033000
2553.000000 0.200544 0.043360 -0.000000 0.000000 4.000000 0.033000
2554.000000 0.200544 0.043360 -0.000000 0.000000 4.000000 0.033000
2555.000000 0.200544 0.043360 -0.000000 0.000000 4.000000 0.033000
2556.000000 0.200544 0.043360 -0.000000 0.000000 4.000000 0.033000
2557.000000 0.200544 0.043360 -0.000000 0.000000 4.000000 0.033000
2558.000000 0.200544 0.043360 -0.000000 0.000000 4.000000 0.033000
2559.000000 0.200544 0.043360 -0.000000 0.000000 4.000000 0.033000
2560.000000 0.200544 0.043360 -0.000000 0.000000 4.000000 0.033000
2561.000000 0.200544 0.043360 -0.000000 0.000000 4.000000 0.033000
2562.000000 0.200544 0.043360 -0.000000 0.000000 4.000000 0.033000
2563.000000 0.200544 0.043360 -0.000000 0.000000 4.000000 0.033000
2564.000000 0.200544 0.043360 -0.000000 0.000000 4.000000 0.033000
2565.000000 0.200544 0.043360 -0.000000 0.000000 4.000000 0.033000
2566.000000 0.200544 0.043360 -0.000000 0.000000 4.000000 0.033000
2567.000000 0.200544 0.043360 -0.000000 0.000000 4.000000 0.033000
2568.000000 0.200544 0.043360 -0.000000 0.000000 4.000000 0.033000
2569.000000 0.200544 0.043360 -0.000000 0.000000 4.000000 0.033000
2570.000000 0.200544 0.043360 -0.000000 0.000000 4.000000 0.033000
2571.000000 0.200544 0.043360 -0.000000 0.000000 4.000000 0.033000
2572.000000 0.200544 0.043360 -0.000000 0.000000 4.000000 0.033000
2573.000000 0.200544 0.043360 -0.000000 0.000000 4.000000 0.033000
2574.000000 0.200544 0.043360 -0.000000 0.000000 4.000000 0.033000
2575.000000 0.200544 0.043360 -0.000000 0.000000 4.000000 0.033000
2576.000000 0.200544 0.043360 -0.000000 0.000000 4.000000 0.033000
2577.000000 0.200544 0.043360 -0.000000 0.000000 4.000000 0.033000
2578.000000 0.200544 0.043360 -0.000000 0.000000 4.000000 0.033000
2579.000000 0.200544 0.043360 -0.000000 0.000000 4.000000 0.033000
2580.000000 0.200544 0.043360 -0.000000 0.000000 4.000000 0.033000
2581.000000 0.200544 0.043360 -0.000000 0.000000 4.000000 0.033000
2582.000000 0.200544 0.043360 -0.000000 0.000000 4.000000 0.033000
2583.000000 0.200544 0.043360 -0.000000 0.000000 4.000000 0.033000
2584.000000 0.200544 0.043360 -0.000000 0.000000 4.000000 0.033000
2585.000000 0.200544 0.043360 -0.000000 0.000000 4.000000 0.033000
2586.000000 0.200544 0.043360 -0.000000 0.000000 4.000000 0.033000
2587.000000 0.200544 0.043360 -0.000000 0.000000 4.000000 0.033000
2588.000000 0.200544 0.043360 -0.000000 0.000000 4.000000 0.033000
2589.000000 0.200544 0.043360 -0.000000 0.000000 4.000000 0.033000
2590.000000 0.200544 0.043360 -0.000000 0.000000 4.000000 0.033000
2591.000000 0.200544 0.043360 -0.000000 0.000000 4.000000 0.033000
2592.000000 0.200544 0.043360 -0.000000 0.000000 4.000000 0.033000
2593.000000 0.200544 0.043360 -0.000000 0.000000 4.000000 0.033000
2594.000000 0.200544 0.043360 -0.000000 0.000000 4.000000 0.033000
2595.000000 0.200544 0.043360 -0.000000 0.000000 4.000000 0.033000
2596.000000 0.200544 0.043360 -0.000000 0.000000 4.000000 0.033000
2597.000000 0.200544 0.043360 -0.000000 0.000000 4.000000 0.033000
2598.000000 0.200544 0.043360 -0.000000 0.000000 4.000000 0.033000
2599.000000 0.200544 0.043360 -0.000000 0.000000 4.000000 0.033000
2600.000000 0.200544 0.043360 -0.000000 0.000000 4.000000 0.033000
2601.000000 0.200544 0.043360 -0.000000 0.000000 4.000000 0.033000
2602.000000 0.200544 0.043360 -0.000000 0.000000 4.000000 0.033000
2603.000000 0.200544 0.043360 -0.000000 0.000000 4.000000 0.033000
2604.000000 0.200544 0.043360 -0.000000 0.000000 4.000000 0.033000
2605.000000 0.200544 0.043360 -0.000000 0.000000 4.000000 0.033000
2606.000000 0.200544 0.043360 -0.000000 0.000000 4.000000 0.033000
2607.000000 0.200544 0.043360 -0.000000 0.000000 4.000000 0.033000
2608.000000 0.200544 0.043360 -0.000000 0.000000 4.000000 0.033000
2609.000000 0.200544 0.043360 -0.000000 0.000000 4.000000 0.033000
2610.000000 0.200544 0.043360 -0.000000 0.000000 4.000000 0.033000
2611.000000 0.200544 0.043360 -0.000000 0.000000 4.000000 0.033000
2612.000000 0.200544 0.043360 -0.000000 0.000000 4.000000 0.033000
2613.000000 0.200544 0.043360 -0.000000 0.000000 4.000000 0.033000
2614.000000 0.200544 0.043360 -0.000000 0.000000 4.000000 0.033000
2615.000000 0.200544 0.043360 -0.000000 0.000000 4.000000 0.033000
2616.000000 0.200544 0.043360 -0.000000 0.000000 4.000000 0.033000
2617.000000 0.200544 0.043360 -0.000000 0.000000 4.000000 0.033000
2618.000000 0.200544 0.043360 -0.000000 0.000000 4.000000 0.033000
2619.000000 0.200544 0.043360 -0.000000 0.000000 4.000000 0.033000
2620.000000 0.200544 0.043360 -0.000000 0.000000 4.000000 0.033000
2621.000000 0.200544 0.043360 -0.000000 0.000000 4.000000 0.033000
2622.000000 0.200544 0.043360 -0.000000 0.000000 4.000000 0.033000
2623.000000 0.200544 0.043360 -0.000000 0.000000 4.000000 0.033000
2624.000000 0.200544 0.043360 -0.000000 0.000000 4.000000 0.033000
2625.000000 0.200544 0.043360 -0.000000 0.000000 4.000000 0.033000
2626.000000 0.200544 0.043360 -0.000000 0.000000 4.000000 0.033000
2627.000000 0.200544 0.043360 -0.000000 0.000000 4.000000 0.033000
2628.000000 0.200544 0.043360 -0.000000 0.000000 4.000000 0.033000
2629.000000 0.200544 0.043360 -0.000000 0.000000 4.000000 0.033000
2630.000000 0.200544 0.043360 -0.000000 0.000000 4.000000 0.033000
2631.000000 0.200544 0.043360 -0.000000 0.000000 4.000000 0.033000
2632.000000 0.200544 0.043360 -0.000000 0.000000 4.000000 0.033000
2633.000000 0.200544 0.043360 -0.000000 0.000000 4.000000 0.033000
2634.000000 0.200544 0.043360 -0.000000 0.000000 4.000000 0.033000
2635.000000 0.200544 0.043360 -0.000000 0.000000 4.000000 0.033000
2636.000000 0.200544 0.043360 -0.000000 0.000000 4.000000 0.033000
2637.000000 0.200544 0.043360 -0.000000 0.000000 4.000000 0.033000
2638.000000 0.200544 0.043360 -0.000000 0.000000 4.000000 0.033000
2639.000000 0.200544 0.043360 -0.000000 0.000000 4.000000 0.033000
2640.000000 0.200544 0.043360 -0.000000 0.000000 4.000000 0.033000
2641.000000 0.200544 0.043360 -0.000000 0.000000 4.000000 0.033000
2642.000000 0.200544 0.043360 -0.000000 0.000000 4.000000 0.033000
2643.000000 0.200544 0.043360 -0.000000 0.000000 4.000000 0.033000
2644.000000 0.200544 0.043360 -0.000000 0.000000 4.000000 0.033000
2645.000000 0.200544 0.043360 -0.000000 0.000000 4.000000 0.033000
2646.000000 0.200544 0.043360 -0.000000 0.000000 4.000000 0.033000
2647.000000 0.200544 0.043360 -0.000000 0.000000 4.000000 0.033000
2648.000000 0.200544 0.043360 -0.000000 0.000000 4.000000 0.033000
2649.000000 0.200544 0.043360 -0.000000 0.000000 4.000000 0.033000
2650.000000 0.200544 0.043360 -0.000000 0.000000 4.000000 0.033000
2651.000000 0.200544 0.043360 -0.000000 0.000000 4.000000 0.033000
2652.000000 0.200544 0.043360 -0.000000 0.000000 4.000000 0.033000
2653.000000 0.200544 0.043360 -0.000000 0.000000 4.000000 0.033000
2654.000000 0.200544 0.043360 -0.000000 0.000000 4.000000 0.033000
2655.000000 0.200544 0.043360 -0.000000 0.000000 4.000000 0.033000
2656.000000 0.200544 0.043360 -0.000000 0.000000 4.000000 0.033000
2657.000000 0.200544 0.043360 -0.000000 0.000000 4.000000 0.033000
2658.000000 0.200544 0.043360 -0.000000 0.000000 4.000000 0.033000
2659.000000 0.200544 0.043360 -0.000000 0.000000 4.000000 0.033000
2660.000000 0.200544 0.043360 -0.000000 0.000000 4.000000 0.033000
2661.000000 0.200544 0.043360 -0.000000 0.000000 4.000000 0.033000
2662.000000 0.200544 0.043360 -0.000000 0.000000 4.000000 0.033000
2663.000000 0.200544 0.043360 -0.000000 0.000000 4.000000 0.033000
2664.000000 0.200544 0.043360 -0.000000 0.000000 4.000000 0.033000
2665.000000 0.200544 0.043360 -0.000000 0.000000 4.000000 0.033000
2666.000000 0.200544 0.043360 -0.000000 0.000000 4.000000 0.033000
2667.000000 0.200544 0.043360 -0.000000 0.000000 4.000000 0.033000
2668.000000 0.200544 0.043360 -0.000000 0.000000 4.000000 0.033000
2669.000000 0.200544 0.043360 -0.000000 0.000000 4.000000 0.033000
2670.000000 0.200544 0.043360 -0.000000 0.000000 4.000000 0.033000
2671.000000 0.200544 0.043360 -0.000000 0.000000 4.000000 0.033000
2672.000000 0.200544 0.043360 -0.000000 0.000000 4.000000 0.033000
2673.000000 0.200544 0.043360 -0.000000 0.000000 4.000000 0.033000
2674.000000 0.200544 0.043360 -0.000000 0.000000 4.000000 0.033000
2675.000000 0.200544 0.043360 -0.000000 0.000000 4.000000 0.033000
2676.000000 0.200544 0.043360 -0.000000 0.000000 4.000000 0.033000
2677.000000 0.200544 0.043360 -0.000000 0.000000 4.000000 0.033000
2678.000000 0.200544 0.043360 -0.000000 0.000000 4.000000 0.033000
2679.000000 0.200544 0.043360 -0.000000 0.000000 4.000000 0.033000
2680.000000 0.200544 0.043360 -0.000000 0.000000 4.000000 0.033000
2681.000000 0.200544 0.043360 -0.000000 0.000000 4.000000 0.033000
2682.000000 0.200544 0.043360 -0.000000 0.000000 4.000000 0.033000
2683.000000 0.200544 0.043360 -0.000000 0.000000 4.000000 0.033000
2684.000000 0.200544 0.043360 -0.000000 0.000000 4.000000 0.033000
2685.000000 0.200544 0.043360 -0.000000 0.000000 4.000000 0.033000
2686.000000 0.200544 0.043360 -0.000000 0.000000 4.000000 0.033000
2687.000000 0.200544 0.043360 -0.000000 0.000000 4.000000 0.033000
2688.000000 0.200544 0.043360 -0.000000 0.000000 4.000000 0.033000
2689.000000 0.200544 0.043360 -0.000000 0.000000 4.000000 0.033000
2690.000000 0.200544 0.043360 -0.000000 0.000000 4.000000 0.033000
2691.000000 0.200544 0.043360 -0.000000 0.000000 4.000000 0.033000
2692.000000 0.200544 0.043360 -0.000000 0.000000 4.000000 0.033000
2693.000000 0.200544 0.043360 -0.000000 0.000000 4.000000 0.033000
2694.000000 0.200544 0.043360 -0.000000 0.000000 4.000000 0.033000
2695.000000 0.200544 0.043360 -0.000000 0.000000 4.000000 0.033000
2696.000000 0.200544 0.043360 -0.000000 0.000000 4.000000 0.033000
2697.000000 0.200544 0.043360 -0.000000 0.000000 4.000000 0.033000
2698.000000 0.200544 0.043360 -0.000000 0.000000 4.000000 0.033000
2699.000000 0.200544 0.043360 -0.000000 0.000000 4.000000 0.033000
2700.000000 0.200544 0.043360 -0.000000 0.000000 4.000000 0.033000
2701.000000 0.200544 0.043360 -0.000000 0.000000 4.000000 0.033000
2702.000000 0.200544 0.043360 -0.000000 0.000000 4.000000 0.033000
2703.000000 0.200544 0.043360 -0.000000 0.000000 4.000000 0.033000
2704.000000 0.200544 0.043360 -0.000000 0.000000 4.000000 0.033000
2705.000000 0.200544 0.043360 -0.000000 0.000000 4.000000 0.033000
2706.000000 0.200544 0.043360 -0.000000 0.000000 4.000000 0.033000
2707.000000 0.200544 0.043360 -0.000000 0.000000 4.000000 0.033000
2708.000000 0.200544 0.043360 -0.000000 0.000000 4.000000 0.033000
2709.000000 0.200544 0.043360 -0.000000 0.000000 4.000000 0.033000
2710.000000 0.200544 0.043360 -0.000000 0.000000 4.000000 0.033000
2711.000000 0.200544 0.043360 -0.000000 0.000000 4.000000 0.033000
2712.000000 0.200544 0.043360 -0.000000 0.000000 4.000000 0.033000
2713.000000 0.200544 0.043360 -0.000000 0.000000 4.000000 0.033000
2714.000000 0.200544 0.043360 -0.000000 0.000000 4.000000 0.033000
2715.000000 0.200544 0.043360 -0.000000 0.000000 4.000000 0.033000
2716.000000 0.200544 0.043360 -0.000000 0.000000 4.000000 0.033000
2717.000000 0.200544 0.043360 -0.000000 0.000000 4.000000 0.033000
2718.000000 0.200544 0.043360 -0.000000 0.000000 4.000000 0.033000
2719.000000 0.200544 0.043360 -0.000000 0.000000 4.000000 0.033000
2720.000000 0.200544 0.043360 -0.000000 0.000000 4.000000 0.033000
2721.000000 0.200544 0.043360 -0.000000 0.000000 4.000000 0.033000
2722.000000 0.200544 0.043360 -0.000000 0.000000 4.000000 0.033000
2723.000000 0.200544 0.043360 -0.000000 0.000000 4.000000 0.033000
2724.000000 0.200544 0.043360 -0.000000 0.000000 4.000000 0.033000
2725.000000 0.200544 0.043360 -0.000000 0.000000 4.000000 0.033000
2726.000000 0.200544 0.043360 -0.000000 0.000000 4.000000 0.033000
2727.000000 0.200544 0.043360 -0.000000 0.000000 4.000000 0.033000
2728.000000 0.200544 0.043360 -0.000000 0.000000 4.000000 0.033000
2729.000000 0.200544 0.043360 -0.000000 0.000000 4.000000 0.033000
2730.000000 0.200544 0.043360 -0.000000 0.000000 4.000000 0.033000
2731.000000 0.200544 0.043360 -0.000000 0.000000 4.000000 0.033000
2732.000000 0.200544 0.043360 -0.000000 0.000000 4.000000 0.033000
2733.000000 0.200544 0.043360 -0.000000 0.000000 4.000000 0.033000
2734.000000 0.200544 0.043360 -0.000000 0.000000 4.000000 0.033000
2735.000000 0.200544 0.043360 -0.000000 0.000000 4.000000 0.033000
2736.000000 0.200544 0.043360 -0.000000 0.000000 4.000000 0.033000
2737.000000 0.200544 0.043360 -0.000000 0.000000 4.000000 0.033000
2738.000000 0.200544 0.043360 -0.000000 0.000000 4.000000 0.033000
2739.000000 0.200544 0.043360 -0.000000 0.000000 4.000000 0.033000
2740.000000 0.200544 0.043360 -0.000000 0.000000 4.000000 0.033000
2741.000000 0.200544 0.043360 -0.000000 0.000000 4.000000 0.033000
2742.000000 0.200544 0.043360 -0.000000 0.000000 4.000000 0.033000
2743.000000 0.200544 0.043360 -0.000000 0.000000 4.000000 0.033000
2744.000000 0.200544 0.043360 -0.000000 0.000000 4.000000 0.033000
2745.000000 0.200544 0.043360 -0.000000 0.000000 4.000000 0.033000
2746.000000 0.200544 0.043360 -0.000000 0.000000 4.000000 0.033000
2747.000000 0.200544 0.043360 -0.000000 0.000000 4.000000 0.033000
2748.000000 0.200544 0.043360 -0.000000 0.000000 4.000000 0.033000
2749.000000 0.200544 0.043360 -0.000000 0.000000 4.000000 0.033000
2750.000000 0.200544 0.043360 -0.000000 0.000000 4.000000 0.033000
2751.000000 0.200544 0.043360 -0.000000 0.000000 4.000000 0.033000
2752.000000 0.200544 0.043360 -0.000000 0.000000 4.000000 0.033000
2753.000000 0.200544 0.043360 -0.000000 0.000000 4.000000 0.033000
2754.000000 0.200544 0.043360 -0.000000 0.000000 4.000000 0.033000
2755.000000 0.200544 0.043360 -0.000000 0.000000 4.000000 0.033000
2756.000000 0.200544 0.043360 -0.000000 0.000000 4.000000 0.033000
2757.000000 0.200544 0.043360 -0.000000 0.000000 4.000000 0.033000
2758.000000 0.200544 0.043360 -0.000000 0.000000 4.000000 0.033000
2759.000000 0.200544 0.043360 -0.000000 0.000000 4.000000 0.033000
2760.000000 0.200544 0.043360 -0.000000 0.000000 4.000000 0.033000
2761.000000 0.200544 0.043360 -0.000000 0.000000 4.000000 0.033000
2762.000000 0.200544 0.043360 -0.000000 0.000000 4.000000 0.033000
2763.000000 0.200544 0.043360 -0.000000 0.000000 4.000000 0.033000
2764.000000 0.200544 0.043360 -0.000000 0.000000 7.000000 0.063000
2765.000000 0.200544 0.043360 -0.000000 0.000000 7.000000 0.063000
2766.000000 0.200544 0.043360 -0.000000 0.000000 7.000000 0.063000
2767.000000 0.200544 0.043360 -0.000000 0.000000 7.000000 0.063000
2768.000000 0.200544 0.043360 -0.000000 0.000000 7.000000 0.063000
2769.000000 0.200544 0.043360 -0.000000 0.000000 7.000000 0.063000
2770.000000 0.200544 0.043360 -0.000000 0.000000 7.000000 0.063000
2771.000000 0.200544 0.043360 -0.000000 0.000000 7.000000 0.063000
2772.000000 0.200544 0.043360 -0.000000 0.000000 7.000000 0.063000
2773.000000 0.200544 0.043360 -0.000000 0.000000 7.000000 0.063000
2774.000000 0.200544 0.043360 -0.000000 0.000000 7.000000 0.063000
2775.000000 0.200544 0.043360 -0.000000 0.000000 7.000000 0.063000
2776.000000 0.200544 0.043360 -0.000000 0.000000 7.000000 0.063000
2777.000000 0.200544 0.043360 -0.000000 0.000000 7.000000 0.063000
2778.000000 0.200544 0.043360 -0.000000 0.000000 7.000000 0.063000
2779.000000 0.200544 0.043360 -0.000000 0.000000 7.000000 0.063000
2780.000000 0.200544 0.043360 -0.000000 0.000000 7.000000 0.063000
2781.000000 0.200544 0.043360 -0.000000 0.000000 7.000000 0.063000
2782.000000 0.200544 0.043360 -0.000000 0.000000 7.000000 0.063000
2783.000000 0.200544 0.043360 -0.000000 0.000000 7.000000 0.063000
2784.000000 0.200544 0.043360 -0.000000 0.000000 7.000000 0.063000
2785.000000 0.200544 0.043360 -0.000000 0.000000 7.000000 0.063000
2786.000000 0.200544 0.043360 -0.000000 0.000000 7.000000 0.063000
2787.000000 0.200544 0.043360 -0.000000 0.000000 7.000000 0.063000
2788.000000 0.200544 0.043360 -0.000000 0.000000 7.000000 0.063000
2789.000000 0.200544 0.043360 -0.000000 0.000000 7.000000 0.063000
2790.000000 0.200544 0.043360 -0.000000 0.000000 7.000000 0.063000
2791.000000 0.200544 0.043360 -0.000000 0.000000 7.000000 0.063000
2792.000000 0.200544 0.043360 -0.000000 0.000000 7.000000 0.063000
2793.000000 0.200544 0.043360 -0.000000 0.000000 7.000000 0.063000
2794.000000 0.200544 0.043360 -0.000000 0.000000 7.000000 0.063000
2795.000000 0.200544 0.043360 -0.000000 0.000000 7.000000 0.063000
2796.000000 0.200544 0.043360 -0.000000 0.000000 7.000000 0.063000
2797.000000 0.200544 0.043360 -0.000000 0.000000 7.000000 0.063000
2798.000000 0.200544 0.043360 -0.000000 0.000000 7.000000 0.063000
2799.000000 0.200544 0.043360 -0.000000 0.000000 7.000000 0.063000
2800.000000 0.200544 0.043360 -0.000000 0.000000 7.000000 0.063000
2801.000000 0.200544 0.043360 -0.000000 0.000000 7.000000 0.063000
2802.000000 0.200544 0.043360 -0.000000 0.000000 7.000000 0.063000
2803.000000 0.200544 0.043360 -0.000000 0.000000 7.000000 0.063000
2804.000000 0.200544 0.043360 -0.000000 0.000000 7.000000 0.063000
2805.000000 0.200544 0.043360 -0.000000 0.000000 7.000000 0.063000
2806.000000 0.200544 0.043360 -0.000000 0.000000 7.000000 0.063000
2807.000000 0.200544 0.043360 -0.000000 0.000000 7.000000 0.063000
2808.000000 0.200544 0.043360 -0.000000 0.000000 7.000000 0.063000
2809.000000 0.200544 0.043360 -0.000000 0.000000 7.000000 0.063000
2810.000000 0.200544 0.043360 -0.000000 0.000000 7.000000 0.063000
2811.000000 0.200544 0.043360 -0.000000 0.000000 7.000000 0.063000
2812.000000 0.200544 0.043360 -0.000000 0.000000 7.000000 0.063000
2813.000000 0.200544 0.043360 -0.000000 0.000000 7.000000 0.063000
2814.000000 0.200544 0.043360 -0.000000 0.000000 7.000000 0.063000
2815.000000 0.200544 0.043360 -0.000000 0.000000 7.000000 0.063000
2816.000000 0.200544 0.043360 -0.000000 0.000000 7.000000 0.063000
2817.000000 0.200544 0.043360 -0.000000 0.000000 7.000000 0.063000
2818.000000 0.200544 0.043360 -0.000000 0.000000 7.000000 0.063000
2819.000000 0.200544 0.043360 -0.000000 0.000000 7.000000 0.063000
2820.000000 0.200544 0.043360 -0.000000 0.000000 7.000000 0.063000
2821.000000 0.200544 0.043360 -0.000000 0.000000 7.000000 0.063000
2822.000000 0.200544 0.043360 -0.000000 0.000000 7.000000 0.063000
2823.000000 0.200544 0.043360 -0.000000 0.000000 7.000000 0.063000
2824.000000 0.200544 0.043360 -0.000000 0.000000 7.000000 0.063000
2825.000000 0.200544 0.043360 -0.000000 0.000000 7.000000 0.063000
2826.000000 0.200544 0.043360 -0.000000 0.000000 7.000000 0.063000
2827.000000 0.200544 0.043360 -0.000000 0.000000 7.000000 0.063000
2828.000000 0.200544 0.043360 -0.000000 0.000000 7.000000 0.063000
2829.000000 0.200544 0.043360 -0.000000 0.000000 7.000000 0.063000
2830.000000 0.200544 0.043360 -0.000000 0.000000 7.000000 0.063000
2831.000000 0.200544 0.043360 -0.000000 0.000000 7.000000 0.063000
2832.000000 0.200544 0.043360 -0.000000 0.000000 7.000000 0.063000
2833.000000 0.200544 0.043360 -0.000000 0.000000 7.000000 0.063000
2834.000000 0.200544 0.043360 -0.000000 0.000000 7.000000 0.063000
2835.000000 0.200544 0.043360 -0.000000 0.000000 7.000000 0.063000
2836.000000 0.200544 0.043360 -0.000000 0.000000 7.000000 0.063000
2837.000000 0.200544 0.043360 -0.000000 0.000000 7.000000 0.063000
2838.000000 0.200544 0.043360 -0.000000 0.000000 7.000000 0.063000
2839.000000 0.200544 0.043360 -0.000000 0.000000 7.000000 0.063000
2840.000000 0.200544 0.043360 -0.000000 0.000000 7.000000 0.063000
2841.000000 0.200544 0.043360 -0.000000 0.000000 7.000000 0.063000
2842.000000 0.200544 0.043360 -0.000000 0.000000 7.000000 0.063000
2843.000000 0.200544 0.043360 -0.000000 0.000000 7.000000 0.063000
2844.000000 0.200544 0.043360 -0.000000 0.000000 7.000000 0.063000
2845.000000 0.200544 0.043360 -0.000000 0.000000 7.000000 0.063000
2846.000000 0.200544 0.043360 -0.000000 0.000000 7.000000 0.063000
2847.000000 0.200544 0.043360 -0.000000 0.000000 7.000000 0.063000
2848.000000 0.200544 0.043360 -0.000000 0.000000 7.000000 0.063000
2849.000000 0.200544 0.043360 -0.000000 0.000000 7.000000 0.063000
2850.000000 0.200544 0.043360 -0.000000 0.000000 7.000000 0.063000
2851.000000 0.200544 0.043360 -0.000000 0.000000 7.000000 0.063000
2852.000000 0.200544 0.043360 -0.000000 0.000000 7.000000 0.063000
2853.000000 0.200544 0.043360 -0.000000 0.000000 7.000000 0.063000
2854.000000 0.200544 0.043360 -0.000000 0.000000 7.000000 0.063000
2855.000000 0.200544 0.043360 -0.000000 0.000000 7.000000 0.063000
2856.000000 0.200544 0.043360 -0.000000 0.000000 7.000000 0.063000
2857.000000 0.200544 0.043360 -0.000000 0.000000 7.000000 0.063000
2858.000000 0.200544 0.043360 -0.000000 0.000000 7.000000 0.063000
2859.000000 0.200544 0.043360 -0.000000 0.000000 7.000000 0.063000
2860.000000 0.200544 0.043360 -0.000000 0.000000 7.000000 0.063000
2861.000000 0.200544 0.043360 -0.000000 0.000000 7.000000 0.063000
2862.000000 0.200544 0.043360 -0.000000 0.000000 7.000000 0.063000
2863.000000 0.200544 0.043360 -0.000000 0.000000 7.000000 0.063000
2864.000000 0.200544 0.043360 -0.000000 0.000000 7.000000 0.063000
2865.000000 0.200544 0.043360 -0.000000 0.000000 7.000000 0.063000
2866.000000 0.200544 0.043360 -0.000000 0.000000 7.000000 0.063000
2867.000000 0.200544 0.043360 -0.000000 0.000000 7.000000 0.063000
2868.000000 0.200544 0.043360 -0.000000 0.000000 7.000000 0.063000
2869.000000 0.200544 0.043360 -0.000000 0.000000 7.000000 0.063000
2870.000000 0.200544 0.043360 -0.000000 0.000000 7.000000 0.063000
2871.000000 0.200544 0.043360 -0.000000 0.000000 7.000000 0.063000
2872.000000 0.200544 0.043360 -0.000000 0.000000 7.000000 0.063000
2873.000000 0.200544 0.043360 -0.000000 0.000000 7.000000 0.063000
2874.000000 0.200544 0.043360 -0.000000 0.000000 7.000000 0.063000
2875.000000 0.200544 0.043360 -0.000000 0.000000 7.000000 0.063000
2876.000000 0.200544 0.043360 -0.000000 0.000000 7.000000 0.063000
2877.000000 0.200544 0.043360 -0.000000 0.000000 7.000000 0.063000
2878.000000 0.200544 0.043360 -0.000000 0.000000 7.000000 0.063000
2879.000000 0.200544 0.043360 -0.000000 0.000000 7.000000 0.063000
2880.000000 0.200544 0.043360 -0.000000 0.000000 7.000000 0.063000
2881.000000 0.200544 0.043360 -0.000000 0.000000 7.000000 0.063000
2882.000000 0.200544 0.043360 -0.000000 0.000000 7.000000 0.063000
2883.000000 0.200544 0.043360 -0.000000 0.000000 7.000000 0.063000
2884.000000 0.200544 0.043360 -0.000000 0.000000 7.000000 0.063000
2885.000000 0.200544 0.043360 -0.000000 0.000000 7.000000 0.063000
2886.000000 0.200544 0.043360 -0.000000 0.000000 7.000000 0.063000
2887.000000 0.200544 0.043360 -0.000000 0.000000 7.000000 0.063000
2888.000000 0.200544 0.043360 -0.000000 0.000000 7.000000 0.063000
2889.000000 0.200544 0.043360 -0.000000 0.000000 7.000000 0.063000
2890.000000 0.200544 0.043360 -0.000000 0.000000 7.000000 0.063000
2891.000000 0.200544 0.043360 -0.000000 0.000000 7.000000 0.063000
2892.000000 0.200544 0.043360 -0.000000 0.000000 7.000000 0.063000
2893.000000 0.200544 0.043360 -0.000000 0.000000 7.000000 0.063000
2894.000000 0.200544 0.043360 -0.000000 0.000000 7.000000 0.063000
2895.000000 0.200544 0.043360 -0.000000 0.000000 7.000000 0.063000
2896.000000 0.200544 0.043360 -0.000000 0.000000 7.000000 0.063000
2897.000000 0.200544 0.043360 -0.000000 0.000000 7.000000 0.063000
2898.000000 0.200544 0.043360 -0.000000 0.000000 7.000000 0.063000
2899.000000 0.200544 0.043360 -0.000000 0.000000 7.000000 0.063000
2900.000000 0.200544 0.043360 -0.000000 0.000000 7.000000 0.063000
2901.000000 0.200544 0.043360 -0.000000 0.000000 7.000000 0.063000
2902.000000 0.200544 0.043360 -0.000000 0.000000 7.000000 0.063000
2903.000000 0.200544 0.043360 -0.000000 0.000000 7.000000 0.063000
2904.000000 0.200544 0.043360 -0.000000 0.000000 7.000000 0.063000
2905.000000 0.200544 0.043360 -0.000000 0.000000 7.000000 0.063000
2906.000000 0.200544 0.043360 -0.000000 0.000000 7.000000 0.063000
2907.000000 0.200544 0.043360 -0.000000 0.000000 7.000000 0.063000
2908.000000 0.200544 0.043360 -0.000000 0.000000 7.000000 0.063000
2909.000000 0.200544 0.043360 -0.000000 0.000000 7.000000 0.063000
2910.000000 0.200544 0.043360 -0.000000 0.000000 7.000000 0.063000
2911.000000 0.200544 0.043360 -0.000000 0.000000 7.000000 0.063000
2912.000000 0.200544 0.043360 -0.000000 0.000000 7.000000 0.063000
2913.000000 0.200544 0.043360 -0.000000 0.000000 7.000000 0.063000
2914.000000 0.200544 0.043360 -0.000000 0.000000 7.000000 0.063000
2915.000000 0.200544 0.043360 -0.000000 0.000000 7.000000 0.063000
2916.000000 0.200544 0.043360 -0.000000 0.000000 7.000000 0.063000
2917.000000 0.200544 0.043360 -0.000000 0.000000 7.000000 0.063000
2918.000000 0.200544 0.043360 -0.000000 0.000000 7.000000 0.063000
2919.000000 0.200544 0.043360 -0.000000 0.000000 7.000000 0.063000
2920.000000 0.200544 0.043360 -0.000000 0.000000 7.000000 0.063000
2921.000000 0.200544 0.043360 -0.000000 0.000000 7.000000 0.063000
2922.000000 0.200544 0.043360 -0.000000 0.000000 7.000000 0.063000
2923.000000 0.200544 0.043360 -0.000000 0.000000 7.000000 0.063000
2924.000000 0.200544 0.043360 -0.000000 0.000000 7.000000 0.063000
2925.000000 0.200544 0.043360 -0.000000 0.000000 7.000000 0.063000
2926.000000 0.200544 0.043360 -0.000000 0.000000 7.000000 0.063000
2927.000000 0.200544 0.043360 -0.000000 0.000000 7.000000 0.063000
2928.000000 0.200544 0.043360 -0.000000 0.000000 7.000000 0.063000
2929.000000 0.200544 0.043360 -0.000000 0.000000 7.000000 0.063000
2930.000000 0.200544 0.043360 -0.000000 0.000000 7.000000 0.063000
2931.000000 0.200544 0.043360 -0.000000 0.000000 7.000000 0.063000
2932.000000 0.200544 0.043360 -0.000000 0.000000 7.000000 0.063000
2933.000000 0.200544 0.043360 -0.000000 0.000000 7.000000 0.063000
2934.000000 0.200544 0.043360 -0.000000 0.000000 7.000000 0.063000
2935.000000 0.200544 0.043360 -0.000000 0.000000 7.000000 0.063000
2936.000000 0.200544 0.043360 -0.000000 0.000000 7.000000 0.063000
2937.000000 0.200544 0.043360 -0.000000 0.000000 7.000000 0.063000
2938.000000 0.200544 0.043360 -0.000000 0.000000 7.000000 0.063000
2939.000000 0.200544 0.043360 -0.000000 0.000000 7.000000 0.063000
2940.000000 0.200544 0.043360 -0.000000 0.000000 7.000000 0.063000
2941.000000 0.200544 0.043360 -0.000000 0.000000 7.000000 0.063000
2942.000000 0.200544 0.043360 -0.000000 0.000000 7.000000 0.063000
2943.000000 0.200544 0.043360 -0.000000 0.000000 7.000000 0.063000
2944.000000 0.200544 0.043360 -0.000000 0.000000 7.000000 0.063000
2945.000000 0.200544 0.043360 -0.000000 0.000000 7.000000 0.063000
2946.000000 0.200544 0.043360 -0.000000 0.000000 7.000000 0.063000
2947.000000 0.200544 0.043360 -0.000000 0.000000 7.000000 0.063000
2948.000000 0.200544 0.043360 -0.000000 0.000000 7.000000 0.063000
2949.000000 0.200544 0.043360 -0.000000 0.000000 7.000000 0.063000
2950.000000 0.200544 0.043360 -0.000000 0.000000 7.000000 0.063000
2951.000000 0.200544 0.043360 -0.000000 0.000000 7.000000 0.063000
2952.000000 0.200544 0.043360 -0.000000 0.000000 7.000000 0.063000
2953.000000 0.200544 0.043360 -0.000000 0.000000 7.000000 0.063000
2954.000000 0.200544 0.043360 -0.000000 0.000000 7.000000 0.063000
2955.000000 0.200544 0.043360 -0.000000 0.000000 7.000000 0.063000
2956.000000 0.200544 0.043360 -0.000000 0.000000 7.000000 0.063000
2957.000000 0.200544 0.043360 -0.000000 0.000000 7.000000 0.063000
2958.000000 0.200544 0.043360 -0.000000 0.000000 7.000000 0.063000
2959.000000 0.200544 0.043360 -0.000000 0.000000 7.000000 0.063000
2960.000000 0.200544 0.043360 -0.000000 0.000000 7.000000 0.063000
2961.000000 0.200544 0.043360 -0.000000 0.000000 7.000000 0.063000
2962.000000 0.200544 0.043360 -0.000000 0.000000 7.000000 0.063000
2963.000000 0.200544 0.043360 -0.000000 0.000000 7.000000 0.063000
2964.000000 0.200544 0.043360 -0.000000 0.000000 7.000000 0.063000
2965.000000 0.200544 0.043360 -0.000000 0.000000 7.000000 0.063000
2966.000000 0.200544 0.043360 -0.000000 0.000000 7.000000 0.063000
2967.000000 0.200544 0.043360 -0.000000 0.000000 7.000000 0.063000
2968.000000 0.200544 0.043360 -0.000000 0.000000 7.000000 0.063000
2969.000000 0.200544 0.043360 -0.000000 0.000000 7.000000 0.063000
2970.000000 0.200544 0.043360 -0.000000 0.000000 7.000000 0.063000
2971.000000 0.200544 0.043360 -0.000000 0.000000 7.000000 0.063000
2972.000000 0.200544 0.043360 -0.000000 0.000000 7.000000 0.063000
2973.000000 0.200544 0.043360 -0.000000 0.000000 7.000000 0.063000
2974.000000 0.200544 0.043360 -0.000000 0.000000 7.000000 0.063000
2975.000000 0.200544 0.043360 -0.000000 0.000000 7.000000 0.063000
2976.000000 0.200544 0.043360 -0.000000 0.000000 7.000000 0.063000
2977.000000 0.200544 0.043360 -0.000000 0.000000 7.000000 0.063000
2978.000000 0.200544 0.043360 -0.000000 0.000000 7.000000 0.063000
2979.000000 0.200544 0.043360 -0.000000 0.000000 7.000000 0.063000
2980.000000 0.200544 0.043360 -0.000000 0.000000 7.000000 0.063000
2981.000000 0.200544 0.043360 -0.000000 0.000000 7.000000 0.063000
2982.000000 0.200544 0.043360 -0.000000 0.000000 7.000000 0.063000
2983.000000 0.200544 0.043360 -0.000000 0.000000 7.000000 0.063000
2984.000000 0.200544 0.043360 -0.000000 0.000000 7.000000 0.063000
2985.000000 0.200544 0.043360 -0.000000 0.000000 7.000000 0.063000
2986.000000 0.200544 0.043360 -0.000000 0.000000 7.000000 0.063000
2987.000000 0.200544 0.043360 -0.000000 0.000000 7.000000 0.063000
2988.000000 0.200544 0.043360 -0.000000 0.000000 7.000000 0.063000
2989.000000 0.200544 0.043360 -0.000000 0.000000 7.000000 0.063000
2990.000000 0.200544 0.043360 -0.000000 0.000000 7.000000 0.063000
2991.000000 0.200544 0.043360 -0.000000 0.000000 7.000000 0.063000
2992.000000 0.200544 0.043360 -0.000000 0.000000 7.000000 0.063000
2993.000000 0.200544 0.043360 -0.000000 0.000000 7.000000 0.063000
2994.000000 0.200544 0.043360 -0.000000 0.000000 7.000000 0.063000
2995.000000 0.200544 0.043360 -0.000000 0.000000 7.000000 0.063000
2996.000000 0.200544 0.043360 -0.000000 0.000000 7.000000 0.063000
2997.000000 0.200544 0.043360 -0.000000 0.000000 7.000000 0.063000
2998.000000 0.200544 0.043360 -0.000000 0.000000 7.000000 0.063000
2999.000000 0.200544 0.043360 -0.000000 0.000000 7.000000 0.063000
3000.000000 0.200544 0.043360 -0.000000 0.000000 7.000000 0.063000
3001.000000 0.200544 0.043360 -0.000000 0.000000 7.000000 0.063000
3002.000000 0.200544 0.043360 -0.000000 0.000000 7.000000 0.063000
3003.000000 0.200544 0.043360 -0.000000 0.000000 7.000000 0.063000
3004.000000 0.200544 0.043360 -0.000000 0.000000 7.000000 0.063000
3005.000000 0.200544 0.043360 -0.000000 0.000000 7.000000 0.063000
3006.000000 0.200544 0.043360 -0.000000 0.000000 7.000000 0.063000
3007.000000 0.200544 0.043360 -0.000000 0.000000 7.000000 0.063000
3008.000000 0.200544 0.043360 -0.000000 0.000000 7.000000 0.063000
3009.000000 0.200544 0.043360 -0.000000 0.000000 7.000000 0.063000
3010.000000 0.200544 0.043360 -0.000000 0.000000 7.000000 0.063000
3011.000000 0.200544 0.043360 -0.000000 0.000000 7.000000 0.063000
3012.000000 0.200544 0.043360 -0.000000 0.000000 7.000000 0.063000
3013.000000 0.200544 0.043360 -0.000000 0.000000 7.000000 0.063000
3014.000000 0.200544 0.043360 -0.000000 0.000000 7.000000 0.063000
3015.000000 0.200544 0.043360 -0.000000 0.000000 7.000000 0.063000
3016.000000 0.200544 0.043360 -0.000000 0.000000 7.000000 0.063000
3017.000000 0.200544 0.043360 -0.000000 0.000000 7.000000 0.063000
3018.000000 0.200544 0.043360 -0.000000 0.000000 7.000000 0.063000
3019.000000 0.200544 0.043360 -0.000000 0.000000 7.000000 0.063000
3020.000000 0.200544 0.043360 -0.000000 0.000000 7.000000 0.063000
3021.000000 0.200544 0.043360 -0.000000 0.000000 7.000000 0.063000
3022.000000 0.200544 0.043360 -0.000000 0.000000 7.000000 0.063000
3023.000000 0.200544 0.043360 -0.000000 0.000000 7.000000 0.063000
3024.000000 0.200544 0.043360 -0.000000 0.000000 7.000000 0.063000
3025.000000 0.200544 0.043360 -0.000000 0.000000 7.000000 0.063000
3026.000000 0.200544 0.043360 -0.000000 0.000000 7.000000 0.063000
3027.000000 0.200544 0.043360 -0.000000 0.000000 7.000000 0.063000
3028.000000 0.200544 0.043360 -0.000000 0.000000 7.000000 0.063000
3029.000000 0.200544 0.043360 -0.000000 0.000000 7.000000 0.063000
3030.000000 0.200544 0.043360 -0.000000 0.000000 7.000000 0.063000
3031.000000 0.200544 0.043360 -0.000000 0.000000 7.000000 0.063000
3032.000000 0.200544 0.043360 -0.000000 0.000000 7.000000 0.063000
3033.000000 0.200544 0.043360 -0.000000 0.000000 7.000000 0.063000
3034.000000 0.200544 0.043360 -0.000000 0.000000 7.000000 0.063000
3035.000000 0.200544 0.043360 -0.000000 0.000000 7.000000 0.063000
3036.000000 0.200544 0.043360 -0.000000 0.000000 7.000000 0.063000
3037.000000 0.200544 0.043360 -0.000000 0.000000 7.000000 0.063000
3038.000000 0.200544 0.043360 -0.000000 0.000000 7.000000 0.063000
3039.000000 0.200544 0.043360 -0.000000 0.000000 7.000000 0.063000
3040.000000 0.200544 0.043360 -0.000000 0.000000 7.000000 0.063000
3041.000000 0.200544 0.043360 -0.000000 0.000000 7.000000 0.063000
3042.000000 0.200544 0.043360 -0.000000 0.000000 7.000000 0.063000
3043.000000 0.200544 0.043360 -0.000000 0.000000 7.000000 0.063000
3044.000000 0.200544 0.043360 -0.000000 0.000000 7.000000 0.063000
3045.000000 0.200544 0.043360 -0.000000 0.000000 7.000000 0.063000
3046.000000 0.200544 0.043360 -0.000000 0.000000 7.000000 0.063000
3047.000000 0.200544 0.043360 -0.000000 0.000000 7.000000 0.063000
3048.000000 0.200544 0.043360 -0.000000 0.000000 7.000000 0.063000
3049.000000 0.200544 0.043360 -0.000000 0.000000 7.000000 0.063000
3050.000000 0.200544 0.043360 -0.000000 0.000000 7.000000 0.063000
3051.000000 0.200544 0.043360 -0.000000 0.000000 7.000000 0.063000
3052.000000 0.200544 0.043360 -0.000000 0.000000 7.000000 0.063000
3053.000000 0.200544 0.043360 -0.000000 0.000000 7.000000 0.063000
3054.000000 0.200544 0.043360 -0.000000 0.000000 7.000000 0.063000
3055.000000 0.200544 0.043360 -0.000000 0.000000 7.000000 0.063000
3056.000000 0.200544 0.043360 -0.000000 0.000000 7.000000 0.063000
3057.000000 0.200544 0.043360 -0.000000 0.000000 7.000000 0.063000
3058.000000 0.200544 0.043360 -0.000000 0.000000 7.000000 0.063000
3059.000000 0.200544 0.043360 -0.000000 0.000000 7.000000 0.063000
3060.000000 0.200544 0.043360 -0.000000 0.000000 7.000000 0.063000
3061.000000 0.200544 0.043360 -0.000000 0.000000 7.000000 0.063000
3062.000000 0.200544 0.043360 -0.000000 0.000000 7.000000 0.063000
3063.000000 0.200544 0.043360 -0.000000 0.000000 7.000000 0.063000
3064.000000 0.200544 0.043360 -0.000000 0.000000 7.000000 0.063000
3065.000000 0.200544 0.043360 -0.000000 0.000000 7.000000 0.063000
3066.000000 0.200544 0.043360 -0.000000 0.000000 7.000000 0.063000
3067.000000 0.200544 0.043360 -0.000000 0.000000 7.000000 0.063000
3068.000000 0.200544 0.043360 -0.000000 0.000000 7.000000 0.063000
3069.000000 0.200544 0.043360 -0.000000 0.000000 7.000000 0.063000
3070.000000 0.200544 0.043360 -0.000000 0.000000 7.000000 0.063000
3071.000000 0.200544 0.043360 -0.000000 0.000000 7.000000 0.063000
3072.000000 0.200544 0.043360 -0.000000 0.000000 7.000000 0.063000
3073.000000 0.200544 0.043360 -0.000000 0.000000 7.000000 0.063000
3074.000000 0.200544 0.043360 -0.000000 0.000000 7.000000 0.063000
3075.000000 0.200544 0.043360 -0.000000 0.000000 7.000000 0.063000
3076.000000 0.200544 0.043360 -0.000000 0.000000 7.000000 0.063000
3077.000000 0.200544 0.043360 -0.000000 0.000000 7.000000 0.063000
3078.000000 0.200544 0.043360 -0.000000 0.000000 7.000000 0.063000
3079.000000 0.200544 0.043360 -0.000000 0.000000 7.000000 0.063000
3080.000000 0.200544 0.043360 -0.000000 0.000000 7.000000 0.063000
3081.000000 0.200544 0.043360 -0.000000 0.000000 7.000000 0.063000
3082.000000 0.200544 0.043360 -0.000000 0.000000 7.000000 0.063000
3083.000000 0.200544 0.043360 -0.000000 0.000000 7.000000 0.063000
3084.000000 0.200544 0.043360 -0.000000 0.000000 7.000000 0.063000
3085.000000 0.200544 0.043360 -0.000000 0.000000 7.000000 0.063000
3086.000000 0.200544 0.043360 -0.000000 0.000000 7.000000 0.063000
3087.000000 0.200544 0.043360 -0.000000 0.000000 7.000000 0.063000
3088.000000 0.200544 0.043360 -0.000000 0.000000 7.000000 0.063000
3089.000000 0.200544 0.043360 -0.000000 0.000000 7.000000 0.063000
3090.000000 0.200544 0.043360 -0.000000 0.000000 7.000000 0.063000
3091.000000 0.200544 0.043360 -0.000000 0.000000 7.000000 0.063000
3092.000000 0.200544 0.043360 -0.000000 0.000000 7.000000 0.063000
3093.000000 0.200544 0.043360 -0.000000 0.000000 7.000000 0.063000
3094.000000 0.200544 0.043360 -0.000000 0.000000 7.000000 0.063000
3095.000000 0.200544 0.043360 -0.000000 0.000000 7.000000 0.063000
3096.000000 0.200544 0.043360 -0.000000 0.000000 7.000000 0.063000
3097.000000 0.200544 0.043360 -0.000000 0.000000 7.000000 0.063000
3098.000000 0.200544 0.043360 -0.000000 0.000000 7.000000 0.063000
3099.000000 0.200544 0.043360 -0.000000 0.000000 7.000000 0.063000
3100.000000 0.200544 0.043360 -0.000000 0.000000 7.000000 0.063000
3101.000000 0.200544 0.043360 -0.000000 0.000000 7.000000 0.063000
3102.000000 0.200544 0.043360 -0.000000 0.000000 7.000000 0.063000
3103.000000 0.200544 0.043360 -0.000000 0.000000 7.000000 0.063000
3104.000000 0.200544 0.043360 -0.000000 0.000000 7.000000 0.063000
3105.000000 0.200544 0.043360 -0.000000 0.000000 7.000000 0.063000
3106.000000 0.200544 0.043360 -0.000000 0.000000 7.000000 0.063000
3107.000000 0.200544 0.043360 -0.000000 0.000000 7.000000 0.063000
3108.000000 0.200544 0.043360 -0.000000 0.000000 7.000000 0.063000
3109.000000 0.200544 0.043360 -0.000000 0.000000 7.000000 0.063000
3110.000000 0.200544 0.043360 -0.000000 0.000000 7.000000 0.063000
3111.000000 0.200544 0.043360 -0.000000 0.000000 7.000000 0.063000
3112.000000 0.200544 0.043360 -0.000000 0.000000 7.000000 0.063000
3113.000000 0.200544 0.043360 -0.000000 0.000000 7.000000 0.063000
3114.000000 0.200544 0.043360 -0.000000 0.000000 7.000000 0.063000
3115.000000 0.200544 0.043360 -0.000000 0.000000 7.000000 0.063000
3116.000000 0.200544 0.043360 -0.000000 0.000000 7.000000 0.063000
3117.000000 0.200544 0.043360 -0.000000 0.000000 7.000000 0.063000
3118.000000 0.200544 0.043360 -0.000000 0.000000 7.000000 0.063000
3119.000000 0.200544 0.043360 -0.000000 0.000000 7.000000 0.063000
3120.000000 0.200544 0.043360 -0.000000 0.000000 7.000000 0.063000
3121.000000 0.200544 0.043360 -0.000000 0.000000 7.000000 0.063000
3122.000000 0.200544 0.043360 -0.000000 0.000000 7.000000 0.063000
3123.000000 0.200544 0.043360 -0.000000 0.000000 7.000000 0.063000
3124.000000 0.200544 0.043360 -0.000000 0.000000 7.000000 0.063000
3125.000000 0.200544 0.043360 -0.000000 0.000000 7.000000 0.063000
3126.000000 0.200544 0.043360 -0.000000 0.000000 7.000000 0.063000
3127.000000 0.200544 0.043360 -0.000000 0.000000 7.000000 0.063000
3128.000000 0.200544 0.043360 -0.000000 0.000000 7.000000 0.063000
3129.000000 0.200544 0.043360 -0.000000 0.000000 7.000000 0.063000
3130.000000 0.200544 0.043360 -0.000000 0.000000 7.000000 0.063000
3131.000000 0.200544 0.043360 -0.000000 0.000000 7.000000 0.063000
3132.000000 0.200544 0.043360 -0.000000 0.000000 7.000000 0.063000
3133.000000 0.200544 0.043360 -0.000000 0.000000 7.000000 0.063000
3134.000000 0.200544 0.043360 -0.000000 0.000000 7.000000 0.063000
3135.000000 0.200544 0.043360 -0.000000 0.000000 7.000000 0.063000
3136.000000 0.200544 0.043360 -0.000000 0.000000 7.000000 0.063000
3137.000000 0.200544 0.043360 -0.000000 0.000000 7.000000 0.063000
3138.000000 0.200544 0.043360 -0.000000 0.000000 7.000000 0.063000
3139.000000 0.200544 0.043360 -0.000000 0.000000 7.000000 0.063000
3140.000000 0.200544 0.043360 -0.000000 0.000000 7.000000 0.063000
3141.000000 0.200544 0.043360 -0.000000 0.000000 7.000000 0.063000
3142.000000 0.200544 0.043360 -0.000000 0.000000 7.000000 0.063000
3143.000000 0.200544 0.043360 -0.000000 0.000000 7.000000 0.063000
3144.000000 0.200544 0.043360 -0.000000 0.000000 7.000000 0.063000
3145.000000 0.200544 0.043360 -0.000000 0.000000 7.000000 0.063000
3146.000000 0.200544 0.043360 -0.000000 0.000000 7.000000 0.063000
3147.000000 0.200544 0.043360 -0.000000 0.000000 7.000000 0.063000
3148.000000 0.200544 0.043360 -0.000000 0.000000 7.000000 0.063000
3149.000000 0.200544 0.043360 -0.000000 0.000000 7.000000 0.063000
3150.000000 0.200544 0.043360 -0.000000 0.000000 7.000000 0.063000
3151.000000 0.200544 0.043360 -0.000000 0.000000 7.000000 0.063000
3152.000000 0.200544 0.043360 -0.000000 0.000000 7.000000 0.063000
3153.000000 0.200544 0.043360 -0.000000 0.000000 7.000000 0.063000
3154.000000 0.200544 0.043360 -0.000000 0.000000 7.000000 0.063000
3155.000000 0.200544 0.043360 -0.000000 0.000000 7.000000 0.063000
3156.000000 0.200544 0.043360 -0.000000 0.000000 7.000000 0.063000
3157.000000 0.200544 0.043360 -0.000000 0.000000 7.000000 0.063000
3158.000000 0.200544 0.043360 -0.000000 0.000000 7.000000 0.063000
3159.000000 0.200544 0.043360 -0.000000 0.000000 7.000000 0.063000
3160.000000 0.200544 0.043360 -0.000000 0.000000 7.000000 0.063000
3161.000000 0.200544 0.043360 -0.000000 0.000000 7.000000 0.063000
3162.000000 0.200544 0.043360 -0.000000 0.000000 7.000000 0.063000
3163.000000 0.200544 0.043360 -0.000000 0.000000 7.000000 0.063000
3164.000000 0.200544 0.043360 -0.000000 0.000000 7.000000 0.063000
3165.000000 0.200544 0.043360 -0.000000 0.000000 7.000000 0.063000
3166.000000 0.200544 0.043360 -0.000000 0.000000 7.000000 0.063000
3167.000000 0.200544 0.043360 -0.000000 0.000000 7.000000 0.063000
3168.000000 0.200544 0.043360 -0.000000 0.000000 7.000000 0.063000
3169.000000 0.200544 0.043360 -0.000000 0.000000 7.000000 0.063000
3170.000000 0.200544 0.043360 -0.000000 0.000000 7.000000 0.063000
3171.000000 0.200544 0.043360 -0.000000 0.000000 7.000000 0.063000
3172.000000 0.200544 0.043360 -0.000000 0.000000 7.000000 0.063000
3173.000000 0.200544 0.043360 -0.000000 0.000000 7.000000 0.063000
3174.000000 0.200544 0.043360 -0.000000 0.000000 7.000000 0.063000
3175.000000 0.200544 0.043360 -0.000000 0.000000 7.000000 0.063000
3176.000000 0.200544 0.043360 -0.000000 0.000000 7.000000 0.063000
3177.000000 0.200544 0.043360 -0.000000 0.000000 7.000000 0.063000
3178.000000 0.200544 0.043360 -0.000000 0.000000 7.000000 0.063000
3179.000000 0.200544 0.043360 -0.000000 0.000000 7.000000 0.063000
3180.000000 0.200544 0.043360 -0.000000 0.000000 7.000000 0.063000
3181.000000 0.200544 0.043360 -0.000000 0.000000 7.000000 0.063000
3182.000000 0.200544 0.043360 -0.000000 0.000000 7.000000 0.063000
3183.000000 0.200544 0.043360 -0.000000 0.000000 7.000000 0.063000
3184.000000 0.200544 0.043360 -0.000000 0.000000 7.000000 0.063000
3185.000000 0.200544 0.043360 -0.000000 0.000000 7.000000 0.063000
3186.000000 0.200544 0.043360 -0.000000 0.000000 7.000000 0.063000
3187.000000 0.200544 0.043360 -0.000000 0.000000 7.000000 0.063000
3188.000000 0.200544 0.043360 -0.000000 0.000000 7.000000 0.063000
3189.000000 0.200544 0.043360 -0.000000 0.000000 7.000000 0.063000
3190.000000 0.200544 0.043360 -0.000000 0.000000 7.000000 0.063000
3191.000000 0.200544 0.043360 -0.000000 0.000000 7.000000 0.063000
3192.000000 0.200544 0.043360 -0.000000 0.000000 7.000000 0.063000
3193.000000 0.200544 0.043360 -0.000000 0.000000 7.000000 0.063000
3194.000000 0.200544 0.043360 -0.000000 0.000000 7.000000 0.063000
3195.000000 0.200544 0.043360 -0.000000 0.000000 7.000000 0.063000
3196.000000 0.200544 0.043360 -0.000000 0.000000 7.000000 0.063000
3197.000000 0.200544 0.043360 -0.000000 0.000000 7.000000 0.063000
3198.000000 0.200544 0.043360 -0.000000 0.000000 7.000000 0.063000
3199.000000 0.200544 0.043360 -0.000000 0.000000 7.000000 0.063000
3200.000000 0.200544 0.043360 -0.000000 0.000000 7.000000 0.063000
3201.000000 0.200544 0.043360 -0.000000 0.000000 7.000000 0.063000
3202.000000 0.200544 0.043360 -0.000000 0.000000 7.000000 0.063000
3203.000000 0.200544 0.043360 -0.000000 0.000000 7.000000 0.063000
3204.000000 0.200544 0.043360 -0.000000 0.000000 7.000000 0.063000
3205.000000 0.200544 0.043360 -0.000000 0.000000 7.000000 0.063000
3206.000000 0.200544 0.043360 -0.000000 0.000000 7.000000 0.063000
3207.000000 0.200544 0.043360 -0.000000 0.000000 7.000000 0.063000
3208.000000 0.200544 0.043360 -0.000000 0.000000 7.000000 0.063000
3209.000000 0.200544 0.043360 -0.000000 0.000000 7.000000 0.063000
3210.000000 0.200544 0.043360 -0.000000 0.000000 7.000000 0.063000
3211.000000 0.200544 0.043360 -0.000000 0.000000 7.000000 0.063000
3212.000000 0.200544 0.043360 -0.000000 0.000000 7.000000 0.063000
3213.000000 0.200544 0.043360 -0.000000 0.000000 7.000000 0.063000
3214.000000 0.200544 0.043360 -0.000000 0.000000 7.000000 0.063000
3215.000000 0.200544 0.043360 -0.000000 0.000000 7.000000 0.063000
3216.000000 0.200544 0.043360 -0.000000 0.000000 7.000000 0.063000
3217.000000 0.200544 0.043360 -0.000000 0.000000 7.000000 0.063000
3218.000000 0.200544 0.043360 -0.000000 0.000000 7.000000 0.063000
3219.000000 0.200544 0.043360 -0.000000 0.000000 7.000000 0.063000
3220.000000 0.200544 0.043360 -0.000000 0.000000 7.000000 0.063000
3221.000000 0.200544 0.043360 -0.000000 0.000000 7.000000 0.063000
3222.000000 0.200544 0.043360 -0.000000 0.000000 7.000000 0.063000
3223.000000 0.200544 0.043360 -0.000000 0.000000 7.000000 0.063000
3224.000000 0.200544 0.043360 -0.000000 0.000000 7.000000 0.063000
3225.000000 0.200544 0.043360 -0.000000 0.000000 7.000000 0.063000
3226.000000 0.200544 0.043360 -0.000000 0.000000 7.000000 0.063000
3227.000000 0.200544 0.043360 -0.000000 0.000000 7.000000 0.063000
3228.000000 0.200544 0.043360 -0.000000 0.000000 7.000000 0.063000
3229.000000 0.200544 0.043360 -0.000000 0.000000 7.000000 0.063000
3230.000000 0.200544 0.043360 -0.000000 0.000000 7.000000 0.063000
3231.000000 0.200544 0.043360 -0.000000 0.000000 7.000000 0.063000
3232.000000 0.200544 0.043360 -0.000000 0.000000 7.000000 0.063000
3233.000000 0.200544 0.043360 -0.000000 0.000000 7.000000 0.063000
3234.000000 0.200544 0.043360 -0.000000 0.000000 7.000000 0.063000
3235.000000 0.200544 0.043360 -0.000000 0.000000 7.000000 0.063000
3236.000000 0.200544 0.043360 -0.000000 0.000000 7.000000 0.063000
3237.000000 0.200544 0.043360 -0.000000 0.000000 7.000000 0.063000
3238.000000 0.200544 0.043360 -0.000000 0.000000 7.000000 0.063000
3239.000000 0.200544 0.043360 -0.000000 0.000000 7.000000 0.063000
3240.000000 0.200544 0.043360 -0.000000 0.000000 7.000000 0.063000
3241.000000 0.200544 0.043360 -0.000000 0.000000 7.000000 0.063000
3242.000000 0.200544 0.043360 -0.000000 0.000000 7.000000 0.063000
3243.000000 0.200544 0.043360 -0.000000 0.000000 7.000000 0.063000
3244.000000 0.200544 0.043360 -0.000000 0.000000 7.000000 0.063000
3245.000000 0.200544 0.043360 -0.000000 0.000000 7.000000 0.063000
3246.000000 0.200544 0.043360 -0.000000 0.000000 7.000000 0.063000
3247.000000 0.200544 0.043360 -0.000000 0.000000 7.000000 0.063000
3248.000000 0.200544 0.043360 -0.000000 0.000000 7.000000 0.063000
3249.000000 0.200544 0.043360 -0.000000 0.000000 7.000000 0.063000
3250.000000 0.200544 0.043360 -0.000000 0.000000 7.000000 0.063000
3251.000000 0.200544 0.043360 -0.000000 0.000000 7.000000 0.063000
3252.000000 0.200544 0.043360 -0.000000 0.000000 7.000000 0.063000
3253.000000 0.200544 0.043360 -0.000000 0.000000 7.000000 0.063000
3254.000000 0.200544 0.043360 -0.000000 0.000000 7.000000 0.063000
3255.000000 0.200544 0.043360 -0.000000 0.000000 7.000000 0.063000
3256.000000 0.200544 0.043360 -0.000000 0.000000 7.000000 0.063000
3257.000000 0.200544 0.043360 -0.000000 0.000000 7.000000 0.063000
3258.000000 0.200544 0.043360 -0.000000 0.000000 7.000000 0.063000
3259.000000 0.200544 0.043360 -0.000000 0.000000 7.000000 0.063000
3260.000000 0.200544 0.043360 -0.000000 0.000000 7.000000 0.063000
3261.000000 0.200544 0.043360 -0.000000 0.000000 7.000000 0.063000
3262.000000 0.200544 0.043360 -0.000000 0.000000 7.000000 0.063000
3263.000000 0.200544 0.043360 -0.000000 0.000000 7.000000 0.063000
3264.000000 0.200544 0.043360 -0.000000 0.000000 7.000000 0.063000
3265.000000 0.200544 0.043360 -0.000000 0.000000 7.000000 0.063000
3266.000000 0.200544 0.043360 -0.000000 0.000000 7.000000 0.063000
3267.000000 0.200544 0.043360 -0.000000 0.000000 7.000000 0.063000
3268.000000 0.200544 0.043360 -0.000000 0.000000 7.000000 0.063000
3269.000000 0.200544 0.043360 -0.000000 0.000000 7.000000 0.063000
3270.000000 0.200544 0.043360 -0.000000 0.000000 7.000000 0.063000
3271.000000 0.200544 0.043360 -0.000000 0.000000 7.000000 0.063000
3272.000000 0.200544 0.043360 -0.000000 0.000000 7.000000 0.063000
3273.000000 0.200544 0.043360 -0.000000 0.000000 7.000000 0.063000
3274.000000 0.200544 0.043360 -0.000000 0.000000 7.000000 0.063000
3275.000000 0.200544 0.043360 -0.000000 0.000000 7.000000 0.063000
3276.000000 0.200544 0.043360 -0.000000 0.000000 7.000000 0.063000
3277.000000 0.200544 0.043360 -0.000000 0.000000 7.000000 0.063000
3278.000000 0.200544 0.043360 -0.000000 0.000000 7.000000 0.063000
3279.000000 0.200544 0.043360 -0.000000 0.000000 7.000000 0.063000
3280.000000 0.200544 0.043360 -0.000000 0.000000 7.000000 0.063000
3281.000000 0.200544 0.043360 -0.000000 0.000000 7.000000 0.063000
