# imt log
s logheadsize 000243
s logcolumns 7
s logname /home/testac/lgames/fitts/20181119_Mon/Player_161205_active.dat
s logversion 2.0
s logdate "Mon Nov 19 16:12:05 EST 2018"
s logidate 1542661925

# begin user data

# end user data

#####
748.000000 0.089865 0.067310 -0.000000 0.000000 0.000000 0.000000
749.000000 0.089865 0.067310 -0.000000 0.000000 0.000000 0.000000
750.000000 0.089865 0.067310 -0.000000 0.000000 0.000000 0.000000
751.000000 0.089865 0.067310 -0.000000 0.000000 7.000000 0.051000
752.000000 0.089865 0.067310 -0.000000 0.000000 7.000000 0.051000
753.000000 0.089865 0.067310 -0.000000 0.000000 7.000000 0.051000
754.000000 0.089865 0.067310 -0.000000 0.000000 7.000000 0.051000
755.000000 0.089865 0.067310 -0.000000 0.000000 7.000000 0.051000
756.000000 0.089865 0.067310 -0.000000 0.000000 7.000000 0.051000
757.000000 0.089865 0.067310 -0.000000 0.000000 7.000000 0.051000
758.000000 0.089865 0.067310 -0.000000 0.000000 7.000000 0.051000
759.000000 0.089865 0.067310 -0.000000 0.000000 7.000000 0.051000
760.000000 0.089865 0.067310 -0.000000 0.000000 7.000000 0.051000
761.000000 0.089865 0.067310 -0.000000 0.000000 7.000000 0.051000
762.000000 0.089865 0.067310 -0.000000 0.000000 7.000000 0.051000
763.000000 0.089865 0.067310 -0.000000 0.000000 7.000000 0.051000
764.000000 0.089865 0.067310 -0.000000 0.000000 7.000000 0.051000
765.000000 0.089865 0.067310 -0.000000 0.000000 7.000000 0.051000
766.000000 0.089865 0.067310 -0.000000 0.000000 7.000000 0.051000
767.000000 0.089865 0.067310 -0.000000 0.000000 7.000000 0.051000
768.000000 0.089865 0.067310 -0.000000 0.000000 7.000000 0.051000
769.000000 0.089865 0.067310 -0.000000 0.000000 7.000000 0.051000
770.000000 0.089865 0.067310 -0.000000 0.000000 7.000000 0.051000
771.000000 0.089865 0.067310 -0.000000 0.000000 7.000000 0.051000
772.000000 0.089865 0.067310 -0.000000 0.000000 7.000000 0.051000
773.000000 0.089865 0.067310 -0.000000 0.000000 7.000000 0.051000
774.000000 0.089865 0.067310 -0.000000 0.000000 7.000000 0.051000
775.000000 0.089865 0.067310 -0.000000 0.000000 7.000000 0.051000
776.000000 0.089865 0.067310 -0.000000 0.000000 7.000000 0.051000
777.000000 0.089865 0.067310 -0.000000 0.000000 7.000000 0.051000
778.000000 0.089865 0.067310 -0.000000 0.000000 7.000000 0.051000
779.000000 0.089865 0.067310 -0.000000 0.000000 7.000000 0.051000
780.000000 0.089865 0.067310 -0.000000 0.000000 7.000000 0.051000
781.000000 0.089865 0.067310 -0.000000 0.000000 7.000000 0.051000
782.000000 0.089865 0.067310 -0.000000 0.000000 7.000000 0.051000
783.000000 0.089865 0.067310 -0.000000 0.000000 7.000000 0.051000
784.000000 0.089865 0.067310 -0.000000 0.000000 7.000000 0.051000
785.000000 0.089865 0.067310 -0.000000 0.000000 7.000000 0.051000
786.000000 0.089865 0.067310 -0.000000 0.000000 7.000000 0.051000
787.000000 0.089865 0.067310 -0.000000 0.000000 7.000000 0.051000
788.000000 0.089865 0.067310 -0.000000 0.000000 7.000000 0.051000
789.000000 0.089865 0.067310 -0.000000 0.000000 7.000000 0.051000
790.000000 0.089865 0.067310 -0.000000 0.000000 7.000000 0.051000
791.000000 0.089865 0.067310 -0.000000 0.000000 7.000000 0.051000
792.000000 0.089865 0.067310 -0.000000 0.000000 7.000000 0.051000
793.000000 0.089865 0.067310 -0.000000 0.000000 7.000000 0.051000
794.000000 0.089865 0.067310 -0.000000 0.000000 7.000000 0.051000
795.000000 0.089865 0.067310 -0.000000 0.000000 7.000000 0.051000
796.000000 0.089865 0.067310 -0.000000 0.000000 7.000000 0.051000
797.000000 0.089865 0.067310 -0.000000 0.000000 7.000000 0.051000
798.000000 0.089865 0.067310 -0.000000 0.000000 7.000000 0.051000
799.000000 0.089865 0.067310 -0.000000 0.000000 7.000000 0.051000
800.000000 0.089865 0.067310 -0.000000 0.000000 7.000000 0.051000
801.000000 0.089865 0.067310 -0.000000 0.000000 7.000000 0.051000
802.000000 0.089865 0.067310 -0.000000 0.000000 7.000000 0.051000
803.000000 0.089865 0.067310 -0.000000 0.000000 7.000000 0.051000
804.000000 0.089865 0.067310 -0.000000 0.000000 7.000000 0.051000
805.000000 0.089865 0.067310 -0.000000 0.000000 7.000000 0.051000
806.000000 0.089865 0.067310 -0.000000 0.000000 7.000000 0.051000
807.000000 0.089865 0.067310 -0.000000 0.000000 7.000000 0.051000
808.000000 0.089865 0.067310 -0.000000 0.000000 7.000000 0.051000
809.000000 0.089865 0.067310 -0.000000 0.000000 7.000000 0.051000
810.000000 0.089865 0.067310 -0.000000 0.000000 7.000000 0.051000
811.000000 0.089865 0.067310 -0.000000 0.000000 7.000000 0.051000
812.000000 0.089865 0.067310 -0.000000 0.000000 7.000000 0.051000
813.000000 0.089865 0.067310 -0.000000 0.000000 7.000000 0.051000
814.000000 0.089865 0.067310 -0.000000 0.000000 7.000000 0.051000
815.000000 0.089865 0.067310 -0.000000 0.000000 7.000000 0.051000
816.000000 0.089865 0.067310 -0.000000 0.000000 7.000000 0.051000
817.000000 0.089865 0.067310 -0.000000 0.000000 7.000000 0.051000
818.000000 0.089865 0.067310 -0.000000 0.000000 7.000000 0.051000
819.000000 0.089865 0.067310 -0.000000 0.000000 7.000000 0.051000
820.000000 0.089865 0.067310 -0.000000 0.000000 7.000000 0.051000
821.000000 0.089865 0.067310 -0.000000 0.000000 7.000000 0.051000
822.000000 0.089865 0.067310 -0.000000 0.000000 7.000000 0.051000
823.000000 0.089865 0.067310 -0.000000 0.000000 7.000000 0.051000
824.000000 0.089865 0.067310 -0.000000 0.000000 7.000000 0.051000
825.000000 0.089865 0.067310 -0.000000 0.000000 7.000000 0.051000
826.000000 0.089865 0.067310 -0.000000 0.000000 7.000000 0.051000
827.000000 0.089865 0.067310 -0.000000 0.000000 7.000000 0.051000
828.000000 0.089865 0.067310 -0.000000 0.000000 7.000000 0.051000
829.000000 0.089865 0.067310 -0.000000 0.000000 7.000000 0.051000
830.000000 0.089865 0.067310 -0.000000 0.000000 7.000000 0.051000
831.000000 0.089865 0.067310 -0.000000 0.000000 7.000000 0.051000
832.000000 0.089865 0.067310 -0.000000 0.000000 7.000000 0.051000
833.000000 0.089865 0.067310 -0.000000 0.000000 7.000000 0.051000
834.000000 0.089865 0.067310 -0.000000 0.000000 7.000000 0.051000
835.000000 0.089865 0.067310 -0.000000 0.000000 7.000000 0.051000
836.000000 0.089865 0.067310 -0.000000 0.000000 7.000000 0.051000
837.000000 0.089865 0.067310 -0.000000 0.000000 7.000000 0.051000
838.000000 0.089865 0.067310 -0.000000 0.000000 7.000000 0.051000
839.000000 0.089865 0.067310 -0.000000 0.000000 7.000000 0.051000
840.000000 0.089865 0.067310 -0.000000 0.000000 7.000000 0.051000
841.000000 0.089865 0.067310 -0.000000 0.000000 7.000000 0.051000
842.000000 0.089865 0.067310 -0.000000 0.000000 7.000000 0.051000
843.000000 0.089865 0.067310 -0.000000 0.000000 7.000000 0.051000
844.000000 0.089865 0.067310 -0.000000 0.000000 7.000000 0.051000
845.000000 0.089865 0.067310 -0.000000 0.000000 7.000000 0.051000
846.000000 0.089865 0.067310 -0.000000 0.000000 7.000000 0.051000
847.000000 0.089865 0.067310 -0.000000 0.000000 7.000000 0.051000
848.000000 0.089865 0.067310 -0.000000 0.000000 7.000000 0.051000
849.000000 0.089865 0.067310 -0.000000 0.000000 7.000000 0.051000
850.000000 0.089865 0.067310 -0.000000 0.000000 7.000000 0.051000
851.000000 0.089865 0.067310 -0.000000 0.000000 7.000000 0.051000
852.000000 0.089865 0.067310 -0.000000 0.000000 7.000000 0.051000
853.000000 0.089865 0.067310 -0.000000 0.000000 7.000000 0.051000
854.000000 0.089865 0.067310 -0.000000 0.000000 7.000000 0.051000
855.000000 0.089865 0.067310 -0.000000 0.000000 7.000000 0.051000
856.000000 0.089865 0.067310 -0.000000 0.000000 7.000000 0.051000
857.000000 0.089865 0.067310 -0.000000 0.000000 7.000000 0.051000
858.000000 0.089865 0.067310 -0.000000 0.000000 7.000000 0.051000
859.000000 0.089865 0.067310 -0.000000 0.000000 7.000000 0.051000
860.000000 0.089865 0.067310 -0.000000 0.000000 7.000000 0.051000
861.000000 0.089865 0.067310 -0.000000 0.000000 7.000000 0.051000
862.000000 0.089865 0.067310 -0.000000 0.000000 7.000000 0.051000
863.000000 0.089865 0.067310 -0.000000 0.000000 7.000000 0.051000
864.000000 0.089865 0.067310 -0.000000 0.000000 7.000000 0.051000
865.000000 0.089865 0.067310 -0.000000 0.000000 7.000000 0.051000
866.000000 0.089865 0.067310 -0.000000 0.000000 7.000000 0.051000
867.000000 0.089865 0.067310 -0.000000 0.000000 7.000000 0.051000
868.000000 0.089865 0.067310 -0.000000 0.000000 7.000000 0.051000
869.000000 0.089865 0.067310 -0.000000 0.000000 7.000000 0.051000
870.000000 0.089865 0.067310 -0.000000 0.000000 7.000000 0.051000
871.000000 0.089865 0.067310 -0.000000 0.000000 7.000000 0.051000
872.000000 0.089865 0.067310 -0.000000 0.000000 7.000000 0.051000
873.000000 0.089865 0.067310 -0.000000 0.000000 7.000000 0.051000
874.000000 0.089865 0.067310 -0.000000 0.000000 7.000000 0.051000
875.000000 0.089865 0.067310 -0.000000 0.000000 7.000000 0.051000
876.000000 0.089865 0.067310 -0.000000 0.000000 7.000000 0.051000
877.000000 0.089865 0.067310 -0.000000 0.000000 7.000000 0.051000
878.000000 0.089865 0.067310 -0.000000 0.000000 7.000000 0.051000
879.000000 0.089865 0.067310 -0.000000 0.000000 7.000000 0.051000
880.000000 0.089865 0.067310 -0.000000 0.000000 7.000000 0.051000
881.000000 0.089865 0.067310 -0.000000 0.000000 7.000000 0.051000
882.000000 0.089865 0.067310 -0.000000 0.000000 7.000000 0.051000
883.000000 0.089865 0.067310 -0.000000 0.000000 7.000000 0.051000
884.000000 0.089865 0.067310 -0.000000 0.000000 7.000000 0.051000
885.000000 0.089865 0.067310 -0.000000 0.000000 7.000000 0.051000
886.000000 0.089865 0.067310 -0.000000 0.000000 7.000000 0.051000
887.000000 0.089865 0.067310 -0.000000 0.000000 7.000000 0.051000
888.000000 0.089865 0.067310 -0.000000 0.000000 7.000000 0.051000
889.000000 0.089865 0.067310 -0.000000 0.000000 7.000000 0.051000
890.000000 0.089865 0.067310 -0.000000 0.000000 7.000000 0.051000
891.000000 0.089865 0.067310 -0.000000 0.000000 7.000000 0.051000
892.000000 0.089865 0.067310 -0.000000 0.000000 7.000000 0.051000
893.000000 0.089865 0.067310 -0.000000 0.000000 7.000000 0.051000
894.000000 0.089865 0.067310 -0.000000 0.000000 7.000000 0.051000
895.000000 0.089865 0.067310 -0.000000 0.000000 7.000000 0.051000
896.000000 0.089865 0.067310 -0.000000 0.000000 7.000000 0.051000
897.000000 0.089865 0.067310 -0.000000 0.000000 7.000000 0.051000
898.000000 0.089865 0.067310 -0.000000 0.000000 7.000000 0.051000
899.000000 0.089865 0.067310 -0.000000 0.000000 7.000000 0.051000
900.000000 0.089865 0.067310 -0.000000 0.000000 7.000000 0.051000
901.000000 0.089865 0.067310 -0.000000 0.000000 7.000000 0.051000
902.000000 0.089865 0.067310 -0.000000 0.000000 7.000000 0.051000
903.000000 0.089865 0.067310 -0.000000 0.000000 7.000000 0.051000
904.000000 0.089865 0.067310 -0.000000 0.000000 7.000000 0.051000
905.000000 0.089865 0.067310 -0.000000 0.000000 7.000000 0.051000
906.000000 0.089865 0.067310 -0.000000 0.000000 7.000000 0.051000
907.000000 0.089865 0.067310 -0.000000 0.000000 7.000000 0.051000
908.000000 0.089865 0.067310 -0.000000 0.000000 7.000000 0.051000
909.000000 0.089865 0.067310 -0.000000 0.000000 7.000000 0.051000
910.000000 0.089865 0.067310 -0.000000 0.000000 7.000000 0.051000
911.000000 0.089865 0.067310 -0.000000 0.000000 7.000000 0.051000
912.000000 0.089865 0.067310 -0.000000 0.000000 7.000000 0.051000
913.000000 0.089865 0.067310 -0.000000 0.000000 7.000000 0.051000
914.000000 0.089865 0.067310 -0.000000 0.000000 7.000000 0.051000
915.000000 0.089865 0.067310 -0.000000 0.000000 7.000000 0.051000
916.000000 0.089865 0.067310 -0.000000 0.000000 7.000000 0.051000
917.000000 0.089865 0.067310 -0.000000 0.000000 7.000000 0.051000
918.000000 0.089865 0.067310 -0.000000 0.000000 7.000000 0.051000
919.000000 0.089865 0.067310 -0.000000 0.000000 7.000000 0.051000
920.000000 0.089865 0.067310 -0.000000 0.000000 7.000000 0.051000
921.000000 0.089865 0.067310 -0.000000 0.000000 7.000000 0.051000
922.000000 0.089865 0.067310 -0.000000 0.000000 7.000000 0.051000
923.000000 0.089865 0.067310 -0.000000 0.000000 7.000000 0.051000
924.000000 0.089865 0.067310 -0.000000 0.000000 7.000000 0.051000
925.000000 0.089865 0.067310 -0.000000 0.000000 7.000000 0.051000
926.000000 0.089865 0.067310 -0.000000 0.000000 7.000000 0.051000
927.000000 0.089865 0.067310 -0.000000 0.000000 7.000000 0.051000
928.000000 0.089865 0.067310 -0.000000 0.000000 7.000000 0.051000
929.000000 0.089865 0.067310 -0.000000 0.000000 7.000000 0.051000
930.000000 0.089865 0.067310 -0.000000 0.000000 7.000000 0.051000
931.000000 0.089865 0.067310 -0.000000 0.000000 7.000000 0.051000
932.000000 0.089865 0.067310 -0.000000 0.000000 7.000000 0.051000
933.000000 0.089865 0.067310 -0.000000 0.000000 7.000000 0.051000
934.000000 0.089865 0.067310 -0.000000 0.000000 7.000000 0.051000
935.000000 0.089865 0.067310 -0.000000 0.000000 7.000000 0.051000
936.000000 0.089865 0.067310 -0.000000 0.000000 7.000000 0.051000
937.000000 0.089865 0.067310 -0.000000 0.000000 7.000000 0.051000
938.000000 0.089865 0.067310 -0.000000 0.000000 7.000000 0.051000
939.000000 0.089865 0.067310 -0.000000 0.000000 7.000000 0.051000
940.000000 0.089865 0.067310 -0.000000 0.000000 7.000000 0.051000
941.000000 0.089865 0.067310 -0.000000 0.000000 7.000000 0.051000
942.000000 0.089865 0.067310 -0.000000 0.000000 7.000000 0.051000
943.000000 0.089865 0.067310 -0.000000 0.000000 7.000000 0.051000
944.000000 0.089865 0.067310 -0.000000 0.000000 7.000000 0.051000
945.000000 0.089865 0.067310 -0.000000 0.000000 7.000000 0.051000
946.000000 0.089865 0.067310 -0.000000 0.000000 7.000000 0.051000
947.000000 0.089865 0.067310 -0.000000 0.000000 7.000000 0.051000
948.000000 0.089865 0.067310 -0.000000 0.000000 7.000000 0.051000
949.000000 0.089865 0.067310 -0.000000 0.000000 7.000000 0.051000
950.000000 0.089865 0.067310 -0.000000 0.000000 7.000000 0.051000
951.000000 0.089865 0.067310 -0.000000 0.000000 7.000000 0.051000
952.000000 0.089865 0.067310 -0.000000 0.000000 7.000000 0.051000
953.000000 0.089865 0.067310 -0.000000 0.000000 7.000000 0.051000
954.000000 0.089865 0.067310 -0.000000 0.000000 7.000000 0.051000
955.000000 0.089865 0.067310 -0.000000 0.000000 7.000000 0.051000
956.000000 0.089865 0.067310 -0.000000 0.000000 7.000000 0.051000
957.000000 0.089865 0.067310 -0.000000 0.000000 7.000000 0.051000
958.000000 0.089865 0.067310 -0.000000 0.000000 7.000000 0.051000
959.000000 0.089865 0.067310 -0.000000 0.000000 7.000000 0.051000
960.000000 0.089865 0.067310 -0.000000 0.000000 7.000000 0.051000
961.000000 0.089865 0.067310 -0.000000 0.000000 7.000000 0.051000
962.000000 0.089865 0.067310 -0.000000 0.000000 7.000000 0.051000
963.000000 0.089865 0.067310 -0.000000 0.000000 7.000000 0.051000
964.000000 0.089865 0.067310 -0.000000 0.000000 7.000000 0.051000
965.000000 0.089865 0.067310 -0.000000 0.000000 7.000000 0.051000
966.000000 0.089865 0.067310 -0.000000 0.000000 7.000000 0.051000
967.000000 0.089865 0.067310 -0.000000 0.000000 7.000000 0.051000
968.000000 0.089865 0.067310 -0.000000 0.000000 7.000000 0.051000
969.000000 0.089865 0.067310 -0.000000 0.000000 7.000000 0.051000
970.000000 0.089865 0.067310 -0.000000 0.000000 7.000000 0.051000
971.000000 0.089865 0.067310 -0.000000 0.000000 7.000000 0.051000
972.000000 0.089865 0.067310 -0.000000 0.000000 7.000000 0.051000
973.000000 0.089865 0.067310 -0.000000 0.000000 7.000000 0.051000
974.000000 0.089865 0.067310 -0.000000 0.000000 7.000000 0.051000
975.000000 0.089865 0.067310 -0.000000 0.000000 7.000000 0.051000
976.000000 0.089865 0.067310 -0.000000 0.000000 7.000000 0.051000
977.000000 0.089865 0.067310 -0.000000 0.000000 7.000000 0.051000
978.000000 0.089865 0.067310 -0.000000 0.000000 7.000000 0.051000
979.000000 0.089865 0.067310 -0.000000 0.000000 7.000000 0.051000
980.000000 0.089865 0.067310 -0.000000 0.000000 7.000000 0.051000
981.000000 0.089865 0.067310 -0.000000 0.000000 7.000000 0.051000
982.000000 0.089865 0.067310 -0.000000 0.000000 7.000000 0.051000
983.000000 0.089865 0.067310 -0.000000 0.000000 7.000000 0.051000
984.000000 0.089865 0.067310 -0.000000 0.000000 7.000000 0.051000
985.000000 0.089865 0.067310 -0.000000 0.000000 7.000000 0.051000
986.000000 0.089865 0.067310 -0.000000 0.000000 7.000000 0.051000
987.000000 0.089865 0.067310 -0.000000 0.000000 7.000000 0.051000
988.000000 0.089865 0.067310 -0.000000 0.000000 7.000000 0.051000
989.000000 0.089865 0.067310 -0.000000 0.000000 7.000000 0.051000
990.000000 0.089865 0.067310 -0.000000 0.000000 7.000000 0.051000
991.000000 0.089865 0.067310 -0.000000 0.000000 7.000000 0.051000
992.000000 0.089865 0.067310 -0.000000 0.000000 7.000000 0.051000
993.000000 0.089865 0.067310 -0.000000 0.000000 7.000000 0.051000
994.000000 0.089865 0.067310 -0.000000 0.000000 7.000000 0.051000
995.000000 0.089865 0.067310 -0.000000 0.000000 7.000000 0.051000
996.000000 0.089865 0.067310 -0.000000 0.000000 7.000000 0.051000
997.000000 0.089865 0.067310 -0.000000 0.000000 7.000000 0.051000
998.000000 0.089865 0.067310 -0.000000 0.000000 7.000000 0.051000
999.000000 0.089865 0.067310 -0.000000 0.000000 7.000000 0.051000
1000.000000 0.089865 0.067310 -0.000000 0.000000 7.000000 0.051000
1001.000000 0.089865 0.067310 -0.000000 0.000000 7.000000 0.051000
1002.000000 0.089865 0.067310 -0.000000 0.000000 7.000000 0.051000
1003.000000 0.089865 0.067310 -0.000000 0.000000 7.000000 0.051000
1004.000000 0.089865 0.067310 -0.000000 0.000000 7.000000 0.051000
1005.000000 0.089865 0.067310 -0.000000 0.000000 7.000000 0.051000
1006.000000 0.089865 0.067310 -0.000000 0.000000 7.000000 0.051000
1007.000000 0.089865 0.067310 -0.000000 0.000000 7.000000 0.051000
1008.000000 0.089865 0.067310 -0.000000 0.000000 7.000000 0.051000
1009.000000 0.089865 0.067310 -0.000000 0.000000 7.000000 0.051000
1010.000000 0.089865 0.067310 -0.000000 0.000000 7.000000 0.051000
1011.000000 0.089865 0.067310 -0.000000 0.000000 7.000000 0.051000
1012.000000 0.089865 0.067310 -0.000000 0.000000 7.000000 0.051000
1013.000000 0.089865 0.067310 -0.000000 0.000000 7.000000 0.051000
1014.000000 0.089865 0.067310 -0.000000 0.000000 7.000000 0.051000
1015.000000 0.089865 0.067310 -0.000000 0.000000 7.000000 0.051000
1016.000000 0.089865 0.067310 -0.000000 0.000000 7.000000 0.051000
1017.000000 0.089865 0.067310 -0.000000 0.000000 7.000000 0.051000
1018.000000 0.089865 0.067310 -0.000000 0.000000 7.000000 0.051000
1019.000000 0.089865 0.067310 -0.000000 0.000000 7.000000 0.051000
1020.000000 0.089865 0.067310 -0.000000 0.000000 7.000000 0.051000
1021.000000 0.089865 0.067310 -0.000000 0.000000 7.000000 0.051000
1022.000000 0.089865 0.067310 -0.000000 0.000000 7.000000 0.051000
1023.000000 0.089865 0.067310 -0.000000 0.000000 7.000000 0.051000
1024.000000 0.089865 0.067310 -0.000000 0.000000 7.000000 0.051000
1025.000000 0.089865 0.067310 -0.000000 0.000000 7.000000 0.051000
1026.000000 0.089865 0.067310 -0.000000 0.000000 7.000000 0.051000
1027.000000 0.089865 0.067310 -0.000000 0.000000 7.000000 0.051000
1028.000000 0.089865 0.067310 -0.000000 0.000000 7.000000 0.051000
1029.000000 0.089865 0.067310 -0.000000 0.000000 7.000000 0.051000
1030.000000 0.089865 0.067310 -0.000000 0.000000 7.000000 0.051000
1031.000000 0.089865 0.067310 -0.000000 0.000000 7.000000 0.051000
1032.000000 0.089865 0.067310 -0.000000 0.000000 7.000000 0.051000
1033.000000 0.089865 0.067310 -0.000000 0.000000 7.000000 0.051000
1034.000000 0.089865 0.067310 -0.000000 0.000000 7.000000 0.051000
1035.000000 0.089865 0.067310 -0.000000 0.000000 7.000000 0.051000
1036.000000 0.089865 0.067310 -0.000000 0.000000 7.000000 0.051000
1037.000000 0.089865 0.067310 -0.000000 0.000000 7.000000 0.051000
1038.000000 0.089865 0.067310 -0.000000 0.000000 7.000000 0.051000
1039.000000 0.089865 0.067310 -0.000000 0.000000 7.000000 0.051000
1040.000000 0.089865 0.067310 -0.000000 0.000000 7.000000 0.051000
1041.000000 0.089865 0.067310 -0.000000 0.000000 7.000000 0.051000
1042.000000 0.089865 0.067310 -0.000000 0.000000 7.000000 0.051000
1043.000000 0.089865 0.067310 -0.000000 0.000000 7.000000 0.051000
1044.000000 0.089865 0.067310 -0.000000 0.000000 7.000000 0.051000
1045.000000 0.089865 0.067310 -0.000000 0.000000 7.000000 0.051000
1046.000000 0.089865 0.067310 -0.000000 0.000000 7.000000 0.051000
1047.000000 0.089865 0.067310 -0.000000 0.000000 7.000000 0.051000
1048.000000 0.089865 0.067310 -0.000000 0.000000 7.000000 0.051000
1049.000000 0.089865 0.067310 -0.000000 0.000000 7.000000 0.051000
1050.000000 0.089865 0.067310 -0.000000 0.000000 7.000000 0.051000
1051.000000 0.089865 0.067310 -0.000000 0.000000 7.000000 0.051000
1052.000000 0.089865 0.067310 -0.000000 0.000000 7.000000 0.051000
1053.000000 0.089865 0.067310 -0.000000 0.000000 7.000000 0.051000
1054.000000 0.089865 0.067310 -0.000000 0.000000 7.000000 0.051000
1055.000000 0.089865 0.067310 -0.000000 0.000000 7.000000 0.051000
1056.000000 0.089865 0.067310 -0.000000 0.000000 7.000000 0.051000
1057.000000 0.089865 0.067310 -0.000000 0.000000 7.000000 0.051000
1058.000000 0.089865 0.067310 -0.000000 0.000000 7.000000 0.051000
1059.000000 0.089865 0.067310 -0.000000 0.000000 7.000000 0.051000
1060.000000 0.089865 0.067310 -0.000000 0.000000 7.000000 0.051000
1061.000000 0.089865 0.067310 -0.000000 0.000000 7.000000 0.051000
1062.000000 0.089865 0.067310 -0.000000 0.000000 7.000000 0.051000
1063.000000 0.089865 0.067310 -0.000000 0.000000 7.000000 0.051000
1064.000000 0.089865 0.067310 -0.000000 0.000000 7.000000 0.051000
1065.000000 0.089865 0.067310 -0.000000 0.000000 7.000000 0.051000
1066.000000 0.089865 0.067310 -0.000000 0.000000 7.000000 0.051000
1067.000000 0.089865 0.067310 -0.000000 0.000000 7.000000 0.051000
1068.000000 0.089865 0.067310 -0.000000 0.000000 7.000000 0.051000
1069.000000 0.089865 0.067310 -0.000000 0.000000 7.000000 0.051000
1070.000000 0.089865 0.067310 -0.000000 0.000000 7.000000 0.051000
1071.000000 0.089865 0.067310 -0.000000 0.000000 7.000000 0.051000
1072.000000 0.089865 0.067310 -0.000000 0.000000 7.000000 0.051000
1073.000000 0.089865 0.067310 -0.000000 0.000000 7.000000 0.051000
1074.000000 0.089865 0.067310 -0.000000 0.000000 7.000000 0.051000
1075.000000 0.089865 0.067310 -0.000000 0.000000 7.000000 0.051000
1076.000000 0.089865 0.067310 -0.000000 0.000000 7.000000 0.051000
1077.000000 0.089865 0.067310 -0.000000 0.000000 7.000000 0.051000
1078.000000 0.089865 0.067310 -0.000000 0.000000 7.000000 0.051000
1079.000000 0.089865 0.067310 -0.000000 0.000000 7.000000 0.051000
1080.000000 0.089865 0.067310 -0.000000 0.000000 7.000000 0.051000
1081.000000 0.089865 0.067310 -0.000000 0.000000 7.000000 0.051000
1082.000000 0.089865 0.067310 -0.000000 0.000000 7.000000 0.051000
1083.000000 0.089865 0.067310 -0.000000 0.000000 7.000000 0.051000
1084.000000 0.089865 0.067310 -0.000000 0.000000 7.000000 0.051000
1085.000000 0.089865 0.067310 -0.000000 0.000000 7.000000 0.051000
1086.000000 0.089865 0.067310 -0.000000 0.000000 7.000000 0.051000
1087.000000 0.089865 0.067310 -0.000000 0.000000 7.000000 0.051000
1088.000000 0.089865 0.067310 -0.000000 0.000000 7.000000 0.051000
1089.000000 0.089865 0.067310 -0.000000 0.000000 7.000000 0.051000
1090.000000 0.089865 0.067310 -0.000000 0.000000 7.000000 0.051000
1091.000000 0.089865 0.067310 -0.000000 0.000000 7.000000 0.051000
1092.000000 0.089865 0.067310 -0.000000 0.000000 7.000000 0.051000
1093.000000 0.089865 0.067310 -0.000000 0.000000 7.000000 0.051000
1094.000000 0.089865 0.067310 -0.000000 0.000000 7.000000 0.051000
1095.000000 0.089865 0.067310 -0.000000 0.000000 7.000000 0.051000
1096.000000 0.089865 0.067310 -0.000000 0.000000 7.000000 0.051000
1097.000000 0.089865 0.067310 -0.000000 0.000000 7.000000 0.051000
1098.000000 0.089865 0.067310 -0.000000 0.000000 7.000000 0.051000
1099.000000 0.089865 0.067310 -0.000000 0.000000 7.000000 0.051000
1100.000000 0.089865 0.067310 -0.000000 0.000000 7.000000 0.051000
1101.000000 0.089865 0.067310 -0.000000 0.000000 7.000000 0.051000
1102.000000 0.089865 0.067310 -0.000000 0.000000 7.000000 0.051000
1103.000000 0.089865 0.067310 -0.000000 0.000000 7.000000 0.051000
1104.000000 0.089865 0.067310 -0.000000 0.000000 7.000000 0.051000
1105.000000 0.089865 0.067310 -0.000000 0.000000 7.000000 0.051000
1106.000000 0.089865 0.067310 -0.000000 0.000000 7.000000 0.051000
1107.000000 0.089865 0.067310 -0.000000 0.000000 7.000000 0.051000
