# imt log
s logheadsize 000242
s logcolumns 7
s logname /home/testac/lgames/fitts/20180917_Mon/Mona_162128_passive.dat
s logversion 2.0
s logdate "Mon Sep 17 16:21:28 EDT 2018"
s logidate 1537215688

# begin user data

# end user data

#####
3215.000000 0.000637 0.000338 0.016049 0.019661 0.000000 0.000000
3216.000000 0.000729 0.000448 0.014613 0.020819 0.000000 0.000000
3217.000000 0.000795 0.000485 0.015181 0.017814 7.000000 0.051000
3218.000000 0.000861 0.000522 0.014184 0.012685 7.000000 0.051000
3219.000000 0.000927 0.000558 0.013675 0.010072 7.000000 0.051000
3220.000000 0.001005 0.000632 0.014055 0.010542 7.000000 0.051000
3221.000000 0.001071 0.000669 0.014248 0.010782 7.000000 0.051000
3222.000000 0.001137 0.000705 0.013704 0.009106 7.000000 0.051000
3223.000000 0.001203 0.000742 0.013427 0.008252 7.000000 0.051000
3224.000000 0.001229 0.000816 0.011341 0.009612 7.000000 0.051000
3225.000000 0.001307 0.000889 0.010916 0.012107 7.000000 0.051000
3226.000000 0.001360 0.000889 0.012003 0.009783 7.000000 0.051000
3227.000000 0.001386 0.000963 0.009973 0.008593 7.000000 0.051000
3228.000000 0.001426 0.000926 0.008302 0.006186 7.000000 0.051000
3229.000000 0.001478 0.000926 0.008754 0.001365 7.000000 0.051000
3230.000000 0.001491 0.000963 0.007680 0.002504 7.000000 0.051000
3231.000000 0.001571 0.000890 0.008438 -0.000510 7.000000 0.051000
3232.000000 0.001623 0.000890 0.010768 -0.003838 7.000000 0.051000
3233.000000 0.001584 0.000927 0.006124 -0.000155 7.000000 0.051000
3234.000000 0.001610 0.001000 0.002453 0.005317 7.000000 0.051000
3235.000000 0.001649 0.000964 0.004469 0.004518 7.000000 0.051000
3236.000000 0.001636 0.000927 0.003582 -0.001293 7.000000 0.051000
3237.000000 0.001636 0.000927 0.001187 -0.002460 7.000000 0.051000
3238.000000 0.001676 0.000890 0.002548 -0.003046 7.000000 0.051000
3239.000000 0.001676 0.000890 0.003242 -0.003345 7.000000 0.051000
3240.000000 0.001676 0.000890 0.001652 -0.001704 7.000000 0.051000
3241.000000 0.001676 0.000890 0.000842 -0.000868 7.000000 0.051000
3242.000000 0.001676 0.000890 0.000429 -0.000442 7.000000 0.051000
3243.000000 0.001676 0.000890 0.000218 -0.000225 7.000000 0.051000
3244.000000 0.001676 0.000890 0.000111 -0.000115 7.000000 0.051000
3245.000000 0.001676 0.000890 0.000057 -0.000059 7.000000 0.051000
3246.000000 0.001676 0.000890 0.000029 -0.000030 7.000000 0.051000
3247.000000 0.001676 0.000890 0.000015 -0.000015 7.000000 0.051000
3248.000000 0.001676 0.000890 0.000008 -0.000008 7.000000 0.051000
3249.000000 0.001676 0.000890 0.000004 -0.000004 7.000000 0.051000
3250.000000 0.001663 0.000854 -0.000636 -0.001803 7.000000 0.051000
3251.000000 0.001650 0.000817 -0.001601 -0.004520 7.000000 0.051000
3252.000000 0.001624 0.000743 -0.002733 -0.007705 7.000000 0.051000
3253.000000 0.001611 0.000707 -0.003310 -0.009328 7.000000 0.051000
3254.000000 0.001558 0.000707 -0.004909 -0.006560 7.000000 0.051000
3255.000000 0.001506 0.000706 -0.007667 -0.003356 7.000000 0.051000
3256.000000 0.001453 0.000706 -0.009071 -0.001723 7.000000 0.051000
3257.000000 0.001400 0.000706 -0.009787 -0.000891 7.000000 0.051000
3258.000000 0.001348 0.000706 -0.010152 -0.000466 7.000000 0.051000
3259.000000 0.001282 0.000669 -0.010979 -0.002049 7.000000 0.051000
3260.000000 0.001229 0.000669 -0.011400 -0.002855 7.000000 0.051000
3261.000000 0.001203 0.000596 -0.009674 -0.005060 7.000000 0.051000
3262.000000 0.001137 0.000559 -0.009436 -0.007983 7.000000 0.051000
3263.000000 0.001085 0.000559 -0.010616 -0.005877 7.000000 0.051000
3264.000000 0.001085 0.000559 -0.007992 -0.002999 7.000000 0.051000
3265.000000 0.001019 0.000522 -0.007298 -0.003332 7.000000 0.051000
3266.000000 0.000966 0.000522 -0.009527 -0.003506 7.000000 0.051000
3267.000000 0.000861 0.000522 -0.012605 -0.001798 7.000000 0.051000
3268.000000 0.000808 0.000521 -0.014173 -0.000927 7.000000 0.051000
3269.000000 0.000742 0.000485 -0.013031 -0.002278 7.000000 0.051000
3270.000000 0.000716 0.000411 -0.011154 -0.006561 7.000000 0.051000
3271.000000 0.000663 0.000411 -0.009554 -0.006944 7.000000 0.051000
3272.000000 0.000598 0.000375 -0.010680 -0.005342 7.000000 0.051000
3273.000000 0.000545 0.000374 -0.011254 -0.004525 7.000000 0.051000
3274.000000 0.000492 0.000374 -0.010902 -0.002310 7.000000 0.051000
3275.000000 0.000466 0.000301 -0.009429 -0.004776 7.000000 0.051000
3276.000000 0.000374 0.000338 -0.010617 -0.004235 7.000000 0.051000
3277.000000 0.000308 0.000301 -0.013164 -0.002161 7.000000 0.051000
3278.000000 0.000255 0.000301 -0.012521 -0.002902 7.000000 0.051000
3279.000000 0.000229 0.000228 -0.010256 -0.005076 7.000000 0.051000
3280.000000 0.000163 0.000191 -0.009748 -0.007981 7.000000 0.051000
3281.000000 0.000110 0.000191 -0.010783 -0.005865 7.000000 0.051000
3282.000000 0.000071 0.000228 -0.010017 -0.001190 7.000000 0.051000
3283.000000 0.000005 0.000191 -0.010274 -0.000606 7.000000 0.051000
3284.000000 -0.000048 0.000191 -0.011051 -0.002106 7.000000 0.051000
3285.000000 -0.000140 0.000228 -0.012738 0.000728 7.000000 0.051000
3286.000000 -0.000166 0.000154 -0.012308 -0.001425 7.000000 0.051000
3287.000000 -0.000219 0.000154 -0.010150 -0.004320 7.000000 0.051000
3288.000000 -0.000232 0.000118 -0.008405 -0.003998 7.000000 0.051000
3289.000000 -0.000298 0.000081 -0.008163 -0.005630 7.000000 0.051000
3290.000000 -0.000364 0.000044 -0.010627 -0.006460 7.000000 0.051000
3291.000000 -0.000404 0.000081 -0.010585 -0.003287 7.000000 0.051000
3292.000000 -0.000417 0.000044 -0.007979 -0.001673 7.000000 0.051000
3293.000000 -0.000470 0.000044 -0.007299 -0.002647 7.000000 0.051000
3294.000000 -0.000575 0.000044 -0.011476 -0.001340 7.000000 0.051000
3295.000000 -0.000628 0.000045 -0.013604 -0.000673 7.000000 0.051000
3296.000000 -0.000641 0.000008 -0.010167 -0.002137 7.000000 0.051000
3297.000000 -0.000654 -0.000029 -0.006479 -0.004683 7.000000 0.051000
3298.000000 -0.000720 -0.000065 -0.007186 -0.005976 7.000000 0.051000
3299.000000 -0.000734 -0.000102 -0.007548 -0.006635 7.000000 0.051000
3300.000000 -0.000773 -0.000065 -0.006432 -0.003377 7.000000 0.051000
3301.000000 -0.000826 -0.000065 -0.007800 0.000085 7.000000 0.051000
3302.000000 -0.000839 -0.000102 -0.007211 -0.001750 7.000000 0.051000
3303.000000 -0.000892 -0.000102 -0.006910 -0.002684 7.000000 0.051000
3304.000000 -0.000971 -0.000028 -0.009978 0.002240 7.000000 0.051000
3305.000000 -0.000984 -0.000065 -0.009606 0.002947 7.000000 0.051000
3306.000000 -0.000997 -0.000102 -0.006196 -0.002091 7.000000 0.051000
3307.000000 -0.001050 -0.000101 -0.006394 -0.002857 7.000000 0.051000
3308.000000 -0.001063 -0.000138 -0.006495 -0.003247 7.000000 0.051000
3309.000000 -0.001089 -0.000065 -0.005244 0.000147 7.000000 0.051000
3310.000000 -0.001103 -0.000101 -0.004608 0.001877 7.000000 0.051000
3311.000000 -0.001155 -0.000101 -0.005585 -0.000835 7.000000 0.051000
3312.000000 -0.001195 -0.000064 -0.007367 0.001383 7.000000 0.051000
3313.000000 -0.001248 -0.000064 -0.008275 0.002513 7.000000 0.051000
3314.000000 -0.001287 -0.000028 -0.008737 0.003089 7.000000 0.051000
3315.000000 -0.001261 -0.000101 -0.005103 -0.000223 7.000000 0.051000
3316.000000 -0.001314 -0.000101 -0.003903 -0.003706 7.000000 0.051000
3317.000000 -0.001314 -0.000101 -0.004575 -0.001882 7.000000 0.051000
3318.000000 -0.001366 -0.000101 -0.004917 -0.000952 7.000000 0.051000
3319.000000 -0.001353 -0.000064 -0.004440 0.001317 7.000000 0.051000
3320.000000 -0.001406 -0.000064 -0.004197 0.002474 7.000000 0.051000
3321.000000 -0.001406 -0.000064 -0.004724 0.001267 7.000000 0.051000
3322.000000 -0.001485 0.000010 -0.006275 0.004252 7.000000 0.051000
3323.000000 -0.001498 -0.000027 -0.007717 0.003977 7.000000 0.051000
3324.000000 -0.001498 -0.000027 -0.004584 0.000230 7.000000 0.051000
3325.000000 -0.001511 -0.000064 -0.002988 -0.001679 7.000000 0.051000
3326.000000 -0.001564 -0.000064 -0.004761 -0.002644 7.000000 0.051000
3327.000000 -0.001564 -0.000064 -0.005012 -0.001340 7.000000 0.051000
3328.000000 -0.001604 -0.000027 -0.004487 0.001121 7.000000 0.051000
3329.000000 -0.001604 -0.000027 -0.004220 0.002375 7.000000 0.051000
3330.000000 -0.001656 -0.000027 -0.004736 0.001218 7.000000 0.051000
3331.000000 -0.001735 0.000047 -0.008865 0.004237 7.000000 0.051000
3332.000000 -0.001788 0.000047 -0.010969 0.005776 7.000000 0.051000
3333.000000 -0.001788 0.000047 -0.008174 0.002951 7.000000 0.051000
3334.000000 -0.001814 -0.000026 -0.005471 -0.002088 7.000000 0.051000
3335.000000 -0.001854 0.000011 -0.006026 -0.002851 7.000000 0.051000
3336.000000 -0.001907 0.000011 -0.007589 0.000362 7.000000 0.051000
3337.000000 -0.001933 0.000084 -0.007731 0.003794 7.000000 0.051000
3338.000000 -0.001985 0.000084 -0.007804 0.005544 7.000000 0.051000
3339.000000 -0.002038 0.000085 -0.009147 0.002844 7.000000 0.051000
3340.000000 -0.002117 0.000158 -0.011109 0.005071 7.000000 0.051000
3341.000000 -0.002170 0.000158 -0.012108 0.006206 7.000000 0.051000
3342.000000 -0.002222 0.000159 -0.011339 0.003183 7.000000 0.051000
3343.000000 -0.002236 0.000122 -0.009017 -0.000163 7.000000 0.051000
3344.000000 -0.002288 0.000122 -0.007833 -0.001867 7.000000 0.051000
3345.000000 -0.002381 0.000159 -0.011092 0.000878 7.000000 0.051000
3346.000000 -0.002420 0.000196 -0.012098 0.004073 7.000000 0.051000
3347.000000 -0.002433 0.000160 -0.008749 0.002087 7.000000 0.051000
3348.000000 -0.002473 0.000196 -0.007042 0.001075 7.000000 0.051000
3349.000000 -0.002565 0.000234 -0.010033 0.004175 7.000000 0.051000
3350.000000 -0.002617 0.000234 -0.012212 0.003960 7.000000 0.051000
3351.000000 -0.002670 0.000234 -0.011391 0.002043 7.000000 0.051000
3352.000000 -0.002683 0.000197 -0.009044 -0.000741 7.000000 0.051000
3353.000000 -0.002750 0.000161 -0.008504 -0.003954 7.000000 0.051000
3354.000000 -0.002802 0.000161 -0.010159 -0.003783 7.000000 0.051000
3355.000000 -0.002842 0.000198 -0.009690 -0.000105 7.000000 0.051000
3356.000000 -0.002894 0.000198 -0.009451 0.001769 7.000000 0.051000
3357.000000 -0.002947 0.000199 -0.009985 0.000929 7.000000 0.051000
3358.000000 -0.003000 0.000199 -0.010257 0.000502 7.000000 0.051000
3359.000000 -0.003039 0.000236 -0.009739 0.002079 7.000000 0.051000
3360.000000 -0.003092 0.000236 -0.009476 0.002884 7.000000 0.051000
3361.000000 -0.003066 0.000163 -0.006141 -0.002120 7.000000 0.051000
3362.000000 -0.003119 0.000163 -0.004442 -0.004669 7.000000 0.051000
3363.000000 -0.003171 0.000163 -0.007434 -0.002349 7.000000 0.051000
3364.000000 -0.003158 0.000200 -0.005716 0.000612 7.000000 0.051000
3365.000000 -0.003197 0.000237 -0.004184 0.003916 7.000000 0.051000
3366.000000 -0.003197 0.000237 -0.004060 0.003805 7.000000 0.051000
3367.000000 -0.003250 0.000237 -0.004653 0.001954 7.000000 0.051000
3368.000000 -0.003289 0.000274 -0.006883 0.002821 7.000000 0.051000
3369.000000 -0.003289 0.000274 -0.005435 0.003247 7.000000 0.051000
3370.000000 -0.003289 0.000274 -0.002769 0.001654 7.000000 0.051000
3371.000000 -0.003303 0.000237 -0.002068 -0.000951 7.000000 0.051000
3372.000000 -0.003303 0.000237 -0.001710 -0.002279 7.000000 0.051000
3373.000000 -0.003303 0.000237 -0.000871 -0.001161 7.000000 0.051000
3374.000000 -0.003342 0.000274 -0.002372 0.001218 7.000000 0.051000
3375.000000 -0.003342 0.000274 -0.003136 0.002431 7.000000 0.051000
3376.000000 -0.003342 0.000274 -0.001598 0.001238 7.000000 0.051000
3377.000000 -0.003342 0.000274 -0.000814 0.000631 7.000000 0.051000
3378.000000 -0.003342 0.000274 -0.000415 0.000322 7.000000 0.051000
3379.000000 -0.003342 0.000274 -0.000211 0.000164 7.000000 0.051000
3380.000000 -0.003342 0.000274 -0.000108 0.000083 7.000000 0.051000
3381.000000 -0.003342 0.000274 -0.000055 0.000043 7.000000 0.051000
3382.000000 -0.003342 0.000274 -0.000028 0.000022 7.000000 0.051000
3383.000000 -0.003329 0.000311 0.000642 0.001805 7.000000 0.051000
3384.000000 -0.003315 0.000348 0.001640 0.004509 7.000000 0.051000
3385.000000 -0.003302 0.000384 0.002148 0.005886 7.000000 0.051000
3386.000000 -0.003288 0.000421 0.002406 0.006588 7.000000 0.051000
3387.000000 -0.003275 0.000457 0.002538 0.006946 7.000000 0.051000
3388.000000 -0.003262 0.000494 0.002604 0.007129 7.000000 0.051000
3389.000000 -0.003196 0.000530 0.005220 0.007207 7.000000 0.051000
3390.000000 -0.003143 0.000530 0.008482 0.005437 7.000000 0.051000
3391.000000 -0.003090 0.000530 0.009488 0.002742 7.000000 0.051000
3392.000000 -0.002998 0.000492 0.011930 -0.000440 7.000000 0.051000
3393.000000 -0.002946 0.000492 0.013174 -0.002060 13.000000 0.051000
3394.000000 -0.002893 0.000492 0.011880 -0.001076 13.000000 0.051000
3395.000000 -0.002801 0.000455 0.013150 -0.002382 13.000000 0.051000
3396.000000 -0.002695 0.000454 0.016381 -0.003058 13.000000 0.051000
3397.000000 -0.002643 0.000454 0.016098 -0.001595 13.000000 0.051000
3398.000000 -0.002603 0.000564 0.012744 0.004563 13.000000 0.051000
3399.000000 -0.002511 0.000527 0.012966 0.005893 13.000000 0.051000
3400.000000 -0.002458 0.000526 0.013703 0.001173 13.000000 0.051000
3401.000000 -0.002405 0.000526 0.012149 0.000576 13.000000 0.051000
3402.000000 -0.002313 0.000489 0.013288 -0.001534 13.000000 0.051000
3403.000000 -0.002247 0.000525 0.014520 -0.000813 13.000000 0.051000
3404.000000 -0.002116 0.000452 0.017082 -0.002248 13.000000 0.051000
3405.000000 -0.002063 0.000451 0.017735 -0.004775 13.000000 0.051000
3406.000000 -0.001958 0.000451 0.016788 -0.002459 13.000000 0.051000
3407.000000 -0.001931 0.000524 0.015022 0.002322 13.000000 0.051000
3408.000000 -0.001826 0.000524 0.014122 0.004760 13.000000 0.051000
3409.000000 -0.001760 0.000560 0.015595 0.004198 13.000000 0.051000
3410.000000 -0.001681 0.000487 0.015047 0.000320 13.000000 0.051000
3411.000000 -0.001615 0.000523 0.014766 -0.001656 13.000000 0.051000
3412.000000 -0.001523 0.000486 0.015275 -0.000864 13.000000 0.051000
3413.000000 -0.001418 0.000486 0.017467 -0.002262 13.000000 0.051000
3414.000000 -0.001365 0.000486 0.016651 -0.001171 13.000000 0.051000
3415.000000 -0.001273 0.000449 0.015586 -0.002410 13.000000 0.051000
3416.000000 -0.001233 0.000559 0.014404 0.002355 13.000000 0.051000
3417.000000 -0.001141 0.000522 0.013804 0.004785 13.000000 0.051000
3418.000000 -0.001075 0.000559 0.014782 0.002424 13.000000 0.051000
3419.000000 -0.001036 0.000522 0.012699 0.001226 13.000000 0.051000
3420.000000 -0.000983 0.000522 0.010989 -0.001182 13.000000 0.051000
3421.000000 -0.000930 0.000522 0.010766 -0.000610 13.000000 0.051000
3422.000000 -0.000838 0.000485 0.012589 -0.002119 13.000000 0.051000
3423.000000 -0.000786 0.000485 0.013517 -0.002888 13.000000 0.051000
3424.000000 -0.000720 0.000521 0.012701 0.000320 13.000000 0.051000
3425.000000 -0.000706 0.000558 0.010348 0.003756 13.000000 0.051000
3426.000000 -0.000641 0.000595 0.009149 0.005507 13.000000 0.051000
3427.000000 -0.000601 0.000558 0.009828 0.002800 13.000000 0.051000
3428.000000 -0.000562 0.000521 0.008881 -0.002174 13.000000 0.051000
3429.000000 -0.000509 0.000521 0.009045 -0.002910 13.000000 0.051000
3430.000000 -0.000456 0.000521 0.009776 -0.001486 13.000000 0.051000
3431.000000 -0.000404 0.000521 0.010148 -0.000761 13.000000 0.051000
3432.000000 -0.000351 0.000521 0.010337 -0.000390 13.000000 0.051000
3433.000000 -0.000351 0.000521 0.007850 -0.000201 13.000000 0.051000
3434.000000 -0.000338 0.000558 0.004645 0.001696 13.000000 0.051000
3435.000000 -0.000325 0.000594 0.003658 0.004461 13.000000 0.051000
3436.000000 -0.000272 0.000594 0.005092 0.004070 13.000000 0.051000
3437.000000 -0.000285 0.000558 0.004532 0.000274 13.000000 0.051000
3438.000000 -0.000232 0.000558 0.004247 -0.001660 13.000000 0.051000
3439.000000 -0.000232 0.000558 0.004747 -0.000847 13.000000 0.051000
3440.000000 -0.000232 0.000558 0.002419 -0.000431 13.000000 0.051000
3441.000000 -0.000140 0.000521 0.005754 -0.002019 13.000000 0.051000
3442.000000 -0.000140 0.000521 0.007453 -0.002829 13.000000 0.051000
3443.000000 -0.000180 0.000558 0.001859 0.000358 13.000000 0.051000
3444.000000 -0.000140 0.000521 0.000947 0.000182 13.000000 0.051000
3445.000000 -0.000140 0.000521 0.002421 -0.001706 13.000000 0.051000
3446.000000 -0.000140 0.000521 0.001233 -0.000869 13.000000 0.051000
3447.000000 -0.000140 0.000521 0.000628 -0.000443 13.000000 0.051000
3448.000000 -0.000140 0.000521 0.000320 -0.000226 13.000000 0.051000
3449.000000 -0.000140 0.000521 0.000163 -0.000115 13.000000 0.051000
3450.000000 -0.000140 0.000521 0.000083 -0.000059 13.000000 0.051000
3451.000000 -0.000140 0.000521 0.000042 -0.000030 13.000000 0.051000
3452.000000 -0.000140 0.000521 0.000022 -0.000015 13.000000 0.051000
3453.000000 -0.000140 0.000521 0.000011 -0.000008 13.000000 0.051000
3454.000000 -0.000140 0.000521 0.000006 -0.000004 13.000000 0.051000
3455.000000 -0.000140 0.000521 0.000003 -0.000002 13.000000 0.051000
3456.000000 -0.000140 0.000521 0.000001 -0.000001 13.000000 0.051000
3457.000000 -0.000140 0.000521 0.000001 -0.000001 13.000000 0.051000
3458.000000 -0.000140 0.000521 0.000000 -0.000000 13.000000 0.051000
3459.000000 -0.000140 0.000521 0.000000 -0.000000 13.000000 0.051000
3460.000000 -0.000140 0.000521 0.000000 -0.000000 13.000000 0.051000
3461.000000 -0.000140 0.000521 0.000000 -0.000000 13.000000 0.051000
3462.000000 -0.000140 0.000521 0.000000 -0.000000 13.000000 0.051000
3463.000000 -0.000140 0.000521 0.000000 -0.000000 13.000000 0.051000
3464.000000 -0.000140 0.000521 0.000000 -0.000000 13.000000 0.051000
3465.000000 -0.000140 0.000521 0.000000 -0.000000 13.000000 0.051000
3466.000000 -0.000140 0.000521 0.000000 -0.000000 13.000000 0.051000
3467.000000 -0.000140 0.000521 0.000000 -0.000000 13.000000 0.051000
3468.000000 -0.000140 0.000521 0.000000 -0.000000 13.000000 0.051000
3469.000000 -0.000140 0.000521 0.000000 -0.000000 13.000000 0.051000
3470.000000 -0.000140 0.000521 0.000000 -0.000000 13.000000 0.051000
3471.000000 -0.000140 0.000521 0.000000 -0.000000 13.000000 0.051000
3472.000000 -0.000140 0.000521 0.000000 -0.000000 13.000000 0.051000
3473.000000 -0.000140 0.000521 0.000000 -0.000000 13.000000 0.051000
3474.000000 -0.000140 0.000521 0.000000 -0.000000 13.000000 0.051000
3475.000000 -0.000140 0.000521 0.000000 -0.000000 13.000000 0.051000
3476.000000 -0.000140 0.000521 0.000000 -0.000000 13.000000 0.051000
3477.000000 -0.000140 0.000521 0.000000 -0.000000 13.000000 0.051000
3478.000000 -0.000140 0.000521 0.000000 -0.000000 13.000000 0.051000
3479.000000 -0.000140 0.000521 0.000000 -0.000000 13.000000 0.051000
3480.000000 -0.000140 0.000521 0.000000 -0.000000 13.000000 0.051000
3481.000000 -0.000140 0.000521 0.000000 -0.000000 13.000000 0.051000
3482.000000 -0.000140 0.000521 0.000000 -0.000000 13.000000 0.051000
3483.000000 -0.000127 0.000558 0.000645 0.001798 13.000000 0.051000
3484.000000 -0.000074 0.000558 0.003557 0.002715 13.000000 0.051000
3485.000000 -0.000022 0.000558 0.006979 0.001383 13.000000 0.051000
3486.000000 0.000071 0.000521 0.010661 -0.001092 13.000000 0.051000
3487.000000 0.000136 0.000558 0.013182 -0.000554 13.000000 0.051000
3488.000000 0.000229 0.000521 0.014467 -0.000278 13.000000 0.051000
3489.000000 0.000255 0.000594 0.013180 0.001660 13.000000 0.051000
3490.000000 0.000321 0.000631 0.011228 0.006246 13.000000 0.051000
3491.000000 0.000413 0.000594 0.013470 0.003189 13.000000 0.051000
3492.000000 0.000466 0.000594 0.013969 -0.000167 13.000000 0.051000
3493.000000 0.000558 0.000558 0.014225 -0.001875 13.000000 0.051000
3494.000000 0.000624 0.000595 0.014996 -0.000946 13.000000 0.051000
3495.000000 0.000755 0.000521 0.017333 -0.002265 13.000000 0.051000
3496.000000 0.000821 0.000558 0.018522 -0.002937 13.000000 0.051000
3497.000000 0.000927 0.000558 0.017829 0.000318 13.000000 0.051000
3498.000000 0.000940 0.000595 0.014891 0.001971 13.000000 0.051000
3499.000000 0.001058 0.000632 0.014034 0.004616 13.000000 0.051000
3500.000000 0.001163 0.000632 0.018123 0.004175 13.000000 0.051000
3501.000000 0.001256 0.000596 0.018926 0.000352 13.000000 0.051000
3502.000000 0.001361 0.000596 0.019335 -0.001593 13.000000 0.051000
3503.000000 0.001466 0.000596 0.020184 -0.000782 13.000000 0.051000
3504.000000 0.001572 0.000597 0.020616 -0.000367 13.000000 0.051000
3505.000000 0.001717 0.000560 0.022782 -0.001945 13.000000 0.051000
3506.000000 0.001835 0.000597 0.024522 -0.000945 13.000000 0.051000
3507.000000 0.001901 0.000634 0.021519 0.003149 13.000000 0.051000
3508.000000 0.002019 0.000671 0.019987 0.005237 13.000000 0.051000
3509.000000 0.002137 0.000708 0.021787 0.006314 13.000000 0.051000
3510.000000 0.002230 0.000672 0.021432 0.003260 13.000000 0.051000
3511.000000 0.002335 0.000673 0.020613 -0.000094 13.000000 0.051000
3512.000000 0.002453 0.000710 0.021468 0.001802 13.000000 0.051000
3513.000000 0.002559 0.000710 0.021904 0.002770 13.000000 0.051000
3514.000000 0.002704 0.000674 0.023439 -0.000324 13.000000 0.051000
3515.000000 0.002822 0.000712 0.024854 -0.000096 13.000000 0.051000
3516.000000 0.002901 0.000785 0.022312 0.005401 13.000000 0.051000
3517.000000 0.003019 0.000823 0.021015 0.008204 13.000000 0.051000
3518.000000 0.003137 0.000860 0.022300 0.007847 13.000000 0.051000
3519.000000 0.003242 0.000861 0.022322 0.005864 13.000000 0.051000
3520.000000 0.003361 0.000898 0.022331 0.004856 13.000000 0.051000
3521.000000 0.003479 0.000935 0.022966 0.006149 13.000000 0.051000
3522.000000 0.003597 0.000973 0.023288 0.006810 13.000000 0.051000
3523.000000 0.003755 0.000974 0.025402 0.005365 13.000000 0.051000
3524.000000 0.003913 0.000975 0.028430 0.002847 13.000000 0.051000
3525.000000 0.003991 0.001049 0.026067 0.005136 13.000000 0.051000
3526.000000 0.004122 0.001123 0.023538 0.009895 13.000000 0.051000
3527.000000 0.004240 0.001161 0.024199 0.010537 13.000000 0.051000
3528.000000 0.004371 0.001235 0.024531 0.010867 13.000000 0.051000
3529.000000 0.004529 0.001237 0.026653 0.009256 13.000000 0.051000
3530.000000 0.004647 0.001274 0.027104 0.006633 13.000000 0.051000
3531.000000 0.004778 0.001349 0.026004 0.008888 13.000000 0.051000
3532.000000 0.004975 0.001314 0.029353 0.006479 13.000000 0.051000
3533.000000 0.005093 0.001352 0.030431 0.003448 13.000000 0.051000
3534.000000 0.005264 0.001390 0.029649 0.005497 13.000000 0.051000
3535.000000 0.005394 0.001465 0.029870 0.008349 13.000000 0.051000
3536.000000 0.005525 0.001539 0.028024 0.011586 13.000000 0.051000
3537.000000 0.005695 0.001578 0.029035 0.011461 13.000000 0.051000
3538.000000 0.005801 0.001579 0.028307 0.007785 13.000000 0.051000
3539.000000 0.005971 0.001617 0.027933 0.005918 13.000000 0.051000
3540.000000 0.006141 0.001656 0.030940 0.006807 13.000000 0.051000
3541.000000 0.006299 0.001658 0.031852 0.005458 13.000000 0.051000
3542.000000 0.006469 0.001696 0.032314 0.004776 13.000000 0.051000
3543.000000 0.006640 0.001735 0.033166 0.006241 13.000000 0.051000
3544.000000 0.006770 0.001810 0.031637 0.008767 13.000000 0.051000
3545.000000 0.006940 0.001849 0.030855 0.010060 13.000000 0.051000
3546.000000 0.007111 0.001888 0.032414 0.008948 13.000000 0.051000
3547.000000 0.007268 0.001890 0.032592 0.006577 13.000000 0.051000
3548.000000 0.007439 0.001929 0.032680 0.005375 13.000000 0.051000
3549.000000 0.007649 0.001932 0.035302 0.004806 13.000000 0.051000
3550.000000 0.007819 0.001971 0.036635 0.004521 13.000000 0.051000
3551.000000 0.008029 0.001974 0.037315 0.004384 13.000000 0.051000
3552.000000 0.008199 0.002013 0.037658 0.004319 13.000000 0.051000
3553.000000 0.008342 0.002126 0.034510 0.009642 13.000000 0.051000
3554.000000 0.008564 0.002166 0.035478 0.012403 13.000000 0.051000
3555.000000 0.008734 0.002205 0.037323 0.010234 13.000000 0.051000
3556.000000 0.008932 0.002172 0.037045 0.005515 13.000000 0.051000
3557.000000 0.009154 0.002212 0.039476 0.003162 13.000000 0.051000
3558.000000 0.009324 0.002252 0.039355 0.005547 13.000000 0.051000
3559.000000 0.009587 0.002256 0.041260 0.005008 13.000000 0.051000
3560.000000 0.009797 0.002260 0.044199 0.002974 13.000000 0.051000
3561.000000 0.009992 0.002374 0.042355 0.007289 13.000000 0.051000
3562.000000 0.010174 0.002450 0.040046 0.013070 13.000000 0.051000
3563.000000 0.010396 0.002491 0.040231 0.012448 13.000000 0.051000
3564.000000 0.010618 0.002532 0.042292 0.010376 13.000000 0.051000
3565.000000 0.010869 0.002500 0.044714 0.005756 13.000000 0.051000
3566.000000 0.011091 0.002542 0.045945 0.003411 13.000000 0.051000
3567.000000 0.011325 0.002620 0.045795 0.007616 13.000000 0.051000
3568.000000 0.011588 0.002625 0.047692 0.008010 13.000000 0.051000
3569.000000 0.011810 0.002667 0.048055 0.006405 13.000000 0.051000
3570.000000 0.012084 0.002710 0.048835 0.007417 13.000000 0.051000
3571.000000 0.012306 0.002751 0.049229 0.007940 13.000000 0.051000
3572.000000 0.012581 0.002794 0.049425 0.008221 13.000000 0.051000
3573.000000 0.012855 0.002837 0.052093 0.008438 13.000000 0.051000
3574.000000 0.013170 0.002845 0.055431 0.006811 13.000000 0.051000
3575.000000 0.013432 0.002851 0.056538 0.004179 13.000000 0.051000
3576.000000 0.013707 0.002895 0.055118 0.004605 13.000000 0.051000
3577.000000 0.014021 0.002903 0.056967 0.004905 13.000000 0.051000
3578.000000 0.014336 0.002911 0.059890 0.003324 13.000000 0.051000
3579.000000 0.014663 0.002956 0.061963 0.004357 13.000000 0.051000
3580.000000 0.014937 0.003001 0.061032 0.006645 13.000000 0.051000
3581.000000 0.015264 0.003046 0.060552 0.007831 13.000000 0.051000
3582.000000 0.015578 0.003055 0.062293 0.006705 13.000000 0.051000
3583.000000 0.015945 0.003066 0.065165 0.004412 13.000000 0.051000
3584.000000 0.016301 0.003039 0.068622 0.001523 13.000000 0.051000
3585.000000 0.016668 0.003051 0.070383 0.000076 13.000000 0.051000
3586.000000 0.017035 0.003062 0.071861 0.001184 13.000000 0.051000
3587.000000 0.017442 0.003038 0.074610 0.000040 13.000000 0.051000
3588.000000 0.017821 0.003087 0.076582 0.001304 13.000000 0.051000
3589.000000 0.018229 0.003064 0.077593 0.001979 13.000000 0.051000
3590.000000 0.018567 0.003148 0.076099 0.004077 13.000000 0.051000
3591.000000 0.018986 0.003163 0.075913 0.007002 13.000000 0.051000
3592.000000 0.019447 0.003142 0.081814 0.003331 13.000000 0.051000
3593.000000 0.019866 0.003157 0.084820 0.001494 13.000000 0.051000
3594.000000 0.020326 0.003138 0.086358 0.000598 13.000000 0.051000
3595.000000 0.020798 0.003155 0.089710 0.000279 13.000000 0.051000
3596.000000 0.021270 0.003173 0.091985 0.001981 13.000000 0.051000
3597.000000 0.021742 0.003192 0.093142 0.002890 13.000000 0.051000
3598.000000 0.022173 0.003246 0.091716 0.005108 13.000000 0.051000
3599.000000 0.022697 0.003268 0.093558 0.006394 13.000000 0.051000
3600.000000 0.023221 0.003290 0.099074 0.005487 13.000000 0.051000
3601.000000 0.023745 0.003312 0.101882 0.005077 13.000000 0.051000
3602.000000 0.024247 0.003261 0.102212 0.001259 13.000000 0.051000
3603.000000 0.024782 0.003321 0.102924 0.001194 13.000000 0.051000
3604.000000 0.025347 0.003310 0.106420 0.003165 13.000000 0.051000
3605.000000 0.025924 0.003338 0.110213 0.002522 13.000000 0.051000
3606.000000 0.026542 0.003330 0.114722 0.002388 13.000000 0.051000
3607.000000 0.027118 0.003359 0.117015 0.002380 13.000000 0.051000
3608.000000 0.027706 0.003425 0.116695 0.005974 13.000000 0.051000
3609.000000 0.028323 0.003420 0.118563 0.006174 13.000000 0.051000
3610.000000 0.028952 0.003453 0.121535 0.004649 13.000000 0.051000
3611.000000 0.029611 0.003414 0.125095 0.002258 13.000000 0.051000
3612.000000 0.030282 0.003414 0.128944 -0.000571 13.000000 0.051000
3613.000000 0.030952 0.003415 0.131447 -0.000095 13.000000 0.051000
3614.000000 0.031633 0.003454 0.133251 0.002067 13.000000 0.051000
3615.000000 0.032304 0.003457 0.134175 0.003250 13.000000 0.051000
3616.000000 0.033068 0.003429 0.138738 0.000596 13.000000 0.051000
3617.000000 0.033760 0.003508 0.142100 0.003000 13.000000 0.051000
3618.000000 0.034493 0.003554 0.142289 0.007842 13.000000 0.051000
3619.000000 0.035227 0.003600 0.144422 0.008730 13.000000 0.051000
3620.000000 0.036023 0.003505 0.148604 0.002280 13.000000 0.051000
3621.000000 0.036850 0.003523 0.155355 -0.002378 13.000000 0.051000
3622.000000 0.037636 0.003577 0.158283 0.002547 13.000000 0.051000
3623.000000 0.038454 0.003560 0.159276 0.003341 13.000000 0.051000
3624.000000 0.039281 0.003582 0.161838 0.002210 13.000000 0.051000
3625.000000 0.040151 0.003572 0.165729 0.001959 13.000000 0.051000
3626.000000 0.040979 0.003597 0.167710 0.001954 13.000000 0.051000
3627.000000 0.041807 0.003623 0.166655 0.003727 13.000000 0.051000
3628.000000 0.042687 0.003654 0.168686 0.004969 13.000000 0.051000
3629.000000 0.043590 0.003578 0.173406 0.000620 13.000000 0.051000
3630.000000 0.044480 0.003650 0.176287 0.000394 13.000000 0.051000
3631.000000 0.045351 0.003647 0.176188 0.003900 13.000000 0.051000
3632.000000 0.046284 0.003689 0.178210 0.004213 13.000000 0.051000
3633.000000 0.047197 0.003656 0.181350 0.002893 13.000000 0.051000
3634.000000 0.048140 0.003739 0.183413 0.004234 13.000000 0.051000
3635.000000 0.049063 0.003747 0.184960 0.006920 13.000000 0.051000
3636.000000 0.049986 0.003757 0.184800 0.004742 13.000000 0.051000
3637.000000 0.050962 0.003774 0.187298 0.004044 13.000000 0.051000
3638.000000 0.051928 0.003754 0.190691 0.002246 13.000000 0.051000
3639.000000 0.052904 0.003774 0.192427 0.001505 13.000000 0.051000
3640.000000 0.053880 0.003796 0.193786 0.003153 13.000000 0.051000
3641.000000 0.054856 0.003819 0.194485 0.004166 13.000000 0.051000
3642.000000 0.055842 0.003882 0.195293 0.006712 13.000000 0.051000
3643.000000 0.056861 0.003877 0.197838 0.006608 13.000000 0.051000
3644.000000 0.057794 0.003938 0.196557 0.006438 13.000000 0.051000
3645.000000 0.058823 0.003974 0.196364 0.008406 13.000000 0.051000
3646.000000 0.059843 0.003974 0.200525 0.006433 13.000000 0.051000
3647.000000 0.060862 0.003976 0.202220 0.003761 13.000000 0.051000
3648.000000 0.061839 0.004012 0.200962 0.004141 13.000000 0.051000
3649.000000 0.062868 0.004055 0.200764 0.006389 13.000000 0.051000
3650.000000 0.063897 0.004101 0.203233 0.008020 13.000000 0.051000
3651.000000 0.064918 0.004111 0.204077 0.007179 13.000000 0.051000
3652.000000 0.065947 0.004160 0.204508 0.006943 13.000000 0.051000
3653.000000 0.066932 0.004243 0.203001 0.010409 13.000000 0.051000
3654.000000 0.067962 0.004297 0.202236 0.012368 13.000000 0.051000
3655.000000 0.068983 0.004314 0.203590 0.010144 13.000000 0.051000
3656.000000 0.070012 0.004371 0.204281 0.009203 13.000000 0.051000
3657.000000 0.071041 0.004430 0.205049 0.010781 13.000000 0.051000
3658.000000 0.072071 0.004491 0.205440 0.011777 13.000000 0.051000
3659.000000 0.073136 0.004485 0.207422 0.009098 13.000000 0.051000
3660.000000 0.074130 0.004619 0.206639 0.011296 13.000000 0.051000
3661.000000 0.075159 0.004686 0.204482 0.015997 13.000000 0.051000
3662.000000 0.076188 0.004755 0.205148 0.015197 13.000000 0.051000
3663.000000 0.077218 0.004826 0.205488 0.014981 13.000000 0.051000
3664.000000 0.078203 0.004929 0.203473 0.016548 13.000000 0.051000
3665.000000 0.079277 0.004973 0.204637 0.016058 13.000000 0.051000
3666.000000 0.080291 0.004974 0.206669 0.010747 13.000000 0.051000
3667.000000 0.081283 0.005121 0.203688 0.013080 13.000000 0.051000
3668.000000 0.082357 0.005171 0.205125 0.016737 13.000000 0.051000
3669.000000 0.083342 0.005284 0.205459 0.016893 13.000000 0.051000
3670.000000 0.084327 0.005398 0.201236 0.020112 13.000000 0.051000
3671.000000 0.085356 0.005484 0.201274 0.020466 13.000000 0.051000
3672.000000 0.086333 0.005564 0.200926 0.018937 13.000000 0.051000
3673.000000 0.087355 0.005616 0.200400 0.016475 13.000000 0.051000
3674.000000 0.088346 0.005776 0.200814 0.019147 13.000000 0.051000
3675.000000 0.089316 0.005823 0.198483 0.020262 13.000000 0.051000
3676.000000 0.090345 0.005918 0.199139 0.017688 13.000000 0.051000
3677.000000 0.091277 0.006037 0.197600 0.019856 13.000000 0.051000
3678.000000 0.092306 0.006136 0.196810 0.021160 13.000000 0.051000
3679.000000 0.093237 0.006258 0.196389 0.021970 13.000000 0.051000
3680.000000 0.094214 0.006352 0.193616 0.022121 13.000000 0.051000
3681.000000 0.095145 0.006477 0.192185 0.022347 13.000000 0.051000
3682.000000 0.096121 0.006574 0.191453 0.022637 13.000000 0.051000
3683.000000 0.097052 0.006703 0.191062 0.022937 13.000000 0.051000
3684.000000 0.097976 0.006794 0.188307 0.022787 13.000000 0.051000
3685.000000 0.098953 0.006897 0.189126 0.021462 13.000000 0.051000
3686.000000 0.099877 0.006992 0.189541 0.020938 13.000000 0.051000
3687.000000 0.100762 0.007155 0.185251 0.023637 13.000000 0.051000
3688.000000 0.101686 0.007253 0.183065 0.025167 13.000000 0.051000
3689.000000 0.102564 0.007381 0.181619 0.024195 13.000000 0.051000
3690.000000 0.103442 0.007510 0.178627 0.025241 13.000000 0.051000
3691.000000 0.104274 0.007670 0.174832 0.027292 13.000000 0.051000
3692.000000 0.105191 0.007735 0.174851 0.025211 13.000000 0.051000
3693.000000 0.106063 0.007830 0.176802 0.021005 13.000000 0.051000
3694.000000 0.106940 0.007965 0.175829 0.022280 13.000000 0.051000
3695.000000 0.107765 0.008091 0.173067 0.024432 13.000000 0.051000
3696.000000 0.108591 0.008219 0.169096 0.025143 13.000000 0.051000
3697.000000 0.109468 0.008358 0.169602 0.026156 13.000000 0.051000
3698.000000 0.110293 0.008488 0.169846 0.026792 13.000000 0.051000
3699.000000 0.111066 0.008609 0.164867 0.026182 13.000000 0.051000
3700.000000 0.111890 0.008741 0.162315 0.025996 13.000000 0.051000
3701.000000 0.112715 0.008875 0.163545 0.026548 13.000000 0.051000
3702.000000 0.113533 0.008971 0.163893 0.025061 13.000000 0.051000
3703.000000 0.114306 0.009097 0.161513 0.023874 13.000000 0.051000
3704.000000 0.115130 0.009234 0.160557 0.025286 13.000000 0.051000
3705.000000 0.115902 0.009362 0.160056 0.026109 13.000000 0.051000
3706.000000 0.116680 0.009529 0.157499 0.027985 13.000000 0.051000
3707.000000 0.117451 0.009659 0.156184 0.029047 13.000000 0.051000
3708.000000 0.118171 0.009778 0.152702 0.027231 13.000000 0.051000
3709.000000 0.118943 0.009910 0.150915 0.026416 13.000000 0.051000
3710.000000 0.119668 0.010070 0.150237 0.027985 13.000000 0.051000
3711.000000 0.120387 0.010193 0.147344 0.028315 13.000000 0.051000
3712.000000 0.121106 0.010316 0.145607 0.026681 13.000000 0.051000
3713.000000 0.121877 0.010452 0.147245 0.026528 13.000000 0.051000
3714.000000 0.122550 0.010604 0.145770 0.027848 13.000000 0.051000
3715.000000 0.123269 0.010731 0.142471 0.028040 13.000000 0.051000
3716.000000 0.123946 0.010923 0.140999 0.030112 13.000000 0.051000
3717.000000 0.124613 0.011040 0.137709 0.030664 13.000000 0.051000
3718.000000 0.125284 0.011195 0.135774 0.029130 13.000000 0.051000
3719.000000 0.125951 0.011313 0.134781 0.028427 13.000000 0.051000
3720.000000 0.126618 0.011432 0.134033 0.026253 13.000000 0.051000
3721.000000 0.127242 0.011617 0.131552 0.028411 13.000000 0.051000
3722.000000 0.127903 0.011698 0.130064 0.027695 13.000000 0.051000
3723.000000 0.128570 0.011820 0.131372 0.024216 13.000000 0.051000
3724.000000 0.129189 0.011968 0.129939 0.025702 13.000000 0.051000
3725.000000 0.129803 0.012078 0.126673 0.025920 13.000000 0.051000
3726.000000 0.130379 0.012293 0.122881 0.029273 13.000000 0.051000
3727.000000 0.130946 0.012430 0.118627 0.032322 13.000000 0.051000
3728.000000 0.131560 0.012543 0.118332 0.028865 13.000000 0.051000
3729.000000 0.132123 0.012643 0.117965 0.025259 13.000000 0.051000
3730.000000 0.132689 0.012783 0.115448 0.024759 13.000000 0.051000
3731.000000 0.133256 0.012923 0.114361 0.026460 13.000000 0.051000
3732.000000 0.133822 0.013064 0.113791 0.027385 13.000000 0.051000
3733.000000 0.134337 0.013192 0.110965 0.027272 13.000000 0.051000
3734.000000 0.134899 0.013296 0.109316 0.025373 13.000000 0.051000
3735.000000 0.135370 0.013490 0.106327 0.027606 13.000000 0.051000
3736.000000 0.135884 0.013620 0.102471 0.030057 13.000000 0.051000
3737.000000 0.136395 0.013711 0.102431 0.026289 13.000000 0.051000
3738.000000 0.136861 0.013868 0.100067 0.025665 13.000000 0.051000
3739.000000 0.137320 0.013948 0.096342 0.024742 13.000000 0.051000
3740.000000 0.137830 0.014041 0.096573 0.021163 13.000000 0.051000
3741.000000 0.138292 0.014160 0.096872 0.021277 13.000000 0.051000
3742.000000 0.138755 0.014279 0.094685 0.022626 13.000000 0.051000
3743.000000 0.139217 0.014399 0.093560 0.023352 13.000000 0.051000
3744.000000 0.139675 0.014481 0.092798 0.021857 13.000000 0.051000
3745.000000 0.140038 0.014614 0.087545 0.021703 13.000000 0.051000
3746.000000 0.140405 0.014785 0.080365 0.026036 13.000000 0.051000
3747.000000 0.140815 0.014893 0.079035 0.027032 13.000000 0.051000
3748.000000 0.141218 0.014924 0.080157 0.020622 13.000000 0.051000
3749.000000 0.141629 0.015032 0.080720 0.017388 13.000000 0.051000
3750.000000 0.142035 0.015102 0.081185 0.017672 13.000000 0.051000
3751.000000 0.142446 0.015211 0.081412 0.017849 13.000000 0.051000
3752.000000 0.142801 0.015268 0.079014 0.017290 13.000000 0.051000
3753.000000 0.143160 0.015364 0.075270 0.016356 13.000000 0.051000
3754.000000 0.143471 0.015485 0.071185 0.019028 13.000000 0.051000
3755.000000 0.143782 0.015607 0.066751 0.021634 13.000000 0.051000
3756.000000 0.144093 0.015728 0.064482 0.022979 13.000000 0.051000
3757.000000 0.144444 0.015748 0.065337 0.018655 13.000000 0.051000
3758.000000 0.144796 0.015767 0.067785 0.011444 13.000000 0.051000
3759.000000 0.145103 0.015850 0.066849 0.010912 13.000000 0.051000
3760.000000 0.145458 0.015909 0.066537 0.012569 13.000000 0.051000
3761.000000 0.145766 0.015993 0.066373 0.013429 13.000000 0.051000
3762.000000 0.146022 0.016063 0.061428 0.014410 13.000000 0.051000
3763.000000 0.146281 0.016172 0.056552 0.016139 13.000000 0.051000
3764.000000 0.146585 0.016217 0.056417 0.015820 13.000000 0.051000
3765.000000 0.146840 0.016287 0.056183 0.013764 13.000000 0.051000
3766.000000 0.147093 0.016319 0.053557 0.012038 13.000000 0.051000
3767.000000 0.147349 0.016390 0.052214 0.011170 13.000000 0.051000
3768.000000 0.147601 0.016421 0.051532 0.010739 13.000000 0.051000
3769.000000 0.147905 0.016468 0.053534 0.009327 13.000000 0.051000
3770.000000 0.148158 0.016500 0.054555 0.008619 13.000000 0.051000
3771.000000 0.148410 0.016532 0.052567 0.007573 13.000000 0.051000
3772.000000 0.148567 0.016614 0.046842 0.009455 13.000000 0.051000
3773.000000 0.148819 0.016646 0.043927 0.010426 13.000000 0.051000
3774.000000 0.149024 0.016703 0.044792 0.009722 13.000000 0.051000
3775.000000 0.149225 0.016721 0.042727 0.008670 13.000000 0.051000
3776.000000 0.149427 0.016740 0.041523 0.006237 13.000000 0.051000
3777.000000 0.149679 0.016773 0.043417 0.005712 13.000000 0.051000
3778.000000 0.149881 0.016791 0.044382 0.005451 13.000000 0.051000
3779.000000 0.150082 0.016810 0.042368 0.004621 13.000000 0.051000
3780.000000 0.150283 0.016829 0.041342 0.004206 13.000000 0.051000
3781.000000 0.150389 0.016896 0.036101 0.006389 13.000000 0.051000
3782.000000 0.150590 0.016915 0.033432 0.007510 13.000000 0.051000
3783.000000 0.150743 0.016959 0.034428 0.006888 13.000000 0.051000
3784.000000 0.150942 0.016939 0.034791 0.004673 13.000000 0.051000
3785.000000 0.151143 0.016958 0.037334 0.002358 13.000000 0.051000
3786.000000 0.151294 0.016962 0.036272 0.002376 13.000000 0.051000
3787.000000 0.151495 0.016982 0.035732 0.002393 13.000000 0.051000
3788.000000 0.151693 0.016962 0.037819 0.001216 13.000000 0.051000
3789.000000 0.151844 0.016967 0.036376 -0.000093 13.000000 0.051000
3790.000000 0.151946 0.016996 0.030919 0.001623 13.000000 0.051000
3791.000000 0.152099 0.017040 0.028282 0.004407 13.000000 0.051000
3792.000000 0.152250 0.017045 0.029300 0.004639 13.000000 0.051000
3793.000000 0.152397 0.017011 0.029534 0.000951 13.000000 0.051000
3794.000000 0.152547 0.017016 0.029653 -0.000924 13.000000 0.051000
3795.000000 0.152698 0.017021 0.029858 0.000030 13.000000 0.051000
3796.000000 0.152845 0.016987 0.029821 -0.001385 13.000000 0.051000
3797.000000 0.153044 0.016968 0.032168 -0.003285 13.000000 0.051000
3798.000000 0.153146 0.016997 0.031141 -0.001161 13.000000 0.051000
3799.000000 0.153248 0.017027 0.025890 0.002294 13.000000 0.051000
3800.000000 0.153351 0.017056 0.023214 0.004055 13.000000 0.051000
3801.000000 0.153501 0.017061 0.024215 0.003772 13.000000 0.051000
3802.000000 0.153603 0.017091 0.024724 0.003630 13.000000 0.051000
3803.000000 0.153748 0.017018 0.024706 -0.000249 13.000000 0.051000
3804.000000 0.153898 0.017024 0.027062 -0.003404 13.000000 0.051000
3805.000000 0.153998 0.017015 0.026038 -0.001923 13.000000 0.051000
3806.000000 0.154196 0.016996 0.027884 -0.002342 13.000000 0.051000
3807.000000 0.154296 0.016987 0.028825 -0.002555 13.000000 0.051000
3808.000000 0.154398 0.017016 0.024571 -0.000301 13.000000 0.051000
3809.000000 0.154500 0.017046 0.022542 0.002755 13.000000 0.051000
3810.000000 0.154648 0.017013 0.023738 0.001231 13.000000 0.051000
3811.000000 0.154750 0.017042 0.024347 0.000456 13.000000 0.051000
3812.000000 0.154846 0.016994 0.022153 -0.000665 13.000000 0.051000
3813.000000 0.154949 0.017024 0.021034 -0.001234 13.000000 0.051000
3814.000000 0.155096 0.016991 0.022973 -0.000791 13.000000 0.051000
3815.000000 0.155247 0.016997 0.026329 -0.001738 13.000000 0.051000
3816.000000 0.155346 0.016987 0.025671 -0.001043 13.000000 0.051000
3817.000000 0.155448 0.017017 0.022966 0.000489 13.000000 0.051000
3818.000000 0.155505 0.017110 0.019489 0.006255 13.000000 0.051000
3819.000000 0.155653 0.017077 0.019953 0.006117 13.000000 0.051000
3820.000000 0.155755 0.017107 0.022421 0.002968 13.000000 0.051000
3821.000000 0.155854 0.017098 0.021310 0.002540 13.000000 0.051000
3822.000000 0.156002 0.017065 0.022980 -0.000753 13.000000 0.051000
3823.000000 0.156104 0.017095 0.023966 -0.000524 13.000000 0.051000
3824.000000 0.156255 0.017101 0.024604 0.001504 13.000000 0.051000
3825.000000 0.156403 0.017068 0.027167 -0.000536 13.000000 0.051000
3826.000000 0.156505 0.017098 0.026101 -0.000403 13.000000 0.051000
3827.000000 0.156559 0.017152 0.020947 0.003910 13.000000 0.051000
3828.000000 0.156709 0.017158 0.020694 0.004942 13.000000 0.051000
3829.000000 0.156811 0.017188 0.022935 0.004300 13.000000 0.051000
3830.000000 0.156956 0.017117 0.023815 0.000166 13.000000 0.051000
3831.000000 0.157107 0.017123 0.026636 -0.003105 13.000000 0.051000
3832.000000 0.157206 0.017114 0.025834 -0.001696 13.000000 0.051000
3833.000000 0.157405 0.017097 0.027800 -0.002137 13.000000 0.051000
3834.000000 0.157556 0.017103 0.031308 -0.001618 13.000000 0.051000
3835.000000 0.157704 0.017071 0.030592 -0.002090 13.000000 0.051000
3836.000000 0.157809 0.017140 0.027982 0.000742 13.000000 0.051000
3837.000000 0.157959 0.017147 0.026784 0.004095 13.000000 0.051000
3838.000000 0.158110 0.017153 0.028417 0.002738 13.000000 0.051000
3839.000000 0.158255 0.017082 0.028993 -0.001762 13.000000 0.051000
3840.000000 0.158454 0.017065 0.031663 -0.005209 13.000000 0.051000
3841.000000 0.158605 0.017072 0.033284 -0.003148 13.000000 0.051000
3842.000000 0.158804 0.017055 0.034112 -0.002090 13.000000 0.051000
3843.000000 0.159003 0.017038 0.036913 -0.002703 13.000000 0.051000
3844.000000 0.159151 0.017006 0.035836 -0.003760 13.000000 0.051000
3845.000000 0.159302 0.017013 0.032910 -0.003136 13.000000 0.051000
3846.000000 0.159504 0.017035 0.034054 -0.000155 13.000000 0.051000
3847.000000 0.159654 0.017042 0.034637 0.001368 13.000000 0.051000
3848.000000 0.159851 0.016987 0.034683 -0.001662 13.000000 0.051000
3849.000000 0.160048 0.016932 0.036962 -0.006259 13.000000 0.051000
3850.000000 0.160247 0.016915 0.038252 -0.006687 13.000000 0.051000
3851.000000 0.160495 0.016875 0.041420 -0.006139 13.000000 0.051000
3852.000000 0.160743 0.016836 0.045419 -0.007000 13.000000 0.051000
3853.000000 0.160990 0.016796 0.047460 -0.007426 13.000000 0.051000
3854.000000 0.161141 0.016804 0.043737 -0.005342 13.000000 0.051000
3855.000000 0.161392 0.016803 0.041968 -0.002361 13.000000 0.051000
3856.000000 0.161640 0.016764 0.045835 -0.003127 13.000000 0.051000
3857.000000 0.161888 0.016725 0.047685 -0.005411 13.000000 0.051000
3858.000000 0.162136 0.016686 0.048633 -0.006563 13.000000 0.051000
3859.000000 0.162384 0.016647 0.049119 -0.007138 13.000000 0.051000
3860.000000 0.162632 0.016608 0.049371 -0.007419 13.000000 0.051000
3861.000000 0.162931 0.016585 0.052013 -0.006780 13.000000 0.051000
3862.000000 0.163228 0.016524 0.055751 -0.007578 13.000000 0.051000
3863.000000 0.163428 0.016509 0.052762 -0.007608 13.000000 0.051000
3864.000000 0.163776 0.016463 0.053755 -0.006830 13.000000 0.051000
3865.000000 0.164073 0.016402 0.059043 -0.008691 13.000000 0.051000
3866.000000 0.164368 0.016302 0.059116 -0.012300 13.000000 0.051000
3867.000000 0.164716 0.016257 0.061671 -0.013342 13.000000 0.051000
3868.000000 0.165014 0.016196 0.063099 -0.011950 13.000000 0.051000
3869.000000 0.165362 0.016151 0.063834 -0.011216 13.000000 0.051000
3870.000000 0.165708 0.016068 0.066609 -0.011949 13.000000 0.051000
3871.000000 0.166057 0.016024 0.068030 -0.012299 13.000000 0.051000
3872.000000 0.166354 0.015964 0.066368 -0.011336 13.000000 0.051000
3873.000000 0.166706 0.015959 0.065643 -0.008914 13.000000 0.051000
3874.000000 0.167052 0.015876 0.067678 -0.008781 13.000000 0.051000
3875.000000 0.167448 0.015771 0.070889 -0.013618 13.000000 0.051000
3876.000000 0.167794 0.015689 0.072535 -0.016060 13.000000 0.051000
3877.000000 0.168190 0.015585 0.073386 -0.017273 13.000000 0.051000
3878.000000 0.168537 0.015503 0.073829 -0.017870 13.000000 0.051000
3879.000000 0.168933 0.015399 0.074067 -0.018142 13.000000 0.051000
3880.000000 0.169331 0.015335 0.076712 -0.017457 13.000000 0.051000
3881.000000 0.169679 0.015254 0.075669 -0.015975 13.000000 0.051000
3882.000000 0.170028 0.015212 0.072744 -0.014089 13.000000 0.051000
3883.000000 0.170476 0.015126 0.076183 -0.013396 13.000000 0.051000
3884.000000 0.170872 0.015023 0.080237 -0.016028 13.000000 0.051000
3885.000000 0.171269 0.014921 0.079800 -0.018141 13.000000 0.051000
3886.000000 0.171666 0.014819 0.079590 -0.019188 13.000000 0.051000
3887.000000 0.172063 0.014718 0.079495 -0.019692 13.000000 0.051000
3888.000000 0.172509 0.014594 0.081868 -0.021008 13.000000 0.051000
3889.000000 0.172906 0.014493 0.083089 -0.021650 13.000000 0.051000
3890.000000 0.173303 0.014393 0.081316 -0.020852 13.000000 0.051000
3891.000000 0.173703 0.014331 0.080532 -0.018509 13.000000 0.051000
3892.000000 0.174149 0.014209 0.082558 -0.018367 13.000000 0.051000
3893.000000 0.174547 0.014109 0.083492 -0.020174 13.000000 0.051000
3894.000000 0.174992 0.013949 0.083877 -0.022963 13.000000 0.051000
3895.000000 0.175439 0.013828 0.086501 -0.025431 13.000000 0.051000
3896.000000 0.175835 0.013690 0.085437 -0.025577 13.000000 0.051000
3897.000000 0.176282 0.013570 0.084912 -0.025612 13.000000 0.051000
3898.000000 0.176729 0.013450 0.087181 -0.024764 13.000000 0.051000
3899.000000 0.177177 0.013330 0.088353 -0.024293 13.000000 0.051000
3900.000000 0.177576 0.013233 0.086544 -0.022951 13.000000 0.051000
3901.000000 0.178024 0.013114 0.085639 -0.022228 13.000000 0.051000
3902.000000 0.178472 0.012995 0.087610 -0.022893 13.000000 0.051000
3903.000000 0.178867 0.012821 0.085997 -0.025951 13.000000 0.051000
3904.000000 0.179315 0.012703 0.085191 -0.027469 13.000000 0.051000
3905.000000 0.179761 0.012547 0.087323 -0.027363 13.000000 0.051000
3906.000000 0.180210 0.012430 0.088424 -0.027270 13.000000 0.051000
3907.000000 0.180657 0.012274 0.089002 -0.027184 13.000000 0.051000
3908.000000 0.181055 0.012141 0.086780 -0.027963 13.000000 0.051000
3909.000000 0.181456 0.012085 0.083443 -0.023458 13.000000 0.051000
3910.000000 0.181904 0.011931 0.084184 -0.022179 13.000000 0.051000
3911.000000 0.182302 0.011798 0.084365 -0.025315 13.000000 0.051000
3912.000000 0.182747 0.011606 0.084371 -0.028782 13.000000 0.051000
3913.000000 0.183195 0.011452 0.086818 -0.031559 13.000000 0.051000
3914.000000 0.183593 0.011321 0.085751 -0.029990 13.000000 0.051000
3915.000000 0.184041 0.011168 0.085225 -0.029152 13.000000 0.051000
3916.000000 0.184440 0.011037 0.084968 -0.028697 13.000000 0.051000
3917.000000 0.184838 0.010906 0.082418 -0.027395 13.000000 0.051000
3918.000000 0.185188 0.010797 0.078695 -0.025673 13.000000 0.051000
3919.000000 0.185539 0.010727 0.074476 -0.021829 13.000000 0.051000
3920.000000 0.185938 0.010597 0.074772 -0.020876 13.000000 0.051000
3921.000000 0.186383 0.010368 0.079502 -0.028143 13.000000 0.051000
3922.000000 0.186732 0.010260 0.079485 -0.030793 13.000000 0.051000
3923.000000 0.187132 0.010131 0.077259 -0.027265 13.000000 0.051000
3924.000000 0.187482 0.010023 0.076132 -0.025447 13.000000 0.051000
3925.000000 0.187879 0.009856 0.075470 -0.026398 13.000000 0.051000
3926.000000 0.188230 0.009749 0.075140 -0.026862 13.000000 0.051000
3927.000000 0.188528 0.009624 0.070102 -0.025038 13.000000 0.051000
3928.000000 0.188880 0.009556 0.067645 -0.022177 13.000000 0.051000
3929.000000 0.189229 0.009410 0.068843 -0.021717 13.000000 0.051000
3930.000000 0.189577 0.009265 0.069260 -0.025276 13.000000 0.051000
3931.000000 0.189927 0.009159 0.069583 -0.025158 13.000000 0.051000
3932.000000 0.190276 0.009014 0.069758 -0.025075 13.000000 0.051000
3933.000000 0.190627 0.008909 0.069856 -0.025009 13.000000 0.051000
3934.000000 0.190976 0.008764 0.069915 -0.024953 13.000000 0.051000
3935.000000 0.191277 0.008680 0.067508 -0.023899 13.000000 0.051000
3936.000000 0.191526 0.008577 0.061396 -0.021336 13.000000 0.051000
3937.000000 0.191829 0.008532 0.058389 -0.018105 13.000000 0.051000
3938.000000 0.192128 0.008409 0.059309 -0.017449 13.000000 0.051000
3939.000000 0.192428 0.008286 0.059584 -0.020913 13.000000 0.051000
3940.000000 0.192727 0.008163 0.059731 -0.022662 13.000000 0.051000
3941.000000 0.193029 0.008079 0.059913 -0.021627 13.000000 0.051000
3942.000000 0.193278 0.007977 0.057562 -0.020090 13.000000 0.051000
3943.000000 0.193578 0.007855 0.056272 -0.021197 13.000000 0.051000
3944.000000 0.193829 0.007792 0.055718 -0.019843 13.000000 0.051000
3945.000000 0.194029 0.007711 0.050540 -0.017154 13.000000 0.051000
3946.000000 0.194281 0.007649 0.047906 -0.015772 13.000000 0.051000
3947.000000 0.194479 0.007529 0.046467 -0.016970 13.000000 0.051000
3948.000000 0.194683 0.007525 0.043385 -0.014672 13.000000 0.051000
3949.000000 0.194881 0.007406 0.041818 -0.013494 13.000000 0.051000
3950.000000 0.195081 0.007325 0.040823 -0.016703 13.000000 0.051000
3951.000000 0.195281 0.007244 0.040419 -0.016422 13.000000 0.051000
3952.000000 0.195531 0.007143 0.042670 -0.017257 13.000000 0.051000
3953.000000 0.195733 0.007101 0.043919 -0.015767 13.000000 0.051000
3954.000000 0.195933 0.007021 0.042106 -0.014012 13.000000 0.051000
3955.000000 0.196035 0.007019 0.036275 -0.011146 13.000000 0.051000
3956.000000 0.196237 0.006978 0.033406 -0.007769 13.000000 0.051000
3957.000000 0.196387 0.006918 0.034301 -0.008939 13.000000 0.051000
3958.000000 0.196535 0.006819 0.032105 -0.012362 13.000000 0.051000
3959.000000 0.196686 0.006758 0.030988 -0.014103 13.000000 0.051000
3960.000000 0.196838 0.006737 0.030619 -0.011169 13.000000 0.051000
3961.000000 0.196988 0.006677 0.030433 -0.009670 13.000000 0.051000
3962.000000 0.197138 0.006617 0.030241 -0.010810 13.000000 0.051000
3963.000000 0.197240 0.006616 0.027786 -0.008501 13.000000 0.051000
