# imt log
s logheadsize 000234
s logcolumns 7
s logname /home/testac/lgames/fitts/20180712_Thu/run1.110328.dat
s logversion 2.0
s logdate "Thu Jul 12 11:03:28 EDT 2018"
s logidate 1531407808

# begin user data

# end user data

#####
534.000000 -0.214399 0.285209 -0.000000 0.000000 0.000000 0.000000
535.000000 -0.214399 0.285209 -0.000000 0.000000 0.000000 0.000000
536.000000 -0.214399 0.285209 -0.000000 0.000000 7.000000 0.028000
537.000000 -0.214399 0.285209 -0.000000 0.000000 7.000000 0.028000
538.000000 -0.214399 0.285209 -0.000000 0.000000 7.000000 0.028000
539.000000 -0.214399 0.285209 -0.000000 0.000000 7.000000 0.028000
540.000000 -0.214399 0.285209 -0.000000 0.000000 7.000000 0.028000
541.000000 -0.214399 0.285209 -0.000000 0.000000 7.000000 0.028000
542.000000 -0.214399 0.285209 -0.000000 0.000000 7.000000 0.028000
543.000000 -0.214399 0.285209 -0.000000 0.000000 7.000000 0.028000
544.000000 -0.214399 0.285209 -0.000000 0.000000 7.000000 0.028000
545.000000 -0.214399 0.285209 -0.000000 0.000000 7.000000 0.028000
546.000000 -0.214399 0.285209 -0.000000 0.000000 7.000000 0.028000
547.000000 -0.214399 0.285209 -0.000000 0.000000 7.000000 0.028000
548.000000 -0.214399 0.285209 -0.000000 0.000000 7.000000 0.028000
549.000000 -0.214399 0.285209 -0.000000 0.000000 7.000000 0.028000
550.000000 -0.214399 0.285209 -0.000000 0.000000 7.000000 0.028000
551.000000 -0.214399 0.285209 -0.000000 0.000000 7.000000 0.028000
552.000000 -0.214399 0.285209 -0.000000 0.000000 7.000000 0.028000
553.000000 -0.214399 0.285209 -0.000000 0.000000 7.000000 0.028000
554.000000 -0.214399 0.285209 -0.000000 0.000000 7.000000 0.028000
555.000000 -0.214399 0.285209 -0.000000 0.000000 7.000000 0.028000
556.000000 -0.214399 0.285209 -0.000000 0.000000 7.000000 0.028000
557.000000 -0.214399 0.285209 -0.000000 0.000000 7.000000 0.028000
558.000000 -0.214399 0.285209 -0.000000 0.000000 7.000000 0.028000
559.000000 -0.214399 0.285209 -0.000000 0.000000 7.000000 0.028000
560.000000 -0.214399 0.285209 -0.000000 0.000000 7.000000 0.028000
561.000000 -0.214399 0.285209 -0.000000 0.000000 7.000000 0.028000
562.000000 -0.214399 0.285209 -0.000000 0.000000 7.000000 0.028000
563.000000 -0.214399 0.285209 -0.000000 0.000000 7.000000 0.028000
564.000000 -0.214399 0.285209 -0.000000 0.000000 7.000000 0.028000
565.000000 -0.214399 0.285209 -0.000000 0.000000 7.000000 0.028000
566.000000 -0.214399 0.285209 -0.000000 0.000000 7.000000 0.028000
567.000000 -0.214399 0.285209 -0.000000 0.000000 7.000000 0.028000
568.000000 -0.214399 0.285209 -0.000000 0.000000 7.000000 0.028000
569.000000 -0.214399 0.285209 -0.000000 0.000000 7.000000 0.028000
570.000000 -0.214399 0.285209 -0.000000 0.000000 7.000000 0.028000
571.000000 -0.214399 0.285209 -0.000000 0.000000 7.000000 0.028000
572.000000 -0.214399 0.285209 -0.000000 0.000000 7.000000 0.028000
573.000000 -0.214399 0.285209 -0.000000 0.000000 7.000000 0.028000
574.000000 -0.214399 0.285209 -0.000000 0.000000 7.000000 0.028000
575.000000 -0.214399 0.285209 -0.000000 0.000000 7.000000 0.028000
576.000000 -0.214399 0.285209 -0.000000 0.000000 7.000000 0.028000
577.000000 -0.214399 0.285209 -0.000000 0.000000 7.000000 0.028000
578.000000 -0.214399 0.285209 -0.000000 0.000000 7.000000 0.028000
579.000000 -0.214399 0.285209 -0.000000 0.000000 7.000000 0.028000
580.000000 -0.214399 0.285209 -0.000000 0.000000 7.000000 0.028000
581.000000 -0.214399 0.285209 -0.000000 0.000000 7.000000 0.028000
582.000000 -0.214399 0.285209 -0.000000 0.000000 7.000000 0.028000
583.000000 -0.214399 0.285209 -0.000000 0.000000 7.000000 0.028000
584.000000 -0.214399 0.285209 -0.000000 0.000000 7.000000 0.028000
585.000000 -0.214399 0.285209 -0.000000 0.000000 7.000000 0.028000
586.000000 -0.214399 0.285209 -0.000000 0.000000 7.000000 0.028000
587.000000 -0.214399 0.285209 -0.000000 0.000000 7.000000 0.028000
588.000000 -0.214399 0.285209 -0.000000 0.000000 7.000000 0.028000
589.000000 -0.214399 0.285209 -0.000000 0.000000 7.000000 0.028000
590.000000 -0.214399 0.285209 -0.000000 0.000000 7.000000 0.028000
591.000000 -0.214399 0.285209 -0.000000 0.000000 7.000000 0.028000
592.000000 -0.214399 0.285209 -0.000000 0.000000 7.000000 0.028000
593.000000 -0.214399 0.285209 -0.000000 0.000000 7.000000 0.028000
594.000000 -0.214399 0.285209 -0.000000 0.000000 7.000000 0.028000
595.000000 -0.214399 0.285209 -0.000000 0.000000 7.000000 0.028000
596.000000 -0.214399 0.285209 -0.000000 0.000000 7.000000 0.028000
597.000000 -0.214399 0.285209 -0.000000 0.000000 7.000000 0.028000
598.000000 -0.214399 0.285209 -0.000000 0.000000 7.000000 0.028000
599.000000 -0.214399 0.285209 -0.000000 0.000000 7.000000 0.028000
600.000000 -0.214399 0.285209 -0.000000 0.000000 7.000000 0.028000
601.000000 -0.214399 0.285209 -0.000000 0.000000 7.000000 0.028000
602.000000 -0.214399 0.285209 -0.000000 0.000000 7.000000 0.028000
603.000000 -0.214399 0.285209 -0.000000 0.000000 7.000000 0.028000
604.000000 -0.214399 0.285209 -0.000000 0.000000 7.000000 0.028000
605.000000 -0.214399 0.285209 -0.000000 0.000000 7.000000 0.028000
606.000000 -0.214399 0.285209 -0.000000 0.000000 7.000000 0.028000
607.000000 -0.214399 0.285209 -0.000000 0.000000 7.000000 0.028000
608.000000 -0.214399 0.285209 -0.000000 0.000000 7.000000 0.028000
609.000000 -0.214399 0.285209 -0.000000 0.000000 7.000000 0.028000
610.000000 -0.214399 0.285209 -0.000000 0.000000 7.000000 0.028000
611.000000 -0.214399 0.285209 -0.000000 0.000000 7.000000 0.028000
612.000000 -0.214399 0.285209 -0.000000 0.000000 7.000000 0.028000
613.000000 -0.214399 0.285209 -0.000000 0.000000 7.000000 0.028000
614.000000 -0.214399 0.285209 -0.000000 0.000000 7.000000 0.028000
615.000000 -0.214399 0.285209 -0.000000 0.000000 7.000000 0.028000
616.000000 -0.214399 0.285209 -0.000000 0.000000 7.000000 0.028000
617.000000 -0.214399 0.285209 -0.000000 0.000000 7.000000 0.028000
618.000000 -0.214399 0.285209 -0.000000 0.000000 7.000000 0.028000
619.000000 -0.214399 0.285209 -0.000000 0.000000 7.000000 0.028000
620.000000 -0.214399 0.285209 -0.000000 0.000000 7.000000 0.028000
621.000000 -0.214399 0.285209 -0.000000 0.000000 7.000000 0.028000
622.000000 -0.214399 0.285209 -0.000000 0.000000 7.000000 0.028000
623.000000 -0.214399 0.285209 -0.000000 0.000000 7.000000 0.028000
624.000000 -0.214399 0.285209 -0.000000 0.000000 7.000000 0.028000
625.000000 -0.214399 0.285209 -0.000000 0.000000 7.000000 0.028000
626.000000 -0.214399 0.285209 -0.000000 0.000000 7.000000 0.028000
627.000000 -0.214399 0.285209 -0.000000 0.000000 7.000000 0.028000
628.000000 -0.214399 0.285209 -0.000000 0.000000 7.000000 0.028000
629.000000 -0.214399 0.285209 -0.000000 0.000000 7.000000 0.028000
630.000000 -0.214399 0.285209 -0.000000 0.000000 7.000000 0.028000
631.000000 -0.214399 0.285209 -0.000000 0.000000 7.000000 0.028000
632.000000 -0.214399 0.285209 -0.000000 0.000000 7.000000 0.028000
633.000000 -0.214399 0.285209 -0.000000 0.000000 7.000000 0.028000
634.000000 -0.214399 0.285209 -0.000000 0.000000 7.000000 0.028000
635.000000 -0.214399 0.285209 -0.000000 0.000000 7.000000 0.028000
636.000000 -0.214399 0.285209 -0.000000 0.000000 7.000000 0.028000
637.000000 -0.214399 0.285209 -0.000000 0.000000 7.000000 0.028000
638.000000 -0.214399 0.285209 -0.000000 0.000000 7.000000 0.028000
639.000000 -0.214399 0.285209 -0.000000 0.000000 7.000000 0.028000
640.000000 -0.214399 0.285209 -0.000000 0.000000 7.000000 0.028000
641.000000 -0.214399 0.285209 -0.000000 0.000000 7.000000 0.028000
642.000000 -0.214399 0.285209 -0.000000 0.000000 7.000000 0.028000
643.000000 -0.214399 0.285209 -0.000000 0.000000 7.000000 0.028000
644.000000 -0.214399 0.285209 -0.000000 0.000000 7.000000 0.028000
645.000000 -0.214399 0.285209 -0.000000 0.000000 7.000000 0.028000
646.000000 -0.214399 0.285209 -0.000000 0.000000 7.000000 0.028000
647.000000 -0.214399 0.285209 -0.000000 0.000000 7.000000 0.028000
648.000000 -0.214399 0.285209 -0.000000 0.000000 7.000000 0.028000
649.000000 -0.214399 0.285209 -0.000000 0.000000 7.000000 0.028000
650.000000 -0.214399 0.285209 -0.000000 0.000000 7.000000 0.028000
651.000000 -0.214399 0.285209 -0.000000 0.000000 7.000000 0.028000
652.000000 -0.214399 0.285209 -0.000000 0.000000 7.000000 0.028000
653.000000 -0.214399 0.285209 -0.000000 0.000000 7.000000 0.028000
654.000000 -0.214399 0.285209 -0.000000 0.000000 7.000000 0.028000
655.000000 -0.214399 0.285209 -0.000000 0.000000 7.000000 0.028000
656.000000 -0.214399 0.285209 -0.000000 0.000000 7.000000 0.028000
657.000000 -0.214399 0.285209 -0.000000 0.000000 7.000000 0.028000
658.000000 -0.214399 0.285209 -0.000000 0.000000 7.000000 0.028000
659.000000 -0.214399 0.285209 -0.000000 0.000000 7.000000 0.028000
660.000000 -0.214399 0.285209 -0.000000 0.000000 7.000000 0.028000
661.000000 -0.214399 0.285209 -0.000000 0.000000 7.000000 0.028000
662.000000 -0.214399 0.285209 -0.000000 0.000000 7.000000 0.028000
663.000000 -0.214399 0.285209 -0.000000 0.000000 7.000000 0.028000
664.000000 -0.214399 0.285209 -0.000000 0.000000 7.000000 0.028000
665.000000 -0.214399 0.285209 -0.000000 0.000000 7.000000 0.028000
666.000000 -0.214399 0.285209 -0.000000 0.000000 7.000000 0.028000
667.000000 -0.214399 0.285209 -0.000000 0.000000 7.000000 0.028000
668.000000 -0.214399 0.285209 -0.000000 0.000000 7.000000 0.028000
669.000000 -0.214399 0.285209 -0.000000 0.000000 7.000000 0.028000
670.000000 -0.214399 0.285209 -0.000000 0.000000 7.000000 0.028000
671.000000 -0.214399 0.285209 -0.000000 0.000000 7.000000 0.028000
672.000000 -0.214399 0.285209 -0.000000 0.000000 7.000000 0.028000
673.000000 -0.214399 0.285209 -0.000000 0.000000 7.000000 0.028000
674.000000 -0.214399 0.285209 -0.000000 0.000000 7.000000 0.028000
675.000000 -0.214399 0.285209 -0.000000 0.000000 7.000000 0.028000
676.000000 -0.214399 0.285209 -0.000000 0.000000 7.000000 0.028000
677.000000 -0.214399 0.285209 -0.000000 0.000000 7.000000 0.028000
678.000000 -0.214399 0.285209 -0.000000 0.000000 7.000000 0.028000
679.000000 -0.214399 0.285209 -0.000000 0.000000 7.000000 0.028000
680.000000 -0.214399 0.285209 -0.000000 0.000000 7.000000 0.028000
681.000000 -0.214399 0.285209 -0.000000 0.000000 7.000000 0.028000
682.000000 -0.214399 0.285209 -0.000000 0.000000 7.000000 0.028000
683.000000 -0.214399 0.285209 -0.000000 0.000000 7.000000 0.028000
684.000000 -0.214399 0.285209 -0.000000 0.000000 7.000000 0.028000
685.000000 -0.214399 0.285209 -0.000000 0.000000 7.000000 0.028000
686.000000 -0.214399 0.285209 -0.000000 0.000000 7.000000 0.028000
687.000000 -0.214399 0.285209 -0.000000 0.000000 7.000000 0.028000
688.000000 -0.214399 0.285209 -0.000000 0.000000 7.000000 0.028000
689.000000 -0.214399 0.285209 -0.000000 0.000000 7.000000 0.028000
690.000000 -0.214399 0.285209 -0.000000 0.000000 7.000000 0.028000
691.000000 -0.214399 0.285209 -0.000000 0.000000 7.000000 0.028000
692.000000 -0.214399 0.285209 -0.000000 0.000000 7.000000 0.028000
693.000000 -0.214399 0.285209 -0.000000 0.000000 7.000000 0.028000
694.000000 -0.214399 0.285209 -0.000000 0.000000 7.000000 0.028000
695.000000 -0.214399 0.285209 -0.000000 0.000000 7.000000 0.028000
696.000000 -0.214399 0.285209 -0.000000 0.000000 7.000000 0.028000
697.000000 -0.214399 0.285209 -0.000000 0.000000 7.000000 0.028000
698.000000 -0.214399 0.285209 -0.000000 0.000000 7.000000 0.028000
699.000000 -0.214399 0.285209 -0.000000 0.000000 7.000000 0.028000
700.000000 -0.214399 0.285209 -0.000000 0.000000 7.000000 0.028000
701.000000 -0.214399 0.285209 -0.000000 0.000000 7.000000 0.028000
702.000000 -0.214399 0.285209 -0.000000 0.000000 7.000000 0.028000
703.000000 -0.214399 0.285209 -0.000000 0.000000 7.000000 0.028000
704.000000 -0.214399 0.285209 -0.000000 0.000000 7.000000 0.028000
705.000000 -0.214399 0.285209 -0.000000 0.000000 7.000000 0.028000
706.000000 -0.214399 0.285209 -0.000000 0.000000 7.000000 0.028000
707.000000 -0.214399 0.285209 -0.000000 0.000000 7.000000 0.028000
708.000000 -0.214399 0.285209 -0.000000 0.000000 7.000000 0.028000
709.000000 -0.214399 0.285209 -0.000000 0.000000 7.000000 0.028000
710.000000 -0.214399 0.285209 -0.000000 0.000000 7.000000 0.028000
711.000000 -0.214399 0.285209 -0.000000 0.000000 7.000000 0.028000
712.000000 -0.214399 0.285209 -0.000000 0.000000 7.000000 0.028000
713.000000 -0.214399 0.285209 -0.000000 0.000000 7.000000 0.028000
714.000000 -0.214399 0.285209 -0.000000 0.000000 7.000000 0.028000
715.000000 -0.214399 0.285209 -0.000000 0.000000 7.000000 0.028000
716.000000 -0.214399 0.285209 -0.000000 0.000000 7.000000 0.028000
717.000000 -0.214399 0.285209 -0.000000 0.000000 7.000000 0.028000
718.000000 -0.214399 0.285209 -0.000000 0.000000 7.000000 0.028000
719.000000 -0.214399 0.285209 -0.000000 0.000000 7.000000 0.028000
720.000000 -0.214399 0.285209 -0.000000 0.000000 7.000000 0.028000
721.000000 -0.214399 0.285209 -0.000000 0.000000 7.000000 0.028000
722.000000 -0.214399 0.285209 -0.000000 0.000000 7.000000 0.028000
723.000000 -0.214399 0.285209 -0.000000 0.000000 7.000000 0.028000
724.000000 -0.214399 0.285209 -0.000000 0.000000 7.000000 0.028000
725.000000 -0.214399 0.285209 -0.000000 0.000000 7.000000 0.028000
726.000000 -0.214399 0.285209 -0.000000 0.000000 7.000000 0.028000
727.000000 -0.214399 0.285209 -0.000000 0.000000 7.000000 0.028000
728.000000 -0.214399 0.285209 -0.000000 0.000000 7.000000 0.028000
729.000000 -0.214399 0.285209 -0.000000 0.000000 7.000000 0.028000
730.000000 -0.214399 0.285209 -0.000000 0.000000 7.000000 0.028000
731.000000 -0.214399 0.285209 -0.000000 0.000000 7.000000 0.028000
732.000000 -0.214399 0.285209 -0.000000 0.000000 7.000000 0.028000
733.000000 -0.214399 0.285209 -0.000000 0.000000 7.000000 0.028000
734.000000 -0.214399 0.285209 -0.000000 0.000000 7.000000 0.028000
735.000000 -0.214399 0.285209 -0.000000 0.000000 7.000000 0.028000
736.000000 -0.214399 0.285209 -0.000000 0.000000 7.000000 0.028000
737.000000 -0.214399 0.285209 -0.000000 0.000000 7.000000 0.028000
738.000000 -0.214399 0.285209 -0.000000 0.000000 7.000000 0.028000
739.000000 -0.214399 0.285209 -0.000000 0.000000 7.000000 0.028000
740.000000 -0.214399 0.285209 -0.000000 0.000000 7.000000 0.028000
741.000000 -0.214399 0.285209 -0.000000 0.000000 7.000000 0.028000
742.000000 -0.214399 0.285209 -0.000000 0.000000 7.000000 0.028000
743.000000 -0.214399 0.285209 -0.000000 0.000000 7.000000 0.028000
744.000000 -0.214399 0.285209 -0.000000 0.000000 7.000000 0.028000
745.000000 -0.214399 0.285209 -0.000000 0.000000 7.000000 0.028000
746.000000 -0.214399 0.285209 -0.000000 0.000000 7.000000 0.028000
747.000000 -0.214399 0.285209 -0.000000 0.000000 7.000000 0.028000
748.000000 -0.214399 0.285209 -0.000000 0.000000 7.000000 0.028000
749.000000 -0.214399 0.285209 -0.000000 0.000000 7.000000 0.028000
750.000000 -0.214399 0.285209 -0.000000 0.000000 7.000000 0.028000
751.000000 -0.214399 0.285209 -0.000000 0.000000 7.000000 0.028000
752.000000 -0.214399 0.285209 -0.000000 0.000000 7.000000 0.028000
753.000000 -0.214399 0.285209 -0.000000 0.000000 7.000000 0.028000
754.000000 -0.214399 0.285209 -0.000000 0.000000 7.000000 0.028000
755.000000 -0.214399 0.285209 -0.000000 0.000000 7.000000 0.028000
756.000000 -0.214399 0.285209 -0.000000 0.000000 7.000000 0.028000
757.000000 -0.214399 0.285209 -0.000000 0.000000 7.000000 0.028000
758.000000 -0.214399 0.285209 -0.000000 0.000000 7.000000 0.028000
759.000000 -0.214399 0.285209 -0.000000 0.000000 7.000000 0.028000
760.000000 -0.214399 0.285209 -0.000000 0.000000 7.000000 0.028000
761.000000 -0.214399 0.285209 -0.000000 0.000000 7.000000 0.028000
762.000000 -0.214399 0.285209 -0.000000 0.000000 7.000000 0.028000
763.000000 -0.214399 0.285209 -0.000000 0.000000 7.000000 0.028000
764.000000 -0.214399 0.285209 -0.000000 0.000000 7.000000 0.028000
765.000000 -0.214399 0.285209 -0.000000 0.000000 7.000000 0.028000
766.000000 -0.214399 0.285209 -0.000000 0.000000 7.000000 0.028000
767.000000 -0.214399 0.285209 -0.000000 0.000000 7.000000 0.028000
768.000000 -0.214399 0.285209 -0.000000 0.000000 7.000000 0.028000
769.000000 -0.214399 0.285209 -0.000000 0.000000 7.000000 0.028000
770.000000 -0.214399 0.285209 -0.000000 0.000000 7.000000 0.028000
771.000000 -0.214399 0.285209 -0.000000 0.000000 7.000000 0.028000
772.000000 -0.214399 0.285209 -0.000000 0.000000 7.000000 0.028000
773.000000 -0.214399 0.285209 -0.000000 0.000000 7.000000 0.028000
774.000000 -0.214399 0.285209 -0.000000 0.000000 7.000000 0.028000
775.000000 -0.214399 0.285209 -0.000000 0.000000 7.000000 0.028000
776.000000 -0.214399 0.285209 -0.000000 0.000000 7.000000 0.028000
777.000000 -0.214399 0.285209 -0.000000 0.000000 7.000000 0.028000
778.000000 -0.214399 0.285209 -0.000000 0.000000 7.000000 0.028000
779.000000 -0.214399 0.285209 -0.000000 0.000000 7.000000 0.028000
780.000000 -0.214399 0.285209 -0.000000 0.000000 7.000000 0.028000
781.000000 -0.214399 0.285209 -0.000000 0.000000 7.000000 0.028000
782.000000 -0.214399 0.285209 -0.000000 0.000000 7.000000 0.028000
783.000000 -0.214399 0.285209 -0.000000 0.000000 7.000000 0.028000
784.000000 -0.214399 0.285209 -0.000000 0.000000 7.000000 0.028000
785.000000 -0.214399 0.285209 -0.000000 0.000000 7.000000 0.028000
786.000000 -0.214399 0.285209 -0.000000 0.000000 7.000000 0.028000
787.000000 -0.214399 0.285209 -0.000000 0.000000 7.000000 0.028000
788.000000 -0.214399 0.285209 -0.000000 0.000000 7.000000 0.028000
789.000000 -0.214399 0.285209 -0.000000 0.000000 7.000000 0.028000
790.000000 -0.214399 0.285209 -0.000000 0.000000 7.000000 0.028000
791.000000 -0.214399 0.285209 -0.000000 0.000000 7.000000 0.028000
792.000000 -0.214399 0.285209 -0.000000 0.000000 7.000000 0.028000
793.000000 -0.214399 0.285209 -0.000000 0.000000 7.000000 0.028000
794.000000 -0.214399 0.285209 -0.000000 0.000000 7.000000 0.028000
795.000000 -0.214399 0.285209 -0.000000 0.000000 7.000000 0.028000
796.000000 -0.214399 0.285209 -0.000000 0.000000 7.000000 0.028000
797.000000 -0.214399 0.285209 -0.000000 0.000000 7.000000 0.028000
798.000000 -0.214399 0.285209 -0.000000 0.000000 7.000000 0.028000
799.000000 -0.214399 0.285209 -0.000000 0.000000 7.000000 0.028000
800.000000 -0.214399 0.285209 -0.000000 0.000000 7.000000 0.028000
801.000000 -0.214399 0.285209 -0.000000 0.000000 7.000000 0.028000
802.000000 -0.214399 0.285209 -0.000000 0.000000 7.000000 0.028000
803.000000 -0.214399 0.285209 -0.000000 0.000000 7.000000 0.028000
804.000000 -0.214399 0.285209 -0.000000 0.000000 7.000000 0.028000
805.000000 -0.214399 0.285209 -0.000000 0.000000 7.000000 0.028000
806.000000 -0.214399 0.285209 -0.000000 0.000000 7.000000 0.028000
807.000000 -0.214399 0.285209 -0.000000 0.000000 7.000000 0.028000
808.000000 -0.214399 0.285209 -0.000000 0.000000 7.000000 0.028000
809.000000 -0.214399 0.285209 -0.000000 0.000000 7.000000 0.028000
810.000000 -0.214399 0.285209 -0.000000 0.000000 7.000000 0.028000
811.000000 -0.214399 0.285209 -0.000000 0.000000 7.000000 0.028000
812.000000 -0.214399 0.285209 -0.000000 0.000000 7.000000 0.028000
813.000000 -0.214399 0.285209 -0.000000 0.000000 7.000000 0.028000
814.000000 -0.214399 0.285209 -0.000000 0.000000 7.000000 0.028000
815.000000 -0.214399 0.285209 -0.000000 0.000000 7.000000 0.028000
816.000000 -0.214399 0.285209 -0.000000 0.000000 7.000000 0.028000
817.000000 -0.214399 0.285209 -0.000000 0.000000 7.000000 0.028000
818.000000 -0.214399 0.285209 -0.000000 0.000000 7.000000 0.028000
819.000000 -0.214399 0.285209 -0.000000 0.000000 7.000000 0.028000
820.000000 -0.214399 0.285209 -0.000000 0.000000 7.000000 0.028000
821.000000 -0.214399 0.285209 -0.000000 0.000000 7.000000 0.028000
822.000000 -0.214399 0.285209 -0.000000 0.000000 7.000000 0.028000
823.000000 -0.214399 0.285209 -0.000000 0.000000 7.000000 0.028000
824.000000 -0.214399 0.285209 -0.000000 0.000000 7.000000 0.028000
825.000000 -0.214399 0.285209 -0.000000 0.000000 7.000000 0.028000
826.000000 -0.214399 0.285209 -0.000000 0.000000 7.000000 0.028000
827.000000 -0.214399 0.285209 -0.000000 0.000000 7.000000 0.028000
828.000000 -0.214399 0.285209 -0.000000 0.000000 7.000000 0.028000
829.000000 -0.214399 0.285209 -0.000000 0.000000 7.000000 0.028000
830.000000 -0.214399 0.285209 -0.000000 0.000000 7.000000 0.028000
831.000000 -0.214399 0.285209 -0.000000 0.000000 7.000000 0.028000
832.000000 -0.214399 0.285209 -0.000000 0.000000 7.000000 0.028000
833.000000 -0.214399 0.285209 -0.000000 0.000000 7.000000 0.028000
834.000000 -0.214399 0.285209 -0.000000 0.000000 7.000000 0.028000
835.000000 -0.214399 0.285209 -0.000000 0.000000 7.000000 0.028000
836.000000 -0.214399 0.285209 -0.000000 0.000000 7.000000 0.028000
837.000000 -0.214399 0.285209 -0.000000 0.000000 7.000000 0.028000
838.000000 -0.214399 0.285209 -0.000000 0.000000 7.000000 0.028000
839.000000 -0.214399 0.285209 -0.000000 0.000000 7.000000 0.028000
840.000000 -0.214399 0.285209 -0.000000 0.000000 7.000000 0.028000
841.000000 -0.214399 0.285209 -0.000000 0.000000 7.000000 0.028000
842.000000 -0.214399 0.285209 -0.000000 0.000000 7.000000 0.028000
843.000000 -0.214399 0.285209 -0.000000 0.000000 7.000000 0.028000
844.000000 -0.214399 0.285209 -0.000000 0.000000 7.000000 0.028000
845.000000 -0.214399 0.285209 -0.000000 0.000000 7.000000 0.028000
846.000000 -0.214399 0.285209 -0.000000 0.000000 7.000000 0.028000
847.000000 -0.214399 0.285209 -0.000000 0.000000 7.000000 0.028000
848.000000 -0.214399 0.285209 -0.000000 0.000000 7.000000 0.028000
849.000000 -0.214399 0.285209 -0.000000 0.000000 7.000000 0.028000
850.000000 -0.214399 0.285209 -0.000000 0.000000 7.000000 0.028000
851.000000 -0.214399 0.285209 -0.000000 0.000000 7.000000 0.028000
852.000000 -0.214399 0.285209 -0.000000 0.000000 7.000000 0.028000
853.000000 -0.214399 0.285209 -0.000000 0.000000 7.000000 0.028000
854.000000 -0.214399 0.285209 -0.000000 0.000000 7.000000 0.028000
855.000000 -0.214399 0.285209 -0.000000 0.000000 7.000000 0.028000
856.000000 -0.214399 0.285209 -0.000000 0.000000 7.000000 0.028000
857.000000 -0.214399 0.285209 -0.000000 0.000000 7.000000 0.028000
858.000000 -0.214399 0.285209 -0.000000 0.000000 7.000000 0.028000
859.000000 -0.214399 0.285209 -0.000000 0.000000 7.000000 0.028000
860.000000 -0.214399 0.285209 -0.000000 0.000000 7.000000 0.028000
861.000000 -0.214399 0.285209 -0.000000 0.000000 7.000000 0.028000
862.000000 -0.214399 0.285209 -0.000000 0.000000 7.000000 0.028000
863.000000 -0.214399 0.285209 -0.000000 0.000000 7.000000 0.028000
864.000000 -0.214399 0.285209 -0.000000 0.000000 7.000000 0.028000
865.000000 -0.214399 0.285209 -0.000000 0.000000 7.000000 0.028000
866.000000 -0.214399 0.285209 -0.000000 0.000000 7.000000 0.028000
867.000000 -0.214399 0.285209 -0.000000 0.000000 7.000000 0.028000
868.000000 -0.214399 0.285209 -0.000000 0.000000 7.000000 0.028000
869.000000 -0.214399 0.285209 -0.000000 0.000000 7.000000 0.028000
870.000000 -0.214399 0.285209 -0.000000 0.000000 7.000000 0.028000
871.000000 -0.214399 0.285209 -0.000000 0.000000 7.000000 0.028000
872.000000 -0.214399 0.285209 -0.000000 0.000000 7.000000 0.028000
873.000000 -0.214399 0.285209 -0.000000 0.000000 7.000000 0.028000
874.000000 -0.214399 0.285209 -0.000000 0.000000 7.000000 0.028000
875.000000 -0.214399 0.285209 -0.000000 0.000000 7.000000 0.028000
876.000000 -0.214399 0.285209 -0.000000 0.000000 7.000000 0.028000
877.000000 -0.214399 0.285209 -0.000000 0.000000 7.000000 0.028000
878.000000 -0.214399 0.285209 -0.000000 0.000000 7.000000 0.028000
879.000000 -0.214399 0.285209 -0.000000 0.000000 7.000000 0.028000
880.000000 -0.214399 0.285209 -0.000000 0.000000 7.000000 0.028000
881.000000 -0.214399 0.285209 -0.000000 0.000000 7.000000 0.028000
882.000000 -0.214399 0.285209 -0.000000 0.000000 7.000000 0.028000
883.000000 -0.214399 0.285209 -0.000000 0.000000 7.000000 0.028000
884.000000 -0.214399 0.285209 -0.000000 0.000000 7.000000 0.028000
885.000000 -0.214399 0.285209 -0.000000 0.000000 7.000000 0.028000
886.000000 -0.214399 0.285209 -0.000000 0.000000 7.000000 0.028000
887.000000 -0.214399 0.285209 -0.000000 0.000000 7.000000 0.028000
888.000000 -0.214399 0.285209 -0.000000 0.000000 7.000000 0.028000
889.000000 -0.214399 0.285209 -0.000000 0.000000 7.000000 0.028000
890.000000 -0.214399 0.285209 -0.000000 0.000000 7.000000 0.028000
891.000000 -0.214399 0.285209 -0.000000 0.000000 7.000000 0.028000
892.000000 -0.214399 0.285209 -0.000000 0.000000 7.000000 0.028000
893.000000 -0.214399 0.285209 -0.000000 0.000000 7.000000 0.028000
894.000000 -0.214399 0.285209 -0.000000 0.000000 7.000000 0.028000
895.000000 -0.214399 0.285209 -0.000000 0.000000 7.000000 0.028000
896.000000 -0.214399 0.285209 -0.000000 0.000000 7.000000 0.028000
897.000000 -0.214399 0.285209 -0.000000 0.000000 7.000000 0.028000
898.000000 -0.214399 0.285209 -0.000000 0.000000 7.000000 0.028000
899.000000 -0.214399 0.285209 -0.000000 0.000000 7.000000 0.028000
900.000000 -0.214399 0.285209 -0.000000 0.000000 7.000000 0.028000
901.000000 -0.214399 0.285209 -0.000000 0.000000 7.000000 0.028000
902.000000 -0.214399 0.285209 -0.000000 0.000000 7.000000 0.028000
903.000000 -0.214399 0.285209 -0.000000 0.000000 7.000000 0.028000
904.000000 -0.214399 0.285209 -0.000000 0.000000 7.000000 0.028000
905.000000 -0.214399 0.285209 -0.000000 0.000000 7.000000 0.028000
906.000000 -0.214399 0.285209 -0.000000 0.000000 7.000000 0.028000
907.000000 -0.214399 0.285209 -0.000000 0.000000 7.000000 0.028000
908.000000 -0.214399 0.285209 -0.000000 0.000000 7.000000 0.028000
909.000000 -0.214399 0.285209 -0.000000 0.000000 7.000000 0.028000
910.000000 -0.214399 0.285209 -0.000000 0.000000 7.000000 0.028000
911.000000 -0.214399 0.285209 -0.000000 0.000000 7.000000 0.028000
912.000000 -0.214399 0.285209 -0.000000 0.000000 7.000000 0.028000
913.000000 -0.214399 0.285209 -0.000000 0.000000 7.000000 0.028000
914.000000 -0.214399 0.285209 -0.000000 0.000000 7.000000 0.028000
915.000000 -0.214399 0.285209 -0.000000 0.000000 7.000000 0.028000
916.000000 -0.214399 0.285209 -0.000000 0.000000 7.000000 0.028000
917.000000 -0.214399 0.285209 -0.000000 0.000000 7.000000 0.028000
918.000000 -0.214399 0.285209 -0.000000 0.000000 7.000000 0.028000
919.000000 -0.214399 0.285209 -0.000000 0.000000 7.000000 0.028000
920.000000 -0.214399 0.285209 -0.000000 0.000000 7.000000 0.028000
921.000000 -0.214399 0.285209 -0.000000 0.000000 7.000000 0.028000
922.000000 -0.214399 0.285209 -0.000000 0.000000 7.000000 0.028000
923.000000 -0.214399 0.285209 -0.000000 0.000000 7.000000 0.028000
924.000000 -0.214399 0.285209 -0.000000 0.000000 7.000000 0.028000
925.000000 -0.214399 0.285209 -0.000000 0.000000 7.000000 0.028000
926.000000 -0.214399 0.285209 -0.000000 0.000000 7.000000 0.028000
927.000000 -0.214399 0.285209 -0.000000 0.000000 7.000000 0.028000
928.000000 -0.214399 0.285209 -0.000000 0.000000 7.000000 0.028000
929.000000 -0.214399 0.285209 -0.000000 0.000000 7.000000 0.028000
930.000000 -0.214399 0.285209 -0.000000 0.000000 7.000000 0.028000
931.000000 -0.214399 0.285209 -0.000000 0.000000 7.000000 0.028000
932.000000 -0.214399 0.285209 -0.000000 0.000000 7.000000 0.028000
933.000000 -0.214399 0.285209 -0.000000 0.000000 7.000000 0.028000
934.000000 -0.214399 0.285209 -0.000000 0.000000 7.000000 0.028000
935.000000 -0.214399 0.285209 -0.000000 0.000000 7.000000 0.028000
936.000000 -0.214399 0.285209 -0.000000 0.000000 7.000000 0.028000
937.000000 -0.214399 0.285209 -0.000000 0.000000 7.000000 0.028000
938.000000 -0.214399 0.285209 -0.000000 0.000000 7.000000 0.028000
939.000000 -0.214399 0.285209 -0.000000 0.000000 7.000000 0.028000
940.000000 -0.214399 0.285209 -0.000000 0.000000 7.000000 0.028000
941.000000 -0.214399 0.285209 -0.000000 0.000000 7.000000 0.028000
942.000000 -0.214399 0.285209 -0.000000 0.000000 7.000000 0.028000
943.000000 -0.214399 0.285209 -0.000000 0.000000 7.000000 0.028000
944.000000 -0.214399 0.285209 -0.000000 0.000000 7.000000 0.028000
945.000000 -0.214399 0.285209 -0.000000 0.000000 7.000000 0.028000
946.000000 -0.214399 0.285209 -0.000000 0.000000 7.000000 0.028000
947.000000 -0.214399 0.285209 -0.000000 0.000000 7.000000 0.028000
948.000000 -0.214399 0.285209 -0.000000 0.000000 7.000000 0.028000
949.000000 -0.214399 0.285209 -0.000000 0.000000 7.000000 0.028000
950.000000 -0.214399 0.285209 -0.000000 0.000000 7.000000 0.028000
951.000000 -0.214399 0.285209 -0.000000 0.000000 7.000000 0.028000
952.000000 -0.214399 0.285209 -0.000000 0.000000 7.000000 0.028000
953.000000 -0.214399 0.285209 -0.000000 0.000000 7.000000 0.028000
954.000000 -0.214399 0.285209 -0.000000 0.000000 7.000000 0.028000
955.000000 -0.214399 0.285209 -0.000000 0.000000 7.000000 0.028000
956.000000 -0.214399 0.285209 -0.000000 0.000000 7.000000 0.028000
957.000000 -0.214399 0.285209 -0.000000 0.000000 7.000000 0.028000
958.000000 -0.214399 0.285209 -0.000000 0.000000 7.000000 0.028000
959.000000 -0.214399 0.285209 -0.000000 0.000000 7.000000 0.028000
960.000000 -0.214399 0.285209 -0.000000 0.000000 7.000000 0.028000
961.000000 -0.214399 0.285209 -0.000000 0.000000 7.000000 0.028000
962.000000 -0.214399 0.285209 -0.000000 0.000000 7.000000 0.028000
963.000000 -0.214399 0.285209 -0.000000 0.000000 7.000000 0.028000
964.000000 -0.214399 0.285209 -0.000000 0.000000 7.000000 0.028000
965.000000 -0.214399 0.285209 -0.000000 0.000000 7.000000 0.028000
966.000000 -0.214399 0.285209 -0.000000 0.000000 7.000000 0.028000
967.000000 -0.214399 0.285209 -0.000000 0.000000 7.000000 0.028000
968.000000 -0.214399 0.285209 -0.000000 0.000000 7.000000 0.028000
969.000000 -0.214399 0.285209 -0.000000 0.000000 7.000000 0.028000
970.000000 -0.214399 0.285209 -0.000000 0.000000 7.000000 0.028000
971.000000 -0.214399 0.285209 -0.000000 0.000000 7.000000 0.028000
972.000000 -0.214399 0.285209 -0.000000 0.000000 7.000000 0.028000
973.000000 -0.214399 0.285209 -0.000000 0.000000 7.000000 0.028000
974.000000 -0.214399 0.285209 -0.000000 0.000000 7.000000 0.028000
975.000000 -0.214399 0.285209 -0.000000 0.000000 7.000000 0.028000
976.000000 -0.214399 0.285209 -0.000000 0.000000 7.000000 0.028000
977.000000 -0.214399 0.285209 -0.000000 0.000000 7.000000 0.028000
978.000000 -0.214399 0.285209 -0.000000 0.000000 7.000000 0.028000
979.000000 -0.214399 0.285209 -0.000000 0.000000 7.000000 0.028000
980.000000 -0.214399 0.285209 -0.000000 0.000000 7.000000 0.028000
981.000000 -0.214399 0.285209 -0.000000 0.000000 7.000000 0.028000
982.000000 -0.214399 0.285209 -0.000000 0.000000 7.000000 0.028000
983.000000 -0.214399 0.285209 -0.000000 0.000000 7.000000 0.028000
984.000000 -0.214399 0.285209 -0.000000 0.000000 7.000000 0.028000
985.000000 -0.214399 0.285209 -0.000000 0.000000 7.000000 0.028000
986.000000 -0.214399 0.285209 -0.000000 0.000000 7.000000 0.028000
987.000000 -0.214399 0.285209 -0.000000 0.000000 7.000000 0.028000
988.000000 -0.214399 0.285209 -0.000000 0.000000 7.000000 0.028000
989.000000 -0.214399 0.285209 -0.000000 0.000000 7.000000 0.028000
990.000000 -0.214399 0.285209 -0.000000 0.000000 7.000000 0.028000
991.000000 -0.214399 0.285209 -0.000000 0.000000 7.000000 0.028000
992.000000 -0.214399 0.285209 -0.000000 0.000000 7.000000 0.028000
993.000000 -0.214399 0.285209 -0.000000 0.000000 7.000000 0.028000
994.000000 -0.214399 0.285209 -0.000000 0.000000 7.000000 0.028000
995.000000 -0.214399 0.285209 -0.000000 0.000000 7.000000 0.028000
996.000000 -0.214399 0.285209 -0.000000 0.000000 7.000000 0.028000
