# imt log
s logheadsize 000234
s logcolumns 9
s logname /home/testac/lgames/fitts/20180628_Thu/run1.132803.dat
s logversion 2.0
s logdate "Thu Jun 28 13:28:05 EDT 2018"
s logidate 1530206885

# begin user data

# end user data

#####
179359.000000 -0.002976 0.003907 0.000000 -0.000000 -0.000000 -0.000000 0.000000 0.000000
179360.000000 -0.002976 0.003907 0.000000 -0.000000 -0.000000 -0.000000 0.000000 0.000000
179361.000000 -0.002976 0.003907 0.000000 -0.000000 -0.000000 -0.000000 0.000000 0.000000
179362.000000 -0.002976 0.003907 0.000000 -0.000000 -0.000000 -0.000000 0.000000 0.000000
179363.000000 -0.002976 0.003907 0.000000 -0.000000 -0.000000 -0.000000 0.000000 0.000000
179364.000000 -0.002976 0.003907 0.000000 -0.000000 -0.000000 -0.000000 0.000000 0.000000
179365.000000 -0.002976 0.003907 0.000000 -0.000000 -0.000000 -0.000000 0.000000 0.000000
179366.000000 -0.002976 0.003907 0.000000 -0.000000 -0.000000 -0.000000 0.000000 0.000000
179367.000000 -0.002976 0.003907 0.000000 -0.000000 -0.000000 -0.000000 0.000000 0.000000
179368.000000 -0.002976 0.003907 0.000000 -0.000000 -0.000000 -0.000000 0.000000 0.000000
179369.000000 -0.002976 0.003907 0.000000 -0.000000 -0.000000 -0.000000 0.000000 0.000000
179370.000000 -0.002976 0.003907 0.000000 -0.000000 -0.000000 -0.000000 0.000000 0.000000
179371.000000 -0.002976 0.003907 0.000000 -0.000000 -0.000000 -0.000000 0.000000 0.000000
179372.000000 -0.002976 0.003907 0.000000 -0.000000 -0.000000 -0.000000 0.000000 0.000000
179373.000000 -0.002976 0.003907 0.000000 -0.000000 -0.000000 -0.000000 0.000000 0.000000
179374.000000 -0.002976 0.003907 0.000000 -0.000000 -0.000000 -0.000000 0.000000 0.000000
179375.000000 -0.002976 0.003907 0.000000 -0.000000 -0.000000 -0.000000 0.000000 0.000000
179376.000000 -0.002976 0.003907 0.000000 -0.000000 -0.000000 -0.000000 0.000000 0.000000
179377.000000 -0.002976 0.003907 0.000000 -0.000000 -0.000000 -0.000000 0.000000 0.000000
179378.000000 -0.002976 0.003907 0.000000 -0.000000 -0.000000 -0.000000 0.000000 0.000000
179379.000000 -0.002976 0.003907 0.000000 -0.000000 -0.000000 -0.000000 0.000000 0.000000
179380.000000 -0.002976 0.003907 0.000000 -0.000000 -0.000000 -0.000000 0.000000 0.000000
179381.000000 -0.002976 0.003907 0.000000 -0.000000 -0.000000 -0.000000 0.000000 0.000000
179382.000000 -0.002976 0.003907 0.000000 -0.000000 -0.000000 -0.000000 0.000000 0.000000
179383.000000 -0.002976 0.003907 0.000000 -0.000000 -0.000000 -0.000000 0.000000 0.000000
179384.000000 -0.002976 0.003907 0.000000 -0.000000 -0.000000 -0.000000 0.000000 0.000000
179385.000000 -0.002976 0.003907 0.000000 -0.000000 -0.000000 -0.000000 0.000000 0.000000
179386.000000 -0.002976 0.003907 0.000000 -0.000000 -0.000000 -0.000000 0.000000 0.000000
179387.000000 -0.002976 0.003907 0.000000 -0.000000 -0.000000 -0.000000 0.000000 0.000000
179388.000000 -0.002976 0.003907 0.000000 -0.000000 -0.000000 -0.000000 0.000000 0.000000
179389.000000 -0.002976 0.003907 0.000000 -0.000000 -0.000000 -0.000000 0.000000 0.000000
179390.000000 -0.002976 0.003907 0.000000 -0.000000 -0.000000 -0.000000 0.000000 0.000000
179391.000000 -0.002976 0.003907 0.000000 -0.000000 -0.000000 -0.000000 0.000000 0.000000
179392.000000 -0.002976 0.003907 0.000000 -0.000000 -0.000000 -0.000000 0.000000 0.000000
179393.000000 -0.002976 0.003907 0.000000 -0.000000 -0.000000 -0.000000 0.000000 0.000000
179394.000000 -0.002976 0.003907 0.000000 -0.000000 -0.000000 -0.000000 0.000000 0.000000
179395.000000 -0.002976 0.003907 0.000000 -0.000000 -0.000000 -0.000000 0.000000 0.000000
179396.000000 -0.002976 0.003907 0.000000 -0.000000 -0.000000 -0.000000 0.000000 0.000000
179397.000000 -0.002976 0.003907 0.000000 -0.000000 -0.000000 -0.000000 0.000000 0.000000
179398.000000 -0.002976 0.003907 0.000000 -0.000000 -0.000000 -0.000000 0.000000 0.000000
179399.000000 -0.002976 0.003907 0.000000 -0.000000 -0.000000 -0.000000 0.000000 0.000000
179400.000000 -0.002976 0.003907 0.000000 -0.000000 -0.000000 -0.000000 0.000000 0.000000
179401.000000 -0.002976 0.003907 0.000000 -0.000000 -0.000000 -0.000000 0.000000 0.000000
179402.000000 -0.002976 0.003907 0.000000 -0.000000 -0.000000 -0.000000 0.000000 0.000000
179403.000000 -0.002976 0.003907 0.000000 -0.000000 -0.000000 -0.000000 0.000000 0.000000
179404.000000 -0.002976 0.003907 0.000000 -0.000000 -0.000000 -0.000000 0.000000 0.000000
179405.000000 -0.002976 0.003907 0.000000 -0.000000 -0.000000 -0.000000 0.000000 0.000000
179406.000000 -0.002976 0.003907 0.000000 -0.000000 -0.000000 -0.000000 0.000000 0.000000
179407.000000 -0.002976 0.003907 0.000000 -0.000000 -0.000000 -0.000000 0.000000 0.000000
179408.000000 -0.002976 0.003907 0.000000 -0.000000 -0.000000 -0.000000 0.000000 0.000000
179409.000000 -0.002976 0.003907 0.000000 -0.000000 -0.000000 -0.000000 0.000000 0.000000
179410.000000 -0.002976 0.003907 0.000000 -0.000000 -0.000000 -0.000000 0.000000 0.000000
179411.000000 -0.002976 0.003907 0.000000 -0.000000 -0.000000 -0.000000 0.000000 0.000000
179412.000000 -0.002976 0.003907 0.000000 -0.000000 -0.000000 -0.000000 0.000000 0.000000
179413.000000 -0.002976 0.003907 0.000000 -0.000000 -0.000000 -0.000000 0.000000 0.000000
179414.000000 -0.002976 0.003907 0.000000 -0.000000 -0.000000 -0.000000 0.000000 0.000000
179415.000000 -0.002976 0.003907 0.000000 -0.000000 -0.000000 -0.000000 0.000000 0.000000
179416.000000 -0.002976 0.003907 0.000000 -0.000000 -0.000000 -0.000000 0.000000 0.000000
179417.000000 -0.002976 0.003907 0.000000 -0.000000 -0.000000 -0.000000 0.000000 0.000000
179418.000000 -0.002976 0.003907 0.000000 -0.000000 -0.000000 -0.000000 0.000000 0.000000
179419.000000 -0.002976 0.003907 0.000000 -0.000000 -0.000000 -0.000000 0.000000 0.000000
179420.000000 -0.002976 0.003907 0.000000 -0.000000 -0.000000 -0.000000 0.000000 0.000000
179421.000000 -0.002976 0.003907 0.000000 -0.000000 -0.000000 -0.000000 0.000000 0.000000
179422.000000 -0.002976 0.003907 0.000000 -0.000000 -0.000000 -0.000000 0.000000 0.000000
179423.000000 -0.002976 0.003907 0.000000 -0.000000 -0.000000 -0.000000 0.000000 0.000000
179424.000000 -0.002976 0.003907 0.000000 -0.000000 -0.000000 -0.000000 0.000000 0.000000
179425.000000 -0.002976 0.003907 0.000000 -0.000000 -0.000000 -0.000000 0.000000 0.000000
179426.000000 -0.002976 0.003907 0.000000 -0.000000 -0.000000 -0.000000 0.000000 0.000000
179427.000000 -0.002976 0.003907 0.000000 -0.000000 -0.000000 -0.000000 0.000000 0.000000
179428.000000 -0.002976 0.003907 0.000000 -0.000000 -0.000000 -0.000000 0.000000 0.000000
179429.000000 -0.002976 0.003907 0.000000 -0.000000 -0.000000 -0.000000 0.000000 0.000000
179430.000000 -0.002976 0.003907 0.000000 -0.000000 -0.000000 -0.000000 0.000000 0.000000
179431.000000 -0.002976 0.003907 0.000000 -0.000000 -0.000000 -0.000000 0.000000 0.000000
179432.000000 -0.002976 0.003907 0.000000 -0.000000 -0.000000 -0.000000 0.000000 0.000000
179433.000000 -0.002976 0.003907 0.000000 -0.000000 -0.000000 -0.000000 0.000000 0.000000
179434.000000 -0.002976 0.003907 0.000000 -0.000000 -0.000000 -0.000000 0.000000 0.000000
179435.000000 -0.002976 0.003907 0.000000 -0.000000 -0.000000 -0.000000 0.000000 0.000000
179436.000000 -0.002976 0.003907 0.000000 -0.000000 -0.000000 -0.000000 0.000000 0.000000
179437.000000 -0.002976 0.003907 0.000000 -0.000000 -0.000000 -0.000000 0.000000 0.000000
179438.000000 -0.002976 0.003907 0.000000 -0.000000 -0.000000 -0.000000 0.000000 0.000000
179439.000000 -0.002976 0.003907 0.000000 -0.000000 -0.000000 -0.000000 0.000000 0.000000
179440.000000 -0.002976 0.003907 0.000000 -0.000000 -0.000000 -0.000000 0.000000 0.000000
179441.000000 -0.002976 0.003907 0.000000 -0.000000 -0.000000 -0.000000 0.000000 0.000000
179442.000000 -0.002976 0.003907 0.000000 -0.000000 -0.000000 -0.000000 0.000000 0.000000
179443.000000 -0.002976 0.003907 0.000000 -0.000000 -0.000000 -0.000000 0.000000 0.000000
179444.000000 -0.002976 0.003907 0.000000 -0.000000 -0.000000 -0.000000 0.000000 0.000000
179445.000000 -0.002976 0.003907 0.000000 -0.000000 -0.000000 -0.000000 0.000000 0.000000
179446.000000 -0.002976 0.003907 0.000000 -0.000000 -0.000000 -0.000000 0.000000 0.000000
179447.000000 -0.002976 0.003907 0.000000 -0.000000 -0.000000 -0.000000 0.000000 0.000000
179448.000000 -0.002976 0.003907 0.000000 -0.000000 -0.000000 -0.000000 0.000000 0.000000
179449.000000 -0.002976 0.003907 0.000000 -0.000000 -0.000000 -0.000000 0.000000 0.000000
179450.000000 -0.002976 0.003907 0.000000 -0.000000 -0.000000 -0.000000 0.000000 0.000000
179451.000000 -0.002976 0.003907 0.000000 -0.000000 -0.000000 -0.000000 0.000000 0.000000
179452.000000 -0.002976 0.003907 0.000000 -0.000000 -0.000000 -0.000000 0.000000 0.000000
179453.000000 -0.002976 0.003907 0.000000 -0.000000 -0.000000 -0.000000 0.000000 0.000000
179454.000000 -0.002976 0.003907 0.000000 -0.000000 -0.000000 -0.000000 0.000000 0.000000
179455.000000 -0.002976 0.003907 0.000000 -0.000000 -0.000000 -0.000000 0.000000 0.000000
179456.000000 -0.002976 0.003907 0.000000 -0.000000 -0.000000 -0.000000 0.000000 0.000000
179457.000000 -0.002976 0.003907 0.000000 -0.000000 -0.000000 -0.000000 0.000000 0.000000
179458.000000 -0.002976 0.003907 0.000000 -0.000000 -0.000000 -0.000000 0.000000 0.000000
179459.000000 -0.002976 0.003907 0.000000 -0.000000 -0.000000 -0.000000 0.000000 0.000000
179460.000000 -0.002976 0.003907 0.000000 -0.000000 -0.000000 -0.000000 0.000000 0.000000
179461.000000 -0.002976 0.003907 0.000000 -0.000000 -0.000000 -0.000000 0.000000 0.000000
179462.000000 -0.002976 0.003907 0.000000 -0.000000 -0.000000 -0.000000 0.000000 0.000000
179463.000000 -0.002976 0.003907 0.000000 -0.000000 -0.000000 -0.000000 0.000000 0.000000
179464.000000 -0.002976 0.003907 0.000000 -0.000000 -0.000000 -0.000000 0.000000 0.000000
179465.000000 -0.002976 0.003907 0.000000 -0.000000 -0.000000 -0.000000 0.000000 0.000000
179466.000000 -0.002976 0.003907 0.000000 -0.000000 -0.000000 -0.000000 0.000000 0.000000
179467.000000 -0.002976 0.003907 0.000000 -0.000000 -0.000000 -0.000000 0.000000 0.000000
179468.000000 -0.002976 0.003907 0.000000 -0.000000 -0.000000 -0.000000 0.000000 0.000000
179469.000000 -0.002976 0.003907 0.000000 -0.000000 -0.000000 -0.000000 0.000000 0.000000
179470.000000 -0.002976 0.003907 0.000000 -0.000000 -0.000000 -0.000000 0.000000 0.000000
179471.000000 -0.002976 0.003907 0.000000 -0.000000 -0.000000 -0.000000 0.000000 0.000000
179472.000000 -0.002976 0.003907 0.000000 -0.000000 -0.000000 -0.000000 0.000000 0.000000
179473.000000 -0.002976 0.003907 0.000000 -0.000000 -0.000000 -0.000000 0.000000 0.000000
179474.000000 -0.002976 0.003907 0.000000 -0.000000 -0.000000 -0.000000 0.000000 0.000000
179475.000000 -0.002976 0.003907 0.000000 -0.000000 -0.000000 -0.000000 0.000000 0.000000
179476.000000 -0.002976 0.003907 0.000000 -0.000000 -0.000000 -0.000000 0.000000 0.000000
179477.000000 -0.002976 0.003907 0.000000 -0.000000 -0.000000 -0.000000 0.000000 0.000000
179478.000000 -0.002976 0.003907 0.000000 -0.000000 -0.000000 -0.000000 0.000000 0.000000
179479.000000 -0.002976 0.003907 0.000000 -0.000000 -0.000000 -0.000000 0.000000 0.000000
179480.000000 -0.002976 0.003907 0.000000 -0.000000 -0.000000 -0.000000 0.000000 0.000000
179481.000000 -0.002976 0.003907 0.000000 -0.000000 -0.000000 -0.000000 0.000000 0.000000
179482.000000 -0.002976 0.003907 0.000000 -0.000000 -0.000000 -0.000000 0.000000 0.000000
179483.000000 -0.002976 0.003907 0.000000 -0.000000 -0.000000 -0.000000 0.000000 0.000000
179484.000000 -0.002976 0.003907 0.000000 -0.000000 -0.000000 -0.000000 0.000000 0.000000
179485.000000 -0.002976 0.003907 0.000000 -0.000000 -0.000000 -0.000000 0.000000 0.000000
179486.000000 -0.002976 0.003907 0.000000 -0.000000 -0.000000 -0.000000 0.000000 0.000000
179487.000000 -0.002976 0.003907 0.000000 -0.000000 -0.000000 -0.000000 0.000000 0.000000
179488.000000 -0.002976 0.003907 0.000000 -0.000000 -0.000000 -0.000000 0.000000 0.000000
179489.000000 -0.002976 0.003907 0.000000 -0.000000 -0.000000 -0.000000 0.000000 0.000000
179490.000000 -0.002976 0.003907 0.000000 -0.000000 -0.000000 -0.000000 0.000000 0.000000
179491.000000 -0.002976 0.003907 0.000000 -0.000000 -0.000000 -0.000000 0.000000 0.000000
179492.000000 -0.002976 0.003907 0.000000 -0.000000 -0.000000 -0.000000 0.000000 0.000000
179493.000000 -0.002976 0.003907 0.000000 -0.000000 -0.000000 -0.000000 0.000000 0.000000
179494.000000 -0.002976 0.003907 0.000000 -0.000000 -0.000000 -0.000000 0.000000 0.000000
179495.000000 -0.002976 0.003907 0.000000 -0.000000 -0.000000 -0.000000 0.000000 0.000000
