# imt log
s logheadsize 000234
s logcolumns 9
s logname /home/testac/lgames/fitts/20180628_Thu/run1.131409.dat
s logversion 2.0
s logdate "Thu Jun 28 13:14:10 EDT 2018"
s logidate 1530206050

# begin user data

# end user data

#####
12419.000000 -0.001692 0.002212 -0.000000 0.000000 -0.000000 -0.000000 0.000000 0.000000
12420.000000 -0.001692 0.002212 -0.000000 0.000000 -0.000000 -0.000000 0.000000 0.000000
12421.000000 -0.001692 0.002212 -0.000000 0.000000 -0.000000 -0.000000 0.000000 0.000000
12422.000000 -0.001692 0.002212 -0.000000 0.000000 -0.000000 -0.000000 0.000000 0.000000
12423.000000 -0.001692 0.002212 -0.000000 0.000000 -0.000000 -0.000000 0.000000 0.000000
12424.000000 -0.001692 0.002212 -0.000000 0.000000 -0.000000 -0.000000 0.000000 0.000000
12425.000000 -0.001692 0.002212 -0.000000 0.000000 -0.000000 -0.000000 0.000000 0.000000
12426.000000 -0.001692 0.002212 -0.000000 0.000000 -0.000000 -0.000000 0.000000 0.000000
12427.000000 -0.001692 0.002212 -0.000000 0.000000 -0.000000 -0.000000 0.000000 0.000000
12428.000000 -0.001692 0.002212 -0.000000 0.000000 -0.000000 -0.000000 0.000000 0.000000
12429.000000 -0.001692 0.002212 -0.000000 0.000000 -0.000000 -0.000000 0.000000 0.000000
12430.000000 -0.001692 0.002212 -0.000000 0.000000 -0.000000 -0.000000 0.000000 0.000000
12431.000000 -0.001692 0.002212 -0.000000 0.000000 -0.000000 -0.000000 0.000000 0.000000
12432.000000 -0.001692 0.002212 -0.000000 0.000000 -0.000000 -0.000000 0.000000 0.000000
12433.000000 -0.001692 0.002212 -0.000000 0.000000 -0.000000 -0.000000 0.000000 0.000000
12434.000000 -0.001692 0.002212 -0.000000 0.000000 -0.000000 -0.000000 0.000000 0.000000
12435.000000 -0.001692 0.002212 -0.000000 0.000000 -0.000000 -0.000000 0.000000 0.000000
12436.000000 -0.001692 0.002212 -0.000000 0.000000 -0.000000 -0.000000 0.000000 0.000000
12437.000000 -0.001692 0.002212 -0.000000 0.000000 -0.000000 -0.000000 0.000000 0.000000
12438.000000 -0.001692 0.002212 -0.000000 0.000000 -0.000000 -0.000000 0.000000 0.000000
12439.000000 -0.001692 0.002212 -0.000000 0.000000 -0.000000 -0.000000 0.000000 0.000000
12440.000000 -0.001692 0.002212 -0.000000 0.000000 -0.000000 -0.000000 0.000000 0.000000
12441.000000 -0.001692 0.002212 -0.000000 0.000000 -0.000000 -0.000000 0.000000 0.000000
12442.000000 -0.001692 0.002212 -0.000000 0.000000 -0.000000 -0.000000 0.000000 0.000000
12443.000000 -0.001692 0.002212 -0.000000 0.000000 -0.000000 -0.000000 0.000000 0.000000
12444.000000 -0.001692 0.002212 -0.000000 0.000000 -0.000000 -0.000000 0.000000 0.000000
12445.000000 -0.001692 0.002212 -0.000000 0.000000 -0.000000 -0.000000 0.000000 0.000000
12446.000000 -0.001692 0.002212 -0.000000 0.000000 -0.000000 -0.000000 0.000000 0.000000
12447.000000 -0.001692 0.002212 -0.000000 0.000000 -0.000000 -0.000000 0.000000 0.000000
12448.000000 -0.001692 0.002212 -0.000000 0.000000 -0.000000 -0.000000 0.000000 0.000000
12449.000000 -0.001692 0.002212 -0.000000 0.000000 -0.000000 -0.000000 0.000000 0.000000
12450.000000 -0.001692 0.002212 -0.000000 0.000000 -0.000000 -0.000000 0.000000 0.000000
12451.000000 -0.001692 0.002212 -0.000000 0.000000 -0.000000 -0.000000 0.000000 0.000000
12452.000000 -0.001692 0.002212 -0.000000 0.000000 -0.000000 -0.000000 0.000000 0.000000
12453.000000 -0.001692 0.002212 -0.000000 0.000000 -0.000000 -0.000000 0.000000 0.000000
12454.000000 -0.001692 0.002212 -0.000000 0.000000 -0.000000 -0.000000 0.000000 0.000000
12455.000000 -0.001692 0.002212 -0.000000 0.000000 -0.000000 -0.000000 0.000000 0.000000
12456.000000 -0.001692 0.002212 -0.000000 0.000000 -0.000000 -0.000000 0.000000 0.000000
12457.000000 -0.001692 0.002212 -0.000000 0.000000 -0.000000 -0.000000 0.000000 0.000000
12458.000000 -0.001692 0.002212 -0.000000 0.000000 -0.000000 -0.000000 0.000000 0.000000
12459.000000 -0.001692 0.002212 -0.000000 0.000000 -0.000000 -0.000000 0.000000 0.000000
12460.000000 -0.001692 0.002212 -0.000000 0.000000 -0.000000 -0.000000 0.000000 0.000000
12461.000000 -0.001692 0.002212 -0.000000 0.000000 -0.000000 -0.000000 0.000000 0.000000
12462.000000 -0.001692 0.002212 -0.000000 0.000000 -0.000000 -0.000000 0.000000 0.000000
12463.000000 -0.001692 0.002212 -0.000000 0.000000 -0.000000 -0.000000 0.000000 0.000000
12464.000000 -0.001692 0.002212 -0.000000 0.000000 -0.000000 -0.000000 0.000000 0.000000
12465.000000 -0.001692 0.002212 -0.000000 0.000000 -0.000000 -0.000000 0.000000 0.000000
12466.000000 -0.001692 0.002212 -0.000000 0.000000 -0.000000 -0.000000 0.000000 0.000000
12467.000000 -0.001692 0.002212 -0.000000 0.000000 -0.000000 -0.000000 0.000000 0.000000
12468.000000 -0.001692 0.002212 -0.000000 0.000000 -0.000000 -0.000000 0.000000 0.000000
12469.000000 -0.001692 0.002212 -0.000000 0.000000 -0.000000 -0.000000 0.000000 0.000000
12470.000000 -0.001692 0.002212 -0.000000 0.000000 -0.000000 -0.000000 0.000000 0.000000
12471.000000 -0.001692 0.002212 -0.000000 0.000000 -0.000000 -0.000000 0.000000 0.000000
12472.000000 -0.001692 0.002212 -0.000000 0.000000 -0.000000 -0.000000 0.000000 0.000000
12473.000000 -0.001692 0.002212 -0.000000 0.000000 -0.000000 -0.000000 0.000000 0.000000
12474.000000 -0.001692 0.002212 -0.000000 0.000000 -0.000000 -0.000000 0.000000 0.000000
12475.000000 -0.001692 0.002212 -0.000000 0.000000 -0.000000 -0.000000 0.000000 0.000000
12476.000000 -0.001692 0.002212 -0.000000 0.000000 -0.000000 -0.000000 0.000000 0.000000
12477.000000 -0.001692 0.002212 -0.000000 0.000000 -0.000000 -0.000000 0.000000 0.000000
12478.000000 -0.001692 0.002212 -0.000000 0.000000 -0.000000 -0.000000 0.000000 0.000000
12479.000000 -0.001692 0.002212 -0.000000 0.000000 -0.000000 -0.000000 0.000000 0.000000
12480.000000 -0.001692 0.002212 -0.000000 0.000000 -0.000000 -0.000000 0.000000 0.000000
12481.000000 -0.001692 0.002212 -0.000000 0.000000 -0.000000 -0.000000 0.000000 0.000000
12482.000000 -0.001692 0.002212 -0.000000 0.000000 -0.000000 -0.000000 0.000000 0.000000
12483.000000 -0.001692 0.002212 -0.000000 0.000000 -0.000000 -0.000000 0.000000 0.000000
12484.000000 -0.001692 0.002212 -0.000000 0.000000 -0.000000 -0.000000 0.000000 0.000000
12485.000000 -0.001692 0.002212 -0.000000 0.000000 -0.000000 -0.000000 0.000000 0.000000
12486.000000 -0.001692 0.002212 -0.000000 0.000000 -0.000000 -0.000000 0.000000 0.000000
12487.000000 -0.001692 0.002212 -0.000000 0.000000 -0.000000 -0.000000 0.000000 0.000000
12488.000000 -0.001692 0.002212 -0.000000 0.000000 -0.000000 -0.000000 0.000000 0.000000
12489.000000 -0.001692 0.002212 -0.000000 0.000000 -0.000000 -0.000000 0.000000 0.000000
12490.000000 -0.001692 0.002212 -0.000000 0.000000 -0.000000 -0.000000 0.000000 0.000000
12491.000000 -0.001692 0.002212 -0.000000 0.000000 -0.000000 -0.000000 0.000000 0.000000
12492.000000 -0.001692 0.002212 -0.000000 0.000000 -0.000000 -0.000000 0.000000 0.000000
12493.000000 -0.001692 0.002212 -0.000000 0.000000 -0.000000 -0.000000 0.000000 0.000000
12494.000000 -0.001692 0.002212 -0.000000 0.000000 -0.000000 -0.000000 0.000000 0.000000
12495.000000 -0.001692 0.002212 -0.000000 0.000000 -0.000000 -0.000000 0.000000 0.000000
12496.000000 -0.001692 0.002212 -0.000000 0.000000 -0.000000 -0.000000 0.000000 0.000000
12497.000000 -0.001692 0.002212 -0.000000 0.000000 -0.000000 -0.000000 0.000000 0.000000
12498.000000 -0.001692 0.002212 -0.000000 0.000000 -0.000000 -0.000000 0.000000 0.000000
12499.000000 -0.001692 0.002212 -0.000000 0.000000 -0.000000 -0.000000 0.000000 0.000000
12500.000000 -0.001692 0.002212 -0.000000 0.000000 -0.000000 -0.000000 0.000000 0.000000
12501.000000 -0.001692 0.002212 -0.000000 0.000000 -0.000000 -0.000000 0.000000 0.000000
12502.000000 -0.001692 0.002212 -0.000000 0.000000 -0.000000 -0.000000 0.000000 0.000000
12503.000000 -0.001692 0.002212 -0.000000 0.000000 -0.000000 -0.000000 0.000000 0.000000
12504.000000 -0.001692 0.002212 -0.000000 0.000000 -0.000000 -0.000000 0.000000 0.000000
12505.000000 -0.001692 0.002212 -0.000000 0.000000 -0.000000 -0.000000 0.000000 0.000000
12506.000000 -0.001692 0.002212 -0.000000 0.000000 -0.000000 -0.000000 0.000000 0.000000
12507.000000 -0.001692 0.002212 -0.000000 0.000000 -0.000000 -0.000000 0.000000 0.000000
12508.000000 -0.001692 0.002212 -0.000000 0.000000 -0.000000 -0.000000 0.000000 0.000000
12509.000000 -0.001692 0.002212 -0.000000 0.000000 -0.000000 -0.000000 0.000000 0.000000
12510.000000 -0.001692 0.002212 -0.000000 0.000000 -0.000000 -0.000000 0.000000 0.000000
12511.000000 -0.001692 0.002212 -0.000000 0.000000 -0.000000 -0.000000 0.000000 0.000000
12512.000000 -0.001692 0.002212 -0.000000 0.000000 -0.000000 -0.000000 0.000000 0.000000
12513.000000 -0.001692 0.002212 -0.000000 0.000000 -0.000000 -0.000000 0.000000 0.000000
12514.000000 -0.001692 0.002212 -0.000000 0.000000 -0.000000 -0.000000 0.000000 0.000000
12515.000000 -0.001692 0.002212 -0.000000 0.000000 -0.000000 -0.000000 0.000000 0.000000
12516.000000 -0.001692 0.002212 -0.000000 0.000000 -0.000000 -0.000000 0.000000 0.000000
12517.000000 -0.001692 0.002212 -0.000000 0.000000 -0.000000 -0.000000 0.000000 0.000000
12518.000000 -0.001692 0.002212 -0.000000 0.000000 -0.000000 -0.000000 0.000000 0.000000
12519.000000 -0.001692 0.002212 -0.000000 0.000000 -0.000000 -0.000000 0.000000 0.000000
12520.000000 -0.001692 0.002212 -0.000000 0.000000 -0.000000 -0.000000 0.000000 0.000000
12521.000000 -0.001692 0.002212 -0.000000 0.000000 -0.000000 -0.000000 0.000000 0.000000
12522.000000 -0.001692 0.002212 -0.000000 0.000000 -0.000000 -0.000000 0.000000 0.000000
12523.000000 -0.001692 0.002212 -0.000000 0.000000 -0.000000 -0.000000 0.000000 0.000000
12524.000000 -0.001692 0.002212 -0.000000 0.000000 -0.000000 -0.000000 0.000000 0.000000
12525.000000 -0.001692 0.002212 -0.000000 0.000000 -0.000000 -0.000000 0.000000 0.000000
12526.000000 -0.001692 0.002212 -0.000000 0.000000 -0.000000 -0.000000 0.000000 0.000000
12527.000000 -0.001692 0.002212 -0.000000 0.000000 -0.000000 -0.000000 0.000000 0.000000
12528.000000 -0.001692 0.002212 -0.000000 0.000000 -0.000000 -0.000000 0.000000 0.000000
12529.000000 -0.001692 0.002212 -0.000000 0.000000 -0.000000 -0.000000 0.000000 0.000000
12530.000000 -0.001692 0.002212 -0.000000 0.000000 -0.000000 -0.000000 0.000000 0.000000
12531.000000 -0.001692 0.002212 -0.000000 0.000000 -0.000000 -0.000000 0.000000 0.000000
12532.000000 -0.001692 0.002212 -0.000000 0.000000 -0.000000 -0.000000 0.000000 0.000000
12533.000000 -0.001692 0.002212 -0.000000 0.000000 -0.000000 -0.000000 0.000000 0.000000
12534.000000 -0.001692 0.002212 -0.000000 0.000000 -0.000000 -0.000000 0.000000 0.000000
12535.000000 -0.001692 0.002212 -0.000000 0.000000 -0.000000 -0.000000 0.000000 0.000000
12536.000000 -0.001692 0.002212 -0.000000 0.000000 -0.000000 -0.000000 0.000000 0.000000
12537.000000 -0.001692 0.002212 -0.000000 0.000000 -0.000000 -0.000000 0.000000 0.000000
12538.000000 -0.001692 0.002212 -0.000000 0.000000 -0.000000 -0.000000 0.000000 0.000000
12539.000000 -0.001692 0.002212 -0.000000 0.000000 -0.000000 -0.000000 0.000000 0.000000
12540.000000 -0.001692 0.002212 -0.000000 0.000000 -0.000000 -0.000000 0.000000 0.000000
12541.000000 -0.001692 0.002212 -0.000000 0.000000 -0.000000 -0.000000 0.000000 0.000000
12542.000000 -0.001692 0.002212 -0.000000 0.000000 -0.000000 -0.000000 0.000000 0.000000
12543.000000 -0.001692 0.002212 -0.000000 0.000000 -0.000000 -0.000000 0.000000 0.000000
12544.000000 -0.001692 0.002212 -0.000000 0.000000 -0.000000 -0.000000 0.000000 0.000000
12545.000000 -0.001692 0.002212 -0.000000 0.000000 -0.000000 -0.000000 0.000000 0.000000
12546.000000 -0.001692 0.002212 -0.000000 0.000000 -0.000000 -0.000000 0.000000 0.000000
12547.000000 -0.001692 0.002212 -0.000000 0.000000 -0.000000 -0.000000 0.000000 0.000000
12548.000000 -0.001692 0.002212 -0.000000 0.000000 -0.000000 -0.000000 0.000000 0.000000
12549.000000 -0.001692 0.002212 -0.000000 0.000000 -0.000000 -0.000000 0.000000 0.000000
12550.000000 -0.001692 0.002212 -0.000000 0.000000 -0.000000 -0.000000 0.000000 0.000000
12551.000000 -0.001692 0.002212 -0.000000 0.000000 -0.000000 -0.000000 0.000000 0.000000
12552.000000 -0.001692 0.002212 -0.000000 0.000000 -0.000000 -0.000000 0.000000 0.000000
12553.000000 -0.001692 0.002212 -0.000000 0.000000 -0.000000 -0.000000 0.000000 0.000000
12554.000000 -0.001692 0.002212 -0.000000 0.000000 -0.000000 -0.000000 0.000000 0.000000
12555.000000 -0.001692 0.002212 -0.000000 0.000000 -0.000000 -0.000000 0.000000 0.000000
12556.000000 -0.001692 0.002212 -0.000000 0.000000 -0.000000 -0.000000 0.000000 0.000000
12557.000000 -0.001692 0.002212 -0.000000 0.000000 -0.000000 -0.000000 0.000000 0.000000
12558.000000 -0.001692 0.002212 -0.000000 0.000000 -0.000000 -0.000000 0.000000 0.000000
12559.000000 -0.001692 0.002212 -0.000000 0.000000 -0.000000 -0.000000 0.000000 0.000000
12560.000000 -0.001692 0.002212 -0.000000 0.000000 -0.000000 -0.000000 0.000000 0.000000
12561.000000 -0.001692 0.002212 -0.000000 0.000000 -0.000000 -0.000000 0.000000 0.000000
12562.000000 -0.001692 0.002212 -0.000000 0.000000 -0.000000 -0.000000 0.000000 0.000000
12563.000000 -0.001692 0.002212 -0.000000 0.000000 -0.000000 -0.000000 0.000000 0.000000
12564.000000 -0.001692 0.002212 -0.000000 0.000000 -0.000000 -0.000000 0.000000 0.000000
12565.000000 -0.001692 0.002212 -0.000000 0.000000 -0.000000 -0.000000 0.000000 0.000000
12566.000000 -0.001692 0.002212 -0.000000 0.000000 -0.000000 -0.000000 0.000000 0.000000
12567.000000 -0.001692 0.002212 -0.000000 0.000000 -0.000000 -0.000000 0.000000 0.000000
12568.000000 -0.001692 0.002212 -0.000000 0.000000 -0.000000 -0.000000 0.000000 0.000000
12569.000000 -0.001692 0.002212 -0.000000 0.000000 -0.000000 -0.000000 0.000000 0.000000
12570.000000 -0.001692 0.002212 -0.000000 0.000000 -0.000000 -0.000000 0.000000 0.000000
12571.000000 -0.001692 0.002212 -0.000000 0.000000 -0.000000 -0.000000 0.000000 0.000000
12572.000000 -0.001692 0.002212 -0.000000 0.000000 -0.000000 -0.000000 0.000000 0.000000
12573.000000 -0.001692 0.002212 -0.000000 0.000000 -0.000000 -0.000000 0.000000 0.000000
12574.000000 -0.001692 0.002212 -0.000000 0.000000 -0.000000 -0.000000 0.000000 0.000000
12575.000000 -0.001692 0.002212 -0.000000 0.000000 -0.000000 -0.000000 0.000000 0.000000
12576.000000 -0.001692 0.002212 -0.000000 0.000000 -0.000000 -0.000000 0.000000 0.000000
12577.000000 -0.001692 0.002212 -0.000000 0.000000 -0.000000 -0.000000 0.000000 0.000000
12578.000000 -0.001692 0.002212 -0.000000 0.000000 -0.000000 -0.000000 0.000000 0.000000
12579.000000 -0.001692 0.002212 -0.000000 0.000000 -0.000000 -0.000000 0.000000 0.000000
12580.000000 -0.001692 0.002212 -0.000000 0.000000 -0.000000 -0.000000 0.000000 0.000000
12581.000000 -0.001692 0.002212 -0.000000 0.000000 -0.000000 -0.000000 0.000000 0.000000
12582.000000 -0.001692 0.002212 -0.000000 0.000000 -0.000000 -0.000000 0.000000 0.000000
12583.000000 -0.001692 0.002212 -0.000000 0.000000 -0.000000 -0.000000 0.000000 0.000000
12584.000000 -0.001692 0.002212 -0.000000 0.000000 -0.000000 -0.000000 0.000000 0.000000
12585.000000 -0.001692 0.002212 -0.000000 0.000000 -0.000000 -0.000000 0.000000 0.000000
12586.000000 -0.001692 0.002212 -0.000000 0.000000 -0.000000 -0.000000 0.000000 0.000000
12587.000000 -0.001692 0.002212 -0.000000 0.000000 -0.000000 -0.000000 0.000000 0.000000
12588.000000 -0.001692 0.002212 -0.000000 0.000000 -0.000000 -0.000000 0.000000 0.000000
12589.000000 -0.001692 0.002212 -0.000000 0.000000 -0.000000 -0.000000 0.000000 0.000000
12590.000000 -0.001692 0.002212 -0.000000 0.000000 -0.000000 -0.000000 0.000000 0.000000
12591.000000 -0.001692 0.002212 -0.000000 0.000000 -0.000000 -0.000000 0.000000 0.000000
12592.000000 -0.001692 0.002212 -0.000000 0.000000 -0.000000 -0.000000 0.000000 0.000000
12593.000000 -0.001692 0.002212 -0.000000 0.000000 -0.000000 -0.000000 0.000000 0.000000
12594.000000 -0.001692 0.002212 -0.000000 0.000000 -0.000000 -0.000000 0.000000 0.000000
12595.000000 -0.001692 0.002212 -0.000000 0.000000 -0.000000 -0.000000 0.000000 0.000000
12596.000000 -0.001692 0.002212 -0.000000 0.000000 -0.000000 -0.000000 0.000000 0.000000
12597.000000 -0.001692 0.002212 -0.000000 0.000000 -0.000000 -0.000000 0.000000 0.000000
12598.000000 -0.001692 0.002212 -0.000000 0.000000 -0.000000 -0.000000 0.000000 0.000000
12599.000000 -0.001692 0.002212 -0.000000 0.000000 -0.000000 -0.000000 0.000000 0.000000
12600.000000 -0.001692 0.002212 -0.000000 0.000000 -0.000000 -0.000000 0.000000 0.000000
12601.000000 -0.001692 0.002212 -0.000000 0.000000 -0.000000 -0.000000 0.000000 0.000000
12602.000000 -0.001692 0.002212 -0.000000 0.000000 -0.000000 -0.000000 0.000000 0.000000
12603.000000 -0.001692 0.002212 -0.000000 0.000000 -0.000000 -0.000000 0.000000 0.000000
12604.000000 -0.001692 0.002212 -0.000000 0.000000 -0.000000 -0.000000 0.000000 0.000000
12605.000000 -0.001692 0.002212 -0.000000 0.000000 -0.000000 -0.000000 0.000000 0.000000
12606.000000 -0.001692 0.002212 -0.000000 0.000000 -0.000000 -0.000000 0.000000 0.000000
12607.000000 -0.001692 0.002212 -0.000000 0.000000 -0.000000 -0.000000 0.000000 0.000000
12608.000000 -0.001692 0.002212 -0.000000 0.000000 -0.000000 -0.000000 0.000000 0.000000
12609.000000 -0.001692 0.002212 -0.000000 0.000000 -0.000000 -0.000000 0.000000 0.000000
12610.000000 -0.001692 0.002212 -0.000000 0.000000 -0.000000 -0.000000 0.000000 0.000000
12611.000000 -0.001692 0.002212 -0.000000 0.000000 -0.000000 -0.000000 0.000000 0.000000
12612.000000 -0.001692 0.002212 -0.000000 0.000000 -0.000000 -0.000000 0.000000 0.000000
12613.000000 -0.001692 0.002212 -0.000000 0.000000 -0.000000 -0.000000 0.000000 0.000000
12614.000000 -0.001692 0.002212 -0.000000 0.000000 -0.000000 -0.000000 0.000000 0.000000
12615.000000 -0.001692 0.002212 -0.000000 0.000000 -0.000000 -0.000000 0.000000 0.000000
12616.000000 -0.001692 0.002212 -0.000000 0.000000 -0.000000 -0.000000 0.000000 0.000000
12617.000000 -0.001692 0.002212 -0.000000 0.000000 -0.000000 -0.000000 0.000000 0.000000
12618.000000 -0.001692 0.002212 -0.000000 0.000000 -0.000000 -0.000000 0.000000 0.000000
12619.000000 -0.001692 0.002212 -0.000000 0.000000 -0.000000 -0.000000 0.000000 0.000000
12620.000000 -0.001692 0.002212 -0.000000 0.000000 -0.000000 -0.000000 0.000000 0.000000
12621.000000 -0.001692 0.002212 -0.000000 0.000000 -0.000000 -0.000000 0.000000 0.000000
12622.000000 -0.001692 0.002212 -0.000000 0.000000 -0.000000 -0.000000 0.000000 0.000000
12623.000000 -0.001692 0.002212 -0.000000 0.000000 -0.000000 -0.000000 0.000000 0.000000
12624.000000 -0.001692 0.002212 -0.000000 0.000000 -0.000000 -0.000000 0.000000 0.000000
12625.000000 -0.001692 0.002212 -0.000000 0.000000 -0.000000 -0.000000 0.000000 0.000000
12626.000000 -0.001692 0.002212 -0.000000 0.000000 -0.000000 -0.000000 0.000000 0.000000
12627.000000 -0.001692 0.002212 -0.000000 0.000000 -0.000000 -0.000000 0.000000 0.000000
12628.000000 -0.001692 0.002212 -0.000000 0.000000 -0.000000 -0.000000 0.000000 0.000000
12629.000000 -0.001692 0.002212 -0.000000 0.000000 -0.000000 -0.000000 0.000000 0.000000
12630.000000 -0.001692 0.002212 -0.000000 0.000000 -0.000000 -0.000000 0.000000 0.000000
12631.000000 -0.001692 0.002212 -0.000000 0.000000 -0.000000 -0.000000 0.000000 0.000000
12632.000000 -0.001692 0.002212 -0.000000 0.000000 -0.000000 -0.000000 0.000000 0.000000
12633.000000 -0.001692 0.002212 -0.000000 0.000000 -0.000000 -0.000000 0.000000 0.000000
12634.000000 -0.001692 0.002212 -0.000000 0.000000 -0.000000 -0.000000 0.000000 0.000000
12635.000000 -0.001692 0.002212 -0.000000 0.000000 -0.000000 -0.000000 0.000000 0.000000
12636.000000 -0.001692 0.002212 -0.000000 0.000000 -0.000000 -0.000000 0.000000 0.000000
12637.000000 -0.001692 0.002212 -0.000000 0.000000 -0.000000 -0.000000 0.000000 0.000000
12638.000000 -0.001692 0.002212 -0.000000 0.000000 -0.000000 -0.000000 0.000000 0.000000
12639.000000 -0.001692 0.002212 -0.000000 0.000000 -0.000000 -0.000000 0.000000 0.000000
12640.000000 -0.001692 0.002212 -0.000000 0.000000 -0.000000 -0.000000 0.000000 0.000000
12641.000000 -0.001692 0.002212 -0.000000 0.000000 -0.000000 -0.000000 0.000000 0.000000
12642.000000 -0.001692 0.002212 -0.000000 0.000000 -0.000000 -0.000000 0.000000 0.000000
12643.000000 -0.001692 0.002212 -0.000000 0.000000 -0.000000 -0.000000 0.000000 0.000000
12644.000000 -0.001692 0.002212 -0.000000 0.000000 -0.000000 -0.000000 0.000000 0.000000
12645.000000 -0.001692 0.002212 -0.000000 0.000000 -0.000000 -0.000000 0.000000 0.000000
12646.000000 -0.001692 0.002212 -0.000000 0.000000 -0.000000 -0.000000 0.000000 0.000000
12647.000000 -0.001692 0.002212 -0.000000 0.000000 -0.000000 -0.000000 0.000000 0.000000
12648.000000 -0.001692 0.002212 -0.000000 0.000000 -0.000000 -0.000000 0.000000 0.000000
12649.000000 -0.001692 0.002212 -0.000000 0.000000 -0.000000 -0.000000 0.000000 0.000000
12650.000000 -0.001692 0.002212 -0.000000 0.000000 -0.000000 -0.000000 0.000000 0.000000
12651.000000 -0.001692 0.002212 -0.000000 0.000000 -0.000000 -0.000000 0.000000 0.000000
12652.000000 -0.001692 0.002212 -0.000000 0.000000 -0.000000 -0.000000 0.000000 0.000000
12653.000000 -0.001692 0.002212 -0.000000 0.000000 -0.000000 -0.000000 0.000000 0.000000
12654.000000 -0.001692 0.002212 -0.000000 0.000000 -0.000000 -0.000000 0.000000 0.000000
12655.000000 -0.001692 0.002212 -0.000000 0.000000 -0.000000 -0.000000 0.000000 0.000000
12656.000000 -0.001692 0.002212 -0.000000 0.000000 -0.000000 -0.000000 0.000000 0.000000
12657.000000 -0.001692 0.002212 -0.000000 0.000000 -0.000000 -0.000000 0.000000 0.000000
12658.000000 -0.001692 0.002212 -0.000000 0.000000 -0.000000 -0.000000 0.000000 0.000000
12659.000000 -0.001692 0.002212 -0.000000 0.000000 -0.000000 -0.000000 0.000000 0.000000
12660.000000 -0.001692 0.002212 -0.000000 0.000000 -0.000000 -0.000000 0.000000 0.000000
12661.000000 -0.001692 0.002212 -0.000000 0.000000 -0.000000 -0.000000 0.000000 0.000000
12662.000000 -0.001692 0.002212 -0.000000 0.000000 -0.000000 -0.000000 0.000000 0.000000
12663.000000 -0.001692 0.002212 -0.000000 0.000000 -0.000000 -0.000000 0.000000 0.000000
12664.000000 -0.001692 0.002212 -0.000000 0.000000 -0.000000 -0.000000 0.000000 0.000000
12665.000000 -0.001692 0.002212 -0.000000 0.000000 -0.000000 -0.000000 0.000000 0.000000
12666.000000 -0.001692 0.002212 -0.000000 0.000000 -0.000000 -0.000000 0.000000 0.000000
12667.000000 -0.001692 0.002212 -0.000000 0.000000 -0.000000 -0.000000 0.000000 0.000000
12668.000000 -0.001692 0.002212 -0.000000 0.000000 -0.000000 -0.000000 0.000000 0.000000
12669.000000 -0.001692 0.002212 -0.000000 0.000000 -0.000000 -0.000000 0.000000 0.000000
12670.000000 -0.001692 0.002212 -0.000000 0.000000 -0.000000 -0.000000 0.000000 0.000000
12671.000000 -0.001692 0.002212 -0.000000 0.000000 -0.000000 -0.000000 0.000000 0.000000
12672.000000 -0.001692 0.002212 -0.000000 0.000000 -0.000000 -0.000000 0.000000 0.000000
12673.000000 -0.001692 0.002212 -0.000000 0.000000 -0.000000 -0.000000 0.000000 0.000000
12674.000000 -0.001692 0.002212 -0.000000 0.000000 -0.000000 -0.000000 0.000000 0.000000
12675.000000 -0.001692 0.002212 -0.000000 0.000000 -0.000000 -0.000000 0.000000 0.000000
12676.000000 -0.001692 0.002212 -0.000000 0.000000 -0.000000 -0.000000 0.000000 0.000000
12677.000000 -0.001692 0.002212 -0.000000 0.000000 -0.000000 -0.000000 0.000000 0.000000
12678.000000 -0.001692 0.002212 -0.000000 0.000000 -0.000000 -0.000000 0.000000 0.000000
12679.000000 -0.001692 0.002212 -0.000000 0.000000 -0.000000 -0.000000 0.000000 0.000000
12680.000000 -0.001692 0.002212 -0.000000 0.000000 -0.000000 -0.000000 0.000000 0.000000
12681.000000 -0.001692 0.002212 -0.000000 0.000000 -0.000000 -0.000000 0.000000 0.000000
12682.000000 -0.001692 0.002212 -0.000000 0.000000 -0.000000 -0.000000 0.000000 0.000000
12683.000000 -0.001692 0.002212 -0.000000 0.000000 -0.000000 -0.000000 0.000000 0.000000
12684.000000 -0.001692 0.002212 -0.000000 0.000000 -0.000000 -0.000000 0.000000 0.000000
12685.000000 -0.001692 0.002212 -0.000000 0.000000 -0.000000 -0.000000 0.000000 0.000000
12686.000000 -0.001692 0.002212 -0.000000 0.000000 -0.000000 -0.000000 0.000000 0.000000
12687.000000 -0.001692 0.002212 -0.000000 0.000000 -0.000000 -0.000000 0.000000 0.000000
12688.000000 -0.001692 0.002212 -0.000000 0.000000 -0.000000 -0.000000 0.000000 0.000000
12689.000000 -0.001692 0.002212 -0.000000 0.000000 -0.000000 -0.000000 0.000000 0.000000
12690.000000 -0.001692 0.002212 -0.000000 0.000000 -0.000000 -0.000000 0.000000 0.000000
12691.000000 -0.001692 0.002212 -0.000000 0.000000 -0.000000 -0.000000 0.000000 0.000000
12692.000000 -0.001692 0.002212 -0.000000 0.000000 -0.000000 -0.000000 0.000000 0.000000
12693.000000 -0.001692 0.002212 -0.000000 0.000000 -0.000000 -0.000000 0.000000 0.000000
12694.000000 -0.001692 0.002212 -0.000000 0.000000 -0.000000 -0.000000 0.000000 0.000000
12695.000000 -0.001692 0.002212 -0.000000 0.000000 -0.000000 -0.000000 0.000000 0.000000
12696.000000 -0.001692 0.002212 -0.000000 0.000000 -0.000000 -0.000000 0.000000 0.000000
12697.000000 -0.001692 0.002212 -0.000000 0.000000 -0.000000 -0.000000 0.000000 0.000000
12698.000000 -0.001692 0.002212 -0.000000 0.000000 -0.000000 -0.000000 0.000000 0.000000
12699.000000 -0.001692 0.002212 -0.000000 0.000000 -0.000000 -0.000000 0.000000 0.000000
12700.000000 -0.001692 0.002212 -0.000000 0.000000 -0.000000 -0.000000 0.000000 0.000000
12701.000000 -0.001692 0.002212 -0.000000 0.000000 -0.000000 -0.000000 0.000000 0.000000
12702.000000 -0.001692 0.002212 -0.000000 0.000000 -0.000000 -0.000000 0.000000 0.000000
12703.000000 -0.001692 0.002212 -0.000000 0.000000 -0.000000 -0.000000 0.000000 0.000000
12704.000000 -0.001692 0.002212 -0.000000 0.000000 -0.000000 -0.000000 0.000000 0.000000
12705.000000 -0.001692 0.002212 -0.000000 0.000000 -0.000000 -0.000000 0.000000 0.000000
12706.000000 -0.001692 0.002212 -0.000000 0.000000 -0.000000 -0.000000 0.000000 0.000000
12707.000000 -0.001692 0.002212 -0.000000 0.000000 -0.000000 -0.000000 0.000000 0.000000
12708.000000 -0.001692 0.002212 -0.000000 0.000000 -0.000000 -0.000000 0.000000 0.000000
12709.000000 -0.001692 0.002212 -0.000000 0.000000 -0.000000 -0.000000 0.000000 0.000000
12710.000000 -0.001692 0.002212 -0.000000 0.000000 -0.000000 -0.000000 0.000000 0.000000
12711.000000 -0.001692 0.002212 -0.000000 0.000000 -0.000000 -0.000000 0.000000 0.000000
12712.000000 -0.001692 0.002212 -0.000000 0.000000 -0.000000 -0.000000 0.000000 0.000000
12713.000000 -0.001692 0.002212 -0.000000 0.000000 -0.000000 -0.000000 0.000000 0.000000
12714.000000 -0.001692 0.002212 -0.000000 0.000000 -0.000000 -0.000000 0.000000 0.000000
12715.000000 -0.001692 0.002212 -0.000000 0.000000 -0.000000 -0.000000 0.000000 0.000000
12716.000000 -0.001692 0.002212 -0.000000 0.000000 -0.000000 -0.000000 0.000000 0.000000
12717.000000 -0.001692 0.002212 -0.000000 0.000000 -0.000000 -0.000000 0.000000 0.000000
12718.000000 -0.001692 0.002212 -0.000000 0.000000 -0.000000 -0.000000 0.000000 0.000000
12719.000000 -0.001692 0.002212 -0.000000 0.000000 -0.000000 -0.000000 0.000000 0.000000
12720.000000 -0.001692 0.002212 -0.000000 0.000000 -0.000000 -0.000000 0.000000 0.000000
12721.000000 -0.001692 0.002212 -0.000000 0.000000 -0.000000 -0.000000 0.000000 0.000000
12722.000000 -0.001692 0.002212 -0.000000 0.000000 -0.000000 -0.000000 0.000000 0.000000
12723.000000 -0.001692 0.002212 -0.000000 0.000000 -0.000000 -0.000000 0.000000 0.000000
12724.000000 -0.001692 0.002212 -0.000000 0.000000 -0.000000 -0.000000 0.000000 0.000000
12725.000000 -0.001692 0.002212 -0.000000 0.000000 -0.000000 -0.000000 0.000000 0.000000
12726.000000 -0.001692 0.002212 -0.000000 0.000000 -0.000000 -0.000000 0.000000 0.000000
12727.000000 -0.001692 0.002212 -0.000000 0.000000 -0.000000 -0.000000 0.000000 0.000000
12728.000000 -0.001692 0.002212 -0.000000 0.000000 -0.000000 -0.000000 0.000000 0.000000
12729.000000 -0.001692 0.002212 -0.000000 0.000000 -0.000000 -0.000000 0.000000 0.000000
12730.000000 -0.001692 0.002212 -0.000000 0.000000 -0.000000 -0.000000 0.000000 0.000000
12731.000000 -0.001692 0.002212 -0.000000 0.000000 -0.000000 -0.000000 0.000000 0.000000
12732.000000 -0.001692 0.002212 -0.000000 0.000000 -0.000000 -0.000000 0.000000 0.000000
12733.000000 -0.001692 0.002212 -0.000000 0.000000 -0.000000 -0.000000 0.000000 0.000000
12734.000000 -0.001692 0.002212 -0.000000 0.000000 -0.000000 -0.000000 0.000000 0.000000
12735.000000 -0.001692 0.002212 -0.000000 0.000000 -0.000000 -0.000000 0.000000 0.000000
12736.000000 -0.001692 0.002212 -0.000000 0.000000 -0.000000 -0.000000 0.000000 0.000000
12737.000000 -0.001692 0.002212 -0.000000 0.000000 -0.000000 -0.000000 0.000000 0.000000
12738.000000 -0.001692 0.002212 -0.000000 0.000000 -0.000000 -0.000000 0.000000 0.000000
12739.000000 -0.001692 0.002212 -0.000000 0.000000 -0.000000 -0.000000 0.000000 0.000000
12740.000000 -0.001692 0.002212 -0.000000 0.000000 -0.000000 -0.000000 0.000000 0.000000
12741.000000 -0.001692 0.002212 -0.000000 0.000000 -0.000000 -0.000000 0.000000 0.000000
12742.000000 -0.001692 0.002212 -0.000000 0.000000 -0.000000 -0.000000 0.000000 0.000000
12743.000000 -0.001692 0.002212 -0.000000 0.000000 -0.000000 -0.000000 0.000000 0.000000
12744.000000 -0.001692 0.002212 -0.000000 0.000000 -0.000000 -0.000000 0.000000 0.000000
12745.000000 -0.001692 0.002212 -0.000000 0.000000 -0.000000 -0.000000 0.000000 0.000000
12746.000000 -0.001692 0.002212 -0.000000 0.000000 -0.000000 -0.000000 0.000000 0.000000
12747.000000 -0.001692 0.002212 -0.000000 0.000000 -0.000000 -0.000000 0.000000 0.000000
12748.000000 -0.001692 0.002212 -0.000000 0.000000 -0.000000 -0.000000 0.000000 0.000000
12749.000000 -0.001692 0.002212 -0.000000 0.000000 -0.000000 -0.000000 0.000000 0.000000
12750.000000 -0.001692 0.002212 -0.000000 0.000000 -0.000000 -0.000000 0.000000 0.000000
12751.000000 -0.001692 0.002212 -0.000000 0.000000 -0.000000 -0.000000 0.000000 0.000000
12752.000000 -0.001692 0.002212 -0.000000 0.000000 -0.000000 -0.000000 0.000000 0.000000
12753.000000 -0.001692 0.002212 -0.000000 0.000000 -0.000000 -0.000000 0.000000 0.000000
12754.000000 -0.001692 0.002212 -0.000000 0.000000 -0.000000 -0.000000 0.000000 0.000000
12755.000000 -0.001692 0.002212 -0.000000 0.000000 -0.000000 -0.000000 0.000000 0.000000
12756.000000 -0.001692 0.002212 -0.000000 0.000000 -0.000000 -0.000000 0.000000 0.000000
12757.000000 -0.001692 0.002212 -0.000000 0.000000 -0.000000 -0.000000 0.000000 0.000000
12758.000000 -0.001692 0.002212 -0.000000 0.000000 -0.000000 -0.000000 0.000000 0.000000
12759.000000 -0.001692 0.002212 -0.000000 0.000000 -0.000000 -0.000000 0.000000 0.000000
12760.000000 -0.001692 0.002212 -0.000000 0.000000 -0.000000 -0.000000 0.000000 0.000000
12761.000000 -0.001692 0.002212 -0.000000 0.000000 -0.000000 -0.000000 0.000000 0.000000
12762.000000 -0.001692 0.002212 -0.000000 0.000000 -0.000000 -0.000000 0.000000 0.000000
12763.000000 -0.001692 0.002212 -0.000000 0.000000 -0.000000 -0.000000 0.000000 0.000000
12764.000000 -0.001692 0.002212 -0.000000 0.000000 -0.000000 -0.000000 0.000000 0.000000
12765.000000 -0.001692 0.002212 -0.000000 0.000000 -0.000000 -0.000000 0.000000 0.000000
12766.000000 -0.001692 0.002212 -0.000000 0.000000 -0.000000 -0.000000 0.000000 0.000000
12767.000000 -0.001692 0.002212 -0.000000 0.000000 -0.000000 -0.000000 0.000000 0.000000
12768.000000 -0.001692 0.002212 -0.000000 0.000000 -0.000000 -0.000000 0.000000 0.000000
12769.000000 -0.001692 0.002212 -0.000000 0.000000 -0.000000 -0.000000 0.000000 0.000000
12770.000000 -0.001692 0.002212 -0.000000 0.000000 -0.000000 -0.000000 0.000000 0.000000
12771.000000 -0.001692 0.002212 -0.000000 0.000000 -0.000000 -0.000000 0.000000 0.000000
12772.000000 -0.001692 0.002212 -0.000000 0.000000 -0.000000 -0.000000 0.000000 0.000000
12773.000000 -0.001692 0.002212 -0.000000 0.000000 -0.000000 -0.000000 0.000000 0.000000
12774.000000 -0.001692 0.002212 -0.000000 0.000000 -0.000000 -0.000000 0.000000 0.000000
12775.000000 -0.001692 0.002212 -0.000000 0.000000 -0.000000 -0.000000 0.000000 0.000000
12776.000000 -0.001692 0.002212 -0.000000 0.000000 -0.000000 -0.000000 0.000000 0.000000
12777.000000 -0.001692 0.002212 -0.000000 0.000000 -0.000000 -0.000000 0.000000 0.000000
12778.000000 -0.001692 0.002212 -0.000000 0.000000 -0.000000 -0.000000 0.000000 0.000000
12779.000000 -0.001692 0.002212 -0.000000 0.000000 -0.000000 -0.000000 0.000000 0.000000
12780.000000 -0.001692 0.002212 -0.000000 0.000000 -0.000000 -0.000000 0.000000 0.000000
12781.000000 -0.001692 0.002212 -0.000000 0.000000 -0.000000 -0.000000 0.000000 0.000000
12782.000000 -0.001692 0.002212 -0.000000 0.000000 -0.000000 -0.000000 0.000000 0.000000
12783.000000 -0.001692 0.002212 -0.000000 0.000000 -0.000000 -0.000000 0.000000 0.000000
12784.000000 -0.001692 0.002212 -0.000000 0.000000 -0.000000 -0.000000 0.000000 0.000000
12785.000000 -0.001692 0.002212 -0.000000 0.000000 -0.000000 -0.000000 0.000000 0.000000
12786.000000 -0.001692 0.002212 -0.000000 0.000000 -0.000000 -0.000000 0.000000 0.000000
12787.000000 -0.001692 0.002212 -0.000000 0.000000 -0.000000 -0.000000 0.000000 0.000000
12788.000000 -0.001692 0.002212 -0.000000 0.000000 -0.000000 -0.000000 0.000000 0.000000
12789.000000 -0.001692 0.002212 -0.000000 0.000000 -0.000000 -0.000000 0.000000 0.000000
12790.000000 -0.001692 0.002212 -0.000000 0.000000 -0.000000 -0.000000 0.000000 0.000000
12791.000000 -0.001692 0.002212 -0.000000 0.000000 -0.000000 -0.000000 0.000000 0.000000
12792.000000 -0.001692 0.002212 -0.000000 0.000000 -0.000000 -0.000000 0.000000 0.000000
12793.000000 -0.001692 0.002212 -0.000000 0.000000 -0.000000 -0.000000 0.000000 0.000000
12794.000000 -0.001692 0.002212 -0.000000 0.000000 -0.000000 -0.000000 0.000000 0.000000
12795.000000 -0.001692 0.002212 -0.000000 0.000000 -0.000000 -0.000000 0.000000 0.000000
12796.000000 -0.001692 0.002212 -0.000000 0.000000 -0.000000 -0.000000 0.000000 0.000000
12797.000000 -0.001692 0.002212 -0.000000 0.000000 -0.000000 -0.000000 0.000000 0.000000
12798.000000 -0.001692 0.002212 -0.000000 0.000000 -0.000000 -0.000000 0.000000 0.000000
12799.000000 -0.001692 0.002212 -0.000000 0.000000 -0.000000 -0.000000 0.000000 0.000000
12800.000000 -0.001692 0.002212 -0.000000 0.000000 -0.000000 -0.000000 0.000000 0.000000
12801.000000 -0.001692 0.002212 -0.000000 0.000000 -0.000000 -0.000000 0.000000 0.000000
12802.000000 -0.001692 0.002212 -0.000000 0.000000 -0.000000 -0.000000 0.000000 0.000000
12803.000000 -0.001692 0.002212 -0.000000 0.000000 -0.000000 -0.000000 0.000000 0.000000
12804.000000 -0.001692 0.002212 -0.000000 0.000000 -0.000000 -0.000000 0.000000 0.000000
12805.000000 -0.001692 0.002212 -0.000000 0.000000 -0.000000 -0.000000 0.000000 0.000000
12806.000000 -0.001692 0.002212 -0.000000 0.000000 -0.000000 -0.000000 0.000000 0.000000
12807.000000 -0.001692 0.002212 -0.000000 0.000000 -0.000000 -0.000000 0.000000 0.000000
12808.000000 -0.001692 0.002212 -0.000000 0.000000 -0.000000 -0.000000 0.000000 0.000000
12809.000000 -0.001692 0.002212 -0.000000 0.000000 -0.000000 -0.000000 0.000000 0.000000
12810.000000 -0.001692 0.002212 -0.000000 0.000000 -0.000000 -0.000000 0.000000 0.000000
12811.000000 -0.001692 0.002212 -0.000000 0.000000 -0.000000 -0.000000 0.000000 0.000000
12812.000000 -0.001692 0.002212 -0.000000 0.000000 -0.000000 -0.000000 0.000000 0.000000
12813.000000 -0.001692 0.002212 -0.000000 0.000000 -0.000000 -0.000000 0.000000 0.000000
12814.000000 -0.001692 0.002212 -0.000000 0.000000 -0.000000 -0.000000 0.000000 0.000000
12815.000000 -0.001692 0.002212 -0.000000 0.000000 -0.000000 -0.000000 0.000000 0.000000
12816.000000 -0.001692 0.002212 -0.000000 0.000000 -0.000000 -0.000000 0.000000 0.000000
12817.000000 -0.001692 0.002212 -0.000000 0.000000 -0.000000 -0.000000 0.000000 0.000000
12818.000000 -0.001692 0.002212 -0.000000 0.000000 -0.000000 -0.000000 0.000000 0.000000
12819.000000 -0.001692 0.002212 -0.000000 0.000000 -0.000000 -0.000000 0.000000 0.000000
12820.000000 -0.001692 0.002212 -0.000000 0.000000 -0.000000 -0.000000 0.000000 0.000000
12821.000000 -0.001692 0.002212 -0.000000 0.000000 -0.000000 -0.000000 0.000000 0.000000
12822.000000 -0.001692 0.002212 -0.000000 0.000000 -0.000000 -0.000000 0.000000 0.000000
12823.000000 -0.001692 0.002212 -0.000000 0.000000 -0.000000 -0.000000 0.000000 0.000000
12824.000000 -0.001692 0.002212 -0.000000 0.000000 -0.000000 -0.000000 0.000000 0.000000
12825.000000 -0.001692 0.002212 -0.000000 0.000000 -0.000000 -0.000000 0.000000 0.000000
12826.000000 -0.001692 0.002212 -0.000000 0.000000 -0.000000 -0.000000 0.000000 0.000000
12827.000000 -0.001692 0.002212 -0.000000 0.000000 -0.000000 -0.000000 0.000000 0.000000
12828.000000 -0.001692 0.002212 -0.000000 0.000000 -0.000000 -0.000000 0.000000 0.000000
12829.000000 -0.001692 0.002212 -0.000000 0.000000 -0.000000 -0.000000 0.000000 0.000000
12830.000000 -0.001692 0.002212 -0.000000 0.000000 -0.000000 -0.000000 0.000000 0.000000
12831.000000 -0.001692 0.002212 -0.000000 0.000000 -0.000000 -0.000000 0.000000 0.000000
12832.000000 -0.001692 0.002212 -0.000000 0.000000 -0.000000 -0.000000 0.000000 0.000000
12833.000000 -0.001692 0.002212 -0.000000 0.000000 -0.000000 -0.000000 0.000000 0.000000
12834.000000 -0.001692 0.002212 -0.000000 0.000000 -0.000000 -0.000000 0.000000 0.000000
12835.000000 -0.001692 0.002212 -0.000000 0.000000 -0.000000 -0.000000 0.000000 0.000000
12836.000000 -0.001692 0.002212 -0.000000 0.000000 -0.000000 -0.000000 0.000000 0.000000
12837.000000 -0.001692 0.002212 -0.000000 0.000000 -0.000000 -0.000000 0.000000 0.000000
12838.000000 -0.001692 0.002212 -0.000000 0.000000 -0.000000 -0.000000 0.000000 0.000000
12839.000000 -0.001692 0.002212 -0.000000 0.000000 -0.000000 -0.000000 0.000000 0.000000
12840.000000 -0.001692 0.002212 -0.000000 0.000000 -0.000000 -0.000000 0.000000 0.000000
12841.000000 -0.001692 0.002212 -0.000000 0.000000 -0.000000 -0.000000 0.000000 0.000000
12842.000000 -0.001692 0.002212 -0.000000 0.000000 -0.000000 -0.000000 0.000000 0.000000
12843.000000 -0.001692 0.002212 -0.000000 0.000000 -0.000000 -0.000000 0.000000 0.000000
12844.000000 -0.001692 0.002212 -0.000000 0.000000 -0.000000 -0.000000 0.000000 0.000000
12845.000000 -0.001692 0.002212 -0.000000 0.000000 -0.000000 -0.000000 0.000000 0.000000
12846.000000 -0.001692 0.002212 -0.000000 0.000000 -0.000000 -0.000000 0.000000 0.000000
12847.000000 -0.001692 0.002212 -0.000000 0.000000 -0.000000 -0.000000 0.000000 0.000000
12848.000000 -0.001692 0.002212 -0.000000 0.000000 -0.000000 -0.000000 0.000000 0.000000
12849.000000 -0.001692 0.002212 -0.000000 0.000000 -0.000000 -0.000000 0.000000 0.000000
12850.000000 -0.001692 0.002212 -0.000000 0.000000 -0.000000 -0.000000 0.000000 0.000000
12851.000000 -0.001692 0.002212 -0.000000 0.000000 -0.000000 -0.000000 0.000000 0.000000
12852.000000 -0.001692 0.002212 -0.000000 0.000000 -0.000000 -0.000000 0.000000 0.000000
12853.000000 -0.001692 0.002212 -0.000000 0.000000 -0.000000 -0.000000 0.000000 0.000000
12854.000000 -0.001692 0.002212 -0.000000 0.000000 -0.000000 -0.000000 0.000000 0.000000
12855.000000 -0.001692 0.002212 -0.000000 0.000000 -0.000000 -0.000000 0.000000 0.000000
12856.000000 -0.001692 0.002212 -0.000000 0.000000 -0.000000 -0.000000 0.000000 0.000000
12857.000000 -0.001692 0.002212 -0.000000 0.000000 -0.000000 -0.000000 0.000000 0.000000
12858.000000 -0.001692 0.002212 -0.000000 0.000000 -0.000000 -0.000000 0.000000 0.000000
12859.000000 -0.001692 0.002212 -0.000000 0.000000 -0.000000 -0.000000 0.000000 0.000000
12860.000000 -0.001692 0.002212 -0.000000 0.000000 -0.000000 -0.000000 0.000000 0.000000
12861.000000 -0.001692 0.002212 -0.000000 0.000000 -0.000000 -0.000000 0.000000 0.000000
12862.000000 -0.001692 0.002212 -0.000000 0.000000 -0.000000 -0.000000 0.000000 0.000000
12863.000000 -0.001692 0.002212 -0.000000 0.000000 -0.000000 -0.000000 0.000000 0.000000
12864.000000 -0.001692 0.002212 -0.000000 0.000000 -0.000000 -0.000000 0.000000 0.000000
12865.000000 -0.001692 0.002212 -0.000000 0.000000 -0.000000 -0.000000 0.000000 0.000000
12866.000000 -0.001692 0.002212 -0.000000 0.000000 -0.000000 -0.000000 0.000000 0.000000
12867.000000 -0.001692 0.002212 -0.000000 0.000000 -0.000000 -0.000000 0.000000 0.000000
12868.000000 -0.001692 0.002212 -0.000000 0.000000 -0.000000 -0.000000 0.000000 0.000000
12869.000000 -0.001692 0.002212 -0.000000 0.000000 -0.000000 -0.000000 0.000000 0.000000
12870.000000 -0.001692 0.002212 -0.000000 0.000000 -0.000000 -0.000000 0.000000 0.000000
12871.000000 -0.001692 0.002212 -0.000000 0.000000 -0.000000 -0.000000 0.000000 0.000000
12872.000000 -0.001692 0.002212 -0.000000 0.000000 -0.000000 -0.000000 0.000000 0.000000
12873.000000 -0.001692 0.002212 -0.000000 0.000000 -0.000000 -0.000000 0.000000 0.000000
12874.000000 -0.001692 0.002212 -0.000000 0.000000 -0.000000 -0.000000 0.000000 0.000000
12875.000000 -0.001692 0.002212 -0.000000 0.000000 -0.000000 -0.000000 0.000000 0.000000
12876.000000 -0.001692 0.002212 -0.000000 0.000000 -0.000000 -0.000000 0.000000 0.000000
12877.000000 -0.001692 0.002212 -0.000000 0.000000 -0.000000 -0.000000 0.000000 0.000000
12878.000000 -0.001692 0.002212 -0.000000 0.000000 -0.000000 -0.000000 0.000000 0.000000
12879.000000 -0.001692 0.002212 -0.000000 0.000000 -0.000000 -0.000000 0.000000 0.000000
12880.000000 -0.001692 0.002212 -0.000000 0.000000 -0.000000 -0.000000 0.000000 0.000000
12881.000000 -0.001692 0.002212 -0.000000 0.000000 -0.000000 -0.000000 0.000000 0.000000
12882.000000 -0.001692 0.002212 -0.000000 0.000000 -0.000000 -0.000000 0.000000 0.000000
12883.000000 -0.001692 0.002212 -0.000000 0.000000 -0.000000 -0.000000 0.000000 0.000000
12884.000000 -0.001692 0.002212 -0.000000 0.000000 -0.000000 -0.000000 0.000000 0.000000
12885.000000 -0.001692 0.002212 -0.000000 0.000000 -0.000000 -0.000000 0.000000 0.000000
12886.000000 -0.001692 0.002212 -0.000000 0.000000 -0.000000 -0.000000 0.000000 0.000000
12887.000000 -0.001692 0.002212 -0.000000 0.000000 -0.000000 -0.000000 0.000000 0.000000
12888.000000 -0.001692 0.002212 -0.000000 0.000000 -0.000000 -0.000000 0.000000 0.000000
12889.000000 -0.001692 0.002212 -0.000000 0.000000 -0.000000 -0.000000 0.000000 0.000000
12890.000000 -0.001692 0.002212 -0.000000 0.000000 -0.000000 -0.000000 0.000000 0.000000
12891.000000 -0.001692 0.002212 -0.000000 0.000000 -0.000000 -0.000000 0.000000 0.000000
12892.000000 -0.001692 0.002212 -0.000000 0.000000 -0.000000 -0.000000 0.000000 0.000000
12893.000000 -0.001692 0.002212 -0.000000 0.000000 -0.000000 -0.000000 0.000000 0.000000
12894.000000 -0.001692 0.002212 -0.000000 0.000000 -0.000000 -0.000000 0.000000 0.000000
12895.000000 -0.001692 0.002212 -0.000000 0.000000 -0.000000 -0.000000 0.000000 0.000000
12896.000000 -0.001692 0.002212 -0.000000 0.000000 -0.000000 -0.000000 0.000000 0.000000
12897.000000 -0.001692 0.002212 -0.000000 0.000000 -0.000000 -0.000000 0.000000 0.000000
12898.000000 -0.001692 0.002212 -0.000000 0.000000 -0.000000 -0.000000 0.000000 0.000000
12899.000000 -0.001692 0.002212 -0.000000 0.000000 -0.000000 -0.000000 0.000000 0.000000
12900.000000 -0.001692 0.002212 -0.000000 0.000000 -0.000000 -0.000000 0.000000 0.000000
12901.000000 -0.001692 0.002212 -0.000000 0.000000 -0.000000 -0.000000 0.000000 0.000000
12902.000000 -0.001692 0.002212 -0.000000 0.000000 -0.000000 -0.000000 0.000000 0.000000
12903.000000 -0.001692 0.002212 -0.000000 0.000000 -0.000000 -0.000000 0.000000 0.000000
12904.000000 -0.001692 0.002212 -0.000000 0.000000 -0.000000 -0.000000 0.000000 0.000000
12905.000000 -0.001692 0.002212 -0.000000 0.000000 -0.000000 -0.000000 0.000000 0.000000
12906.000000 -0.001692 0.002212 -0.000000 0.000000 -0.000000 -0.000000 0.000000 0.000000
12907.000000 -0.001692 0.002212 -0.000000 0.000000 -0.000000 -0.000000 0.000000 0.000000
12908.000000 -0.001692 0.002212 -0.000000 0.000000 -0.000000 -0.000000 0.000000 0.000000
12909.000000 -0.001692 0.002212 -0.000000 0.000000 -0.000000 -0.000000 0.000000 0.000000
12910.000000 -0.001692 0.002212 -0.000000 0.000000 -0.000000 -0.000000 0.000000 0.000000
12911.000000 -0.001692 0.002212 -0.000000 0.000000 -0.000000 -0.000000 0.000000 0.000000
12912.000000 -0.001692 0.002212 -0.000000 0.000000 -0.000000 -0.000000 0.000000 0.000000
12913.000000 -0.001692 0.002212 -0.000000 0.000000 -0.000000 -0.000000 0.000000 0.000000
12914.000000 -0.001692 0.002212 -0.000000 0.000000 -0.000000 -0.000000 0.000000 0.000000
12915.000000 -0.001692 0.002212 -0.000000 0.000000 -0.000000 -0.000000 0.000000 0.000000
12916.000000 -0.001692 0.002212 -0.000000 0.000000 -0.000000 -0.000000 0.000000 0.000000
12917.000000 -0.001692 0.002212 -0.000000 0.000000 -0.000000 -0.000000 0.000000 0.000000
12918.000000 -0.001692 0.002212 -0.000000 0.000000 -0.000000 -0.000000 0.000000 0.000000
12919.000000 -0.001692 0.002212 -0.000000 0.000000 -0.000000 -0.000000 0.000000 0.000000
12920.000000 -0.001692 0.002212 -0.000000 0.000000 -0.000000 -0.000000 0.000000 0.000000
12921.000000 -0.001692 0.002212 -0.000000 0.000000 -0.000000 -0.000000 0.000000 0.000000
12922.000000 -0.001692 0.002212 -0.000000 0.000000 -0.000000 -0.000000 0.000000 0.000000
12923.000000 -0.001692 0.002212 -0.000000 0.000000 -0.000000 -0.000000 0.000000 0.000000
12924.000000 -0.001692 0.002212 -0.000000 0.000000 -0.000000 -0.000000 0.000000 0.000000
12925.000000 -0.001692 0.002212 -0.000000 0.000000 -0.000000 -0.000000 0.000000 0.000000
12926.000000 -0.001692 0.002212 -0.000000 0.000000 -0.000000 -0.000000 0.000000 0.000000
12927.000000 -0.001692 0.002212 -0.000000 0.000000 -0.000000 -0.000000 0.000000 0.000000
12928.000000 -0.001692 0.002212 -0.000000 0.000000 -0.000000 -0.000000 0.000000 0.000000
12929.000000 -0.001692 0.002212 -0.000000 0.000000 -0.000000 -0.000000 0.000000 0.000000
12930.000000 -0.001692 0.002212 -0.000000 0.000000 -0.000000 -0.000000 0.000000 0.000000
12931.000000 -0.001692 0.002212 -0.000000 0.000000 -0.000000 -0.000000 0.000000 0.000000
12932.000000 -0.001692 0.002212 -0.000000 0.000000 -0.000000 -0.000000 0.000000 0.000000
12933.000000 -0.001692 0.002212 -0.000000 0.000000 -0.000000 -0.000000 0.000000 0.000000
12934.000000 -0.001692 0.002212 -0.000000 0.000000 -0.000000 -0.000000 0.000000 0.000000
12935.000000 -0.001692 0.002212 -0.000000 0.000000 -0.000000 -0.000000 0.000000 0.000000
12936.000000 -0.001692 0.002212 -0.000000 0.000000 -0.000000 -0.000000 0.000000 0.000000
12937.000000 -0.001692 0.002212 -0.000000 0.000000 -0.000000 -0.000000 0.000000 0.000000
12938.000000 -0.001692 0.002212 -0.000000 0.000000 -0.000000 -0.000000 0.000000 0.000000
12939.000000 -0.001692 0.002212 -0.000000 0.000000 -0.000000 -0.000000 0.000000 0.000000
12940.000000 -0.001692 0.002212 -0.000000 0.000000 -0.000000 -0.000000 0.000000 0.000000
12941.000000 -0.001692 0.002212 -0.000000 0.000000 -0.000000 -0.000000 0.000000 0.000000
12942.000000 -0.001692 0.002212 -0.000000 0.000000 -0.000000 -0.000000 0.000000 0.000000
12943.000000 -0.001692 0.002212 -0.000000 0.000000 -0.000000 -0.000000 0.000000 0.000000
12944.000000 -0.001692 0.002212 -0.000000 0.000000 -0.000000 -0.000000 0.000000 0.000000
12945.000000 -0.001692 0.002212 -0.000000 0.000000 -0.000000 -0.000000 0.000000 0.000000
12946.000000 -0.001692 0.002212 -0.000000 0.000000 -0.000000 -0.000000 0.000000 0.000000
12947.000000 -0.001692 0.002212 -0.000000 0.000000 -0.000000 -0.000000 0.000000 0.000000
12948.000000 -0.001692 0.002212 -0.000000 0.000000 -0.000000 -0.000000 0.000000 0.000000
12949.000000 -0.001692 0.002212 -0.000000 0.000000 -0.000000 -0.000000 0.000000 0.000000
12950.000000 -0.001692 0.002212 -0.000000 0.000000 -0.000000 -0.000000 0.000000 0.000000
12951.000000 -0.001692 0.002212 -0.000000 0.000000 -0.000000 -0.000000 0.000000 0.000000
12952.000000 -0.001692 0.002212 -0.000000 0.000000 -0.000000 -0.000000 0.000000 0.000000
12953.000000 -0.001692 0.002212 -0.000000 0.000000 -0.000000 -0.000000 0.000000 0.000000
12954.000000 -0.001692 0.002212 -0.000000 0.000000 -0.000000 -0.000000 0.000000 0.000000
12955.000000 -0.001692 0.002212 -0.000000 0.000000 -0.000000 -0.000000 0.000000 0.000000
12956.000000 -0.001692 0.002212 -0.000000 0.000000 -0.000000 -0.000000 0.000000 0.000000
12957.000000 -0.001692 0.002212 -0.000000 0.000000 -0.000000 -0.000000 0.000000 0.000000
12958.000000 -0.001692 0.002212 -0.000000 0.000000 -0.000000 -0.000000 0.000000 0.000000
12959.000000 -0.001692 0.002212 -0.000000 0.000000 -0.000000 -0.000000 0.000000 0.000000
12960.000000 -0.001692 0.002212 -0.000000 0.000000 -0.000000 -0.000000 0.000000 0.000000
12961.000000 -0.001692 0.002212 -0.000000 0.000000 -0.000000 -0.000000 0.000000 0.000000
12962.000000 -0.001692 0.002212 -0.000000 0.000000 -0.000000 -0.000000 0.000000 0.000000
12963.000000 -0.001692 0.002212 -0.000000 0.000000 -0.000000 -0.000000 0.000000 0.000000
12964.000000 -0.001692 0.002212 -0.000000 0.000000 -0.000000 -0.000000 0.000000 0.000000
12965.000000 -0.001692 0.002212 -0.000000 0.000000 -0.000000 -0.000000 0.000000 0.000000
12966.000000 -0.001692 0.002212 -0.000000 0.000000 -0.000000 -0.000000 0.000000 0.000000
12967.000000 -0.001692 0.002212 -0.000000 0.000000 -0.000000 -0.000000 0.000000 0.000000
12968.000000 -0.001692 0.002212 -0.000000 0.000000 -0.000000 -0.000000 0.000000 0.000000
12969.000000 -0.001692 0.002212 -0.000000 0.000000 -0.000000 -0.000000 0.000000 0.000000
12970.000000 -0.001692 0.002212 -0.000000 0.000000 -0.000000 -0.000000 0.000000 0.000000
12971.000000 -0.001692 0.002212 -0.000000 0.000000 -0.000000 -0.000000 0.000000 0.000000
12972.000000 -0.001692 0.002212 -0.000000 0.000000 -0.000000 -0.000000 0.000000 0.000000
12973.000000 -0.001692 0.002212 -0.000000 0.000000 -0.000000 -0.000000 0.000000 0.000000
12974.000000 -0.001692 0.002212 -0.000000 0.000000 -0.000000 -0.000000 0.000000 0.000000
12975.000000 -0.001692 0.002212 -0.000000 0.000000 -0.000000 -0.000000 0.000000 0.000000
12976.000000 -0.001692 0.002212 -0.000000 0.000000 -0.000000 -0.000000 0.000000 0.000000
12977.000000 -0.001692 0.002212 -0.000000 0.000000 -0.000000 -0.000000 0.000000 0.000000
12978.000000 -0.001692 0.002212 -0.000000 0.000000 -0.000000 -0.000000 0.000000 0.000000
12979.000000 -0.001692 0.002212 -0.000000 0.000000 -0.000000 -0.000000 0.000000 0.000000
12980.000000 -0.001692 0.002212 -0.000000 0.000000 -0.000000 -0.000000 0.000000 0.000000
12981.000000 -0.001692 0.002212 -0.000000 0.000000 -0.000000 -0.000000 0.000000 0.000000
12982.000000 -0.001692 0.002212 -0.000000 0.000000 -0.000000 -0.000000 0.000000 0.000000
12983.000000 -0.001692 0.002212 -0.000000 0.000000 -0.000000 -0.000000 0.000000 0.000000
12984.000000 -0.001692 0.002212 -0.000000 0.000000 -0.000000 -0.000000 0.000000 0.000000
12985.000000 -0.001692 0.002212 -0.000000 0.000000 -0.000000 -0.000000 0.000000 0.000000
12986.000000 -0.001692 0.002212 -0.000000 0.000000 -0.000000 -0.000000 0.000000 0.000000
12987.000000 -0.001692 0.002212 -0.000000 0.000000 -0.000000 -0.000000 0.000000 0.000000
12988.000000 -0.001692 0.002212 -0.000000 0.000000 -0.000000 -0.000000 0.000000 0.000000
12989.000000 -0.001692 0.002212 -0.000000 0.000000 -0.000000 -0.000000 0.000000 0.000000
12990.000000 -0.001692 0.002212 -0.000000 0.000000 -0.000000 -0.000000 0.000000 0.000000
12991.000000 -0.001692 0.002212 -0.000000 0.000000 -0.000000 -0.000000 0.000000 0.000000
12992.000000 -0.001692 0.002212 -0.000000 0.000000 -0.000000 -0.000000 0.000000 0.000000
12993.000000 -0.001692 0.002212 -0.000000 0.000000 -0.000000 -0.000000 0.000000 0.000000
12994.000000 -0.001692 0.002212 -0.000000 0.000000 -0.000000 -0.000000 0.000000 0.000000
12995.000000 -0.001692 0.002212 -0.000000 0.000000 -0.000000 -0.000000 0.000000 0.000000
12996.000000 -0.001692 0.002212 -0.000000 0.000000 -0.000000 -0.000000 0.000000 0.000000
12997.000000 -0.001692 0.002212 -0.000000 0.000000 -0.000000 -0.000000 0.000000 0.000000
12998.000000 -0.001692 0.002212 -0.000000 0.000000 -0.000000 -0.000000 0.000000 0.000000
12999.000000 -0.001692 0.002212 -0.000000 0.000000 -0.000000 -0.000000 0.000000 0.000000
13000.000000 -0.001692 0.002212 -0.000000 0.000000 -0.000000 -0.000000 0.000000 0.000000
13001.000000 -0.001692 0.002212 -0.000000 0.000000 -0.000000 -0.000000 0.000000 0.000000
13002.000000 -0.001692 0.002212 -0.000000 0.000000 -0.000000 -0.000000 0.000000 0.000000
13003.000000 -0.001692 0.002212 -0.000000 0.000000 -0.000000 -0.000000 0.000000 0.000000
13004.000000 -0.001692 0.002212 -0.000000 0.000000 -0.000000 -0.000000 0.000000 0.000000
13005.000000 -0.001692 0.002212 -0.000000 0.000000 -0.000000 -0.000000 0.000000 0.000000
13006.000000 -0.001692 0.002212 -0.000000 0.000000 -0.000000 -0.000000 0.000000 0.000000
13007.000000 -0.001692 0.002212 -0.000000 0.000000 -0.000000 -0.000000 0.000000 0.000000
13008.000000 -0.001692 0.002212 -0.000000 0.000000 -0.000000 -0.000000 0.000000 0.000000
13009.000000 -0.001692 0.002212 -0.000000 0.000000 -0.000000 -0.000000 0.000000 0.000000
13010.000000 -0.001692 0.002212 -0.000000 0.000000 -0.000000 -0.000000 0.000000 0.000000
13011.000000 -0.001692 0.002212 -0.000000 0.000000 -0.000000 -0.000000 0.000000 0.000000
13012.000000 -0.001692 0.002212 -0.000000 0.000000 -0.000000 -0.000000 0.000000 0.000000
13013.000000 -0.001692 0.002212 -0.000000 0.000000 -0.000000 -0.000000 0.000000 0.000000
13014.000000 -0.001692 0.002212 -0.000000 0.000000 -0.000000 -0.000000 0.000000 0.000000
13015.000000 -0.001692 0.002212 -0.000000 0.000000 -0.000000 -0.000000 0.000000 0.000000
13016.000000 -0.001692 0.002212 -0.000000 0.000000 -0.000000 -0.000000 0.000000 0.000000
13017.000000 -0.001692 0.002212 -0.000000 0.000000 -0.000000 -0.000000 0.000000 0.000000
13018.000000 -0.001692 0.002212 -0.000000 0.000000 -0.000000 -0.000000 0.000000 0.000000
13019.000000 -0.001692 0.002212 -0.000000 0.000000 -0.000000 -0.000000 0.000000 0.000000
13020.000000 -0.001692 0.002212 -0.000000 0.000000 -0.000000 -0.000000 0.000000 0.000000
13021.000000 -0.001692 0.002212 -0.000000 0.000000 -0.000000 -0.000000 0.000000 0.000000
13022.000000 -0.001692 0.002212 -0.000000 0.000000 -0.000000 -0.000000 0.000000 0.000000
13023.000000 -0.001692 0.002212 -0.000000 0.000000 -0.000000 -0.000000 0.000000 0.000000
13024.000000 -0.001692 0.002212 -0.000000 0.000000 -0.000000 -0.000000 0.000000 0.000000
13025.000000 -0.001692 0.002212 -0.000000 0.000000 -0.000000 -0.000000 0.000000 0.000000
13026.000000 -0.001692 0.002212 -0.000000 0.000000 -0.000000 -0.000000 0.000000 0.000000
13027.000000 -0.001692 0.002212 -0.000000 0.000000 -0.000000 -0.000000 0.000000 0.000000
13028.000000 -0.001692 0.002212 -0.000000 0.000000 -0.000000 -0.000000 0.000000 0.000000
13029.000000 -0.001692 0.002212 -0.000000 0.000000 -0.000000 -0.000000 0.000000 0.000000
13030.000000 -0.001692 0.002212 -0.000000 0.000000 -0.000000 -0.000000 0.000000 0.000000
13031.000000 -0.001692 0.002212 -0.000000 0.000000 -0.000000 -0.000000 0.000000 0.000000
13032.000000 -0.001692 0.002212 -0.000000 0.000000 -0.000000 -0.000000 0.000000 0.000000
