# imt log
s logheadsize 000234
s logcolumns 7
s logname /home/testac/lgames/fitts/20180718_Wed/run1.120611.dat
s logversion 2.0
s logdate "Wed Jul 18 12:06:11 EDT 2018"
s logidate 1531929971

# begin user data

# end user data

#####
658.000000 -0.002035 -0.003650 0.002011 0.005406 0.000000 0.000000
659.000000 -0.002035 -0.003650 0.001025 0.002755 0.000000 0.000000
660.000000 -0.002049 -0.003687 -0.000144 -0.000387 7.000000 0.064000
661.000000 -0.002049 -0.003687 -0.000740 -0.001988 7.000000 0.064000
662.000000 -0.002049 -0.003687 -0.000377 -0.001013 7.000000 0.064000
663.000000 -0.002049 -0.003687 -0.000192 -0.000516 7.000000 0.064000
664.000000 -0.002049 -0.003687 -0.000098 -0.000263 7.000000 0.064000
665.000000 -0.002049 -0.003687 -0.000050 -0.000134 7.000000 0.064000
666.000000 -0.002049 -0.003687 -0.000025 -0.000068 7.000000 0.064000
667.000000 -0.002049 -0.003687 -0.000013 -0.000035 7.000000 0.064000
668.000000 -0.002049 -0.003687 -0.000007 -0.000018 7.000000 0.064000
669.000000 -0.002049 -0.003687 -0.000003 -0.000009 7.000000 0.064000
670.000000 -0.002049 -0.003687 -0.000002 -0.000005 7.000000 0.064000
671.000000 -0.002049 -0.003687 -0.000001 -0.000002 7.000000 0.064000
672.000000 -0.002049 -0.003687 -0.000000 -0.000001 7.000000 0.064000
673.000000 -0.002049 -0.003687 -0.000000 -0.000001 7.000000 0.064000
674.000000 -0.002049 -0.003687 -0.000000 -0.000000 7.000000 0.064000
675.000000 -0.002049 -0.003687 -0.000000 -0.000000 7.000000 0.064000
676.000000 -0.002049 -0.003687 -0.000000 -0.000000 7.000000 0.064000
677.000000 -0.002049 -0.003687 -0.000000 -0.000000 7.000000 0.064000
678.000000 -0.002049 -0.003687 -0.000000 -0.000000 7.000000 0.064000
679.000000 -0.002049 -0.003687 -0.000000 -0.000000 7.000000 0.064000
680.000000 -0.002049 -0.003687 -0.000000 -0.000000 7.000000 0.064000
681.000000 -0.002049 -0.003687 -0.000000 -0.000000 7.000000 0.064000
682.000000 -0.002009 -0.003723 0.001937 -0.001800 7.000000 0.064000
683.000000 -0.002009 -0.003723 0.002924 -0.002717 7.000000 0.064000
684.000000 -0.001982 -0.003650 0.002822 0.002197 7.000000 0.064000
685.000000 -0.001982 -0.003650 0.002770 0.004701 7.000000 0.064000
686.000000 -0.001995 -0.003687 0.000745 0.000604 7.000000 0.064000
687.000000 -0.001995 -0.003687 -0.000287 -0.001483 7.000000 0.064000
688.000000 -0.001995 -0.003687 -0.000146 -0.000756 7.000000 0.064000
689.000000 -0.001995 -0.003687 -0.000074 -0.000385 7.000000 0.064000
690.000000 -0.001995 -0.003687 -0.000038 -0.000196 7.000000 0.064000
691.000000 -0.001995 -0.003687 -0.000019 -0.000100 7.000000 0.064000
692.000000 -0.001995 -0.003687 -0.000010 -0.000051 7.000000 0.064000
693.000000 -0.001995 -0.003687 -0.000005 -0.000026 7.000000 0.064000
694.000000 -0.001995 -0.003687 -0.000003 -0.000013 7.000000 0.064000
695.000000 -0.001995 -0.003687 -0.000001 -0.000007 7.000000 0.064000
696.000000 -0.001995 -0.003687 -0.000001 -0.000003 7.000000 0.064000
697.000000 -0.001995 -0.003687 -0.000000 -0.000002 7.000000 0.064000
698.000000 -0.001995 -0.003687 -0.000000 -0.000001 7.000000 0.064000
699.000000 -0.001995 -0.003687 -0.000000 -0.000000 7.000000 0.064000
700.000000 -0.001995 -0.003687 -0.000000 -0.000000 7.000000 0.064000
701.000000 -0.001995 -0.003687 -0.000000 -0.000000 7.000000 0.064000
702.000000 -0.001995 -0.003687 -0.000000 -0.000000 7.000000 0.064000
703.000000 -0.001995 -0.003687 -0.000000 -0.000000 7.000000 0.064000
704.000000 -0.001995 -0.003687 -0.000000 -0.000000 7.000000 0.064000
705.000000 -0.001995 -0.003687 -0.000000 -0.000000 7.000000 0.064000
706.000000 -0.001995 -0.003687 -0.000000 -0.000000 7.000000 0.064000
707.000000 -0.001995 -0.003687 -0.000000 -0.000000 7.000000 0.064000
708.000000 -0.001995 -0.003687 -0.000000 -0.000000 7.000000 0.064000
709.000000 -0.001995 -0.003687 -0.000000 -0.000000 7.000000 0.064000
710.000000 -0.001995 -0.003687 -0.000000 -0.000000 7.000000 0.064000
711.000000 -0.001995 -0.003687 -0.000000 -0.000000 7.000000 0.064000
712.000000 -0.001995 -0.003687 -0.000000 -0.000000 7.000000 0.064000
713.000000 -0.001995 -0.003687 -0.000000 -0.000000 7.000000 0.064000
714.000000 -0.001995 -0.003687 -0.000000 -0.000000 7.000000 0.064000
715.000000 -0.001995 -0.003687 -0.000000 -0.000000 7.000000 0.064000
716.000000 -0.001995 -0.003687 -0.000000 -0.000000 7.000000 0.064000
717.000000 -0.001995 -0.003687 -0.000000 -0.000000 7.000000 0.064000
718.000000 -0.001995 -0.003687 -0.000000 -0.000000 7.000000 0.064000
719.000000 -0.001995 -0.003687 -0.000000 -0.000000 7.000000 0.064000
720.000000 -0.001995 -0.003687 -0.000000 -0.000000 7.000000 0.064000
721.000000 -0.001995 -0.003687 -0.000000 -0.000000 7.000000 0.064000
722.000000 -0.001995 -0.003687 -0.000000 -0.000000 7.000000 0.064000
723.000000 -0.001995 -0.003687 -0.000000 -0.000000 7.000000 0.064000
724.000000 -0.001995 -0.003687 -0.000000 -0.000000 7.000000 0.064000
725.000000 -0.001995 -0.003687 -0.000000 -0.000000 7.000000 0.064000
726.000000 -0.001995 -0.003687 -0.000000 -0.000000 7.000000 0.064000
727.000000 -0.001995 -0.003687 -0.000000 -0.000000 7.000000 0.064000
728.000000 -0.001995 -0.003687 -0.000000 -0.000000 7.000000 0.064000
729.000000 -0.001995 -0.003687 -0.000000 -0.000000 7.000000 0.064000
730.000000 -0.001995 -0.003687 -0.000000 -0.000000 7.000000 0.064000
731.000000 -0.001995 -0.003687 -0.000000 -0.000000 7.000000 0.064000
732.000000 -0.001995 -0.003687 -0.000000 -0.000000 7.000000 0.064000
733.000000 -0.001995 -0.003687 -0.000000 -0.000000 7.000000 0.064000
734.000000 -0.001995 -0.003687 -0.000000 -0.000000 7.000000 0.064000
735.000000 -0.001995 -0.003687 -0.000000 -0.000000 7.000000 0.064000
736.000000 -0.001995 -0.003687 -0.000000 -0.000000 7.000000 0.064000
737.000000 -0.002009 -0.003723 -0.000666 -0.001791 7.000000 0.064000
738.000000 -0.002009 -0.003723 -0.001006 -0.002703 7.000000 0.064000
739.000000 -0.002102 -0.003687 -0.005053 0.000433 7.000000 0.064000
740.000000 -0.002088 -0.003650 -0.006447 0.003822 7.000000 0.064000
741.000000 -0.002049 -0.003687 -0.000682 0.001937 7.000000 0.064000
742.000000 -0.002102 -0.003687 -0.001014 -0.000804 7.000000 0.064000
743.000000 -0.002102 -0.003687 -0.003120 -0.000400 7.000000 0.064000
744.000000 -0.002102 -0.003687 -0.001590 -0.000204 7.000000 0.064000
745.000000 -0.002102 -0.003687 -0.000810 -0.000104 7.000000 0.064000
746.000000 -0.002168 -0.003723 -0.003683 -0.001833 7.000000 0.064000
747.000000 -0.002208 -0.003686 -0.007083 -0.000913 7.000000 0.064000
748.000000 -0.002208 -0.003686 -0.005545 0.001336 7.000000 0.064000
749.000000 -0.002168 -0.003723 -0.000889 -0.001120 7.000000 0.064000
750.000000 -0.002208 -0.003686 -0.000453 -0.000571 7.000000 0.064000
751.000000 -0.002208 -0.003686 -0.002167 0.001510 7.000000 0.064000
752.000000 -0.002208 -0.003686 -0.001104 0.000769 7.000000 0.064000
753.000000 -0.002221 -0.003723 -0.001230 -0.001398 7.000000 0.064000
754.000000 -0.002261 -0.003686 -0.003230 -0.000702 7.000000 0.064000
755.000000 -0.002274 -0.003722 -0.004249 -0.000347 7.000000 0.064000
756.000000 -0.002314 -0.003686 -0.004768 -0.000166 7.000000 0.064000
757.000000 -0.002314 -0.003686 -0.004365 0.001717 7.000000 0.064000
758.000000 -0.002274 -0.003722 -0.000288 -0.000927 7.000000 0.064000
759.000000 -0.002274 -0.003722 0.001789 -0.002273 7.000000 0.064000
760.000000 -0.002314 -0.003686 -0.001024 0.000643 7.000000 0.064000
761.000000 -0.002314 -0.003686 -0.002458 0.002129 7.000000 0.064000
762.000000 -0.002328 -0.003722 -0.001920 -0.000706 7.000000 0.064000
763.000000 -0.002328 -0.003722 -0.001646 -0.002150 7.000000 0.064000
764.000000 -0.002328 -0.003722 -0.000838 -0.001095 7.000000 0.064000
765.000000 -0.002341 -0.003759 -0.001095 -0.002348 7.000000 0.064000
766.000000 -0.002420 -0.003685 -0.005097 0.000617 7.000000 0.064000
767.000000 -0.002407 -0.003649 -0.005800 0.005708 7.000000 0.064000
768.000000 -0.002381 -0.003722 -0.001020 0.001106 7.000000 0.064000
769.000000 -0.002381 -0.003722 0.000749 -0.003028 7.000000 0.064000
770.000000 -0.002381 -0.003722 0.000381 -0.001543 7.000000 0.064000
771.000000 -0.002381 -0.003722 0.000194 -0.000786 7.000000 0.064000
772.000000 -0.002381 -0.003722 0.000099 -0.000401 7.000000 0.064000
773.000000 -0.002434 -0.003722 -0.002553 -0.000193 7.000000 0.064000
774.000000 -0.002473 -0.003685 -0.005839 0.001715 7.000000 0.064000
775.000000 -0.002473 -0.003685 -0.004911 0.002676 7.000000 0.064000
776.000000 -0.002434 -0.003722 -0.000567 -0.000439 7.000000 0.064000
777.000000 -0.002434 -0.003722 0.001647 -0.002025 7.000000 0.064000
778.000000 -0.002434 -0.003722 0.000839 -0.001032 7.000000 0.064000
779.000000 -0.002434 -0.003722 0.000428 -0.000526 7.000000 0.064000
780.000000 -0.002473 -0.003685 -0.001718 0.001534 7.000000 0.064000
781.000000 -0.002473 -0.003685 -0.002811 0.002583 7.000000 0.064000
782.000000 -0.002487 -0.003722 -0.002100 -0.000474 7.000000 0.064000
783.000000 -0.002487 -0.003722 -0.001738 -0.002032 7.000000 0.064000
784.000000 -0.002487 -0.003722 -0.000885 -0.001035 7.000000 0.064000
785.000000 -0.002526 -0.003685 -0.002386 0.001275 7.000000 0.064000
786.000000 -0.002526 -0.003685 -0.003151 0.002452 7.000000 0.064000
787.000000 -0.002526 -0.003685 -0.001605 0.001249 7.000000 0.064000
788.000000 -0.002540 -0.003721 -0.001486 -0.001154 7.000000 0.064000
789.000000 -0.002540 -0.003721 -0.001425 -0.002378 7.000000 0.064000
790.000000 -0.002540 -0.003721 -0.000726 -0.001212 7.000000 0.064000
791.000000 -0.002593 -0.003721 -0.002973 -0.000605 7.000000 0.064000
792.000000 -0.002632 -0.003684 -0.006053 0.001507 7.000000 0.064000
793.000000 -0.002619 -0.003648 -0.004351 0.004360 7.000000 0.064000
794.000000 -0.002632 -0.003684 -0.002217 0.002221 7.000000 0.064000
795.000000 -0.002632 -0.003684 -0.001798 -0.000658 7.000000 0.064000
796.000000 -0.002632 -0.003684 -0.000916 -0.000335 7.000000 0.064000
797.000000 -0.002632 -0.003684 -0.000467 -0.000171 7.000000 0.064000
798.000000 -0.002686 -0.003684 -0.002841 -0.000074 7.000000 0.064000
799.000000 -0.002686 -0.003684 -0.004051 -0.000025 7.000000 0.064000
800.000000 -0.002699 -0.003721 -0.002733 -0.001803 7.000000 0.064000
801.000000 -0.002778 -0.003647 -0.005930 0.000898 7.000000 0.064000
802.000000 -0.002778 -0.003647 -0.006890 0.004063 7.000000 0.064000
803.000000 -0.002739 -0.003684 -0.001576 0.000267 7.000000 0.064000
804.000000 -0.002778 -0.003647 -0.000803 0.000136 7.000000 0.064000
805.000000 -0.002792 -0.003684 -0.003012 0.000083 7.000000 0.064000
806.000000 -0.002792 -0.003684 -0.002204 -0.001748 7.000000 0.064000
807.000000 -0.002845 -0.003683 -0.003726 -0.000877 7.000000 0.064000
808.000000 -0.002845 -0.003683 -0.004502 -0.000433 7.000000 0.064000
809.000000 -0.002937 -0.003646 -0.006830 0.001597 7.000000 0.064000
810.000000 -0.002951 -0.003683 -0.008687 0.000841 7.000000 0.064000
811.000000 -0.002977 -0.003609 -0.006359 0.002233 7.000000 0.064000
812.000000 -0.002951 -0.003683 -0.003240 0.001137 7.000000 0.064000
813.000000 -0.002990 -0.003646 -0.002320 -0.001210 7.000000 0.064000
814.000000 -0.003004 -0.003682 -0.003785 -0.000602 7.000000 0.064000
815.000000 -0.003043 -0.003646 -0.004532 -0.000292 7.000000 0.064000
816.000000 -0.003097 -0.003645 -0.006845 0.001670 7.000000 0.064000
817.000000 -0.003097 -0.003645 -0.006091 0.000865 7.000000 0.064000
818.000000 -0.003203 -0.003645 -0.008309 0.000472 7.000000 0.064000
819.000000 -0.003203 -0.003645 -0.009440 0.000270 7.000000 0.064000
820.000000 -0.003242 -0.003608 -0.006742 0.001943 7.000000 0.064000
821.000000 -0.003256 -0.003644 -0.006038 0.001005 7.000000 0.064000
822.000000 -0.003256 -0.003644 -0.003747 -0.001277 7.000000 0.064000
823.000000 -0.003309 -0.003644 -0.004512 -0.000635 7.000000 0.064000
824.000000 -0.003362 -0.003644 -0.007505 -0.000292 7.000000 0.064000
825.000000 -0.003415 -0.003643 -0.009030 -0.000116 7.000000 0.064000
826.000000 -0.003482 -0.003680 -0.010479 -0.001815 7.000000 0.064000
827.000000 -0.003521 -0.003643 -0.010545 -0.000891 9.000000 0.064000
828.000000 -0.003574 -0.003642 -0.009907 0.001369 9.000000 0.064000
829.000000 -0.003614 -0.003606 -0.009582 0.002521 9.000000 0.064000
830.000000 -0.003627 -0.003642 -0.007485 0.001302 9.000000 0.064000
831.000000 -0.003680 -0.003642 -0.007088 -0.001108 9.000000 0.064000
832.000000 -0.003734 -0.003641 -0.008818 -0.000529 9.000000 0.064000
833.000000 -0.003787 -0.003641 -0.009699 -0.000234 9.000000 0.064000
834.000000 -0.003840 -0.003641 -0.010148 -0.000082 9.000000 0.064000
835.000000 -0.003906 -0.003677 -0.011049 -0.001793 9.000000 0.064000
836.000000 -0.003999 -0.003640 -0.013438 -0.000856 9.000000 0.064000
837.000000 -0.004052 -0.003639 -0.013983 0.001410 9.000000 0.064000
838.000000 -0.004091 -0.003602 -0.011657 0.002546 9.000000 0.064000
839.000000 -0.004119 -0.003675 -0.009216 -0.000472 9.000000 0.064000
840.000000 -0.004172 -0.003675 -0.008645 -0.003797 9.000000 0.064000
841.000000 -0.004225 -0.003674 -0.009611 -0.001894 9.000000 0.064000
842.000000 -0.004278 -0.003674 -0.010103 -0.000924 9.000000 0.064000
843.000000 -0.004331 -0.003674 -0.010354 -0.000430 9.000000 0.064000
844.000000 -0.004451 -0.003709 -0.013760 -0.001943 9.000000 0.064000
845.000000 -0.004543 -0.003672 -0.017423 -0.000903 9.000000 0.064000
846.000000 -0.004597 -0.003671 -0.016012 0.001393 9.000000 0.064000
847.000000 -0.004675 -0.003598 -0.014616 0.004352 9.000000 0.064000
848.000000 -0.004703 -0.003671 -0.012654 0.002262 9.000000 0.064000
849.000000 -0.004795 -0.003633 -0.012328 -0.000589 9.000000 0.064000
850.000000 -0.004862 -0.003669 -0.014091 -0.000231 9.000000 0.064000
851.000000 -0.004954 -0.003632 -0.014988 -0.000046 9.000000 0.064000
852.000000 -0.005021 -0.003668 -0.015446 0.000048 9.000000 0.064000
853.000000 -0.005127 -0.003667 -0.016356 -0.001689 9.000000 0.064000
854.000000 -0.005273 -0.003629 -0.020671 0.001053 9.000000 0.064000
855.000000 -0.005326 -0.003628 -0.020267 0.002424 9.000000 0.064000
856.000000 -0.005418 -0.003591 -0.017456 0.003100 9.000000 0.064000
857.000000 -0.005485 -0.003627 -0.016703 0.001658 9.000000 0.064000
858.000000 -0.005552 -0.003663 -0.015073 -0.002675 9.000000 0.064000
859.000000 -0.005658 -0.003662 -0.016167 -0.003068 9.000000 0.064000
860.000000 -0.005764 -0.003661 -0.018650 -0.001453 9.000000 0.064000
861.000000 -0.005871 -0.003659 -0.019915 -0.000628 9.000000 0.064000
862.000000 -0.005977 -0.003658 -0.020559 -0.000206 9.000000 0.064000
863.000000 -0.006122 -0.003620 -0.022809 0.001828 9.000000 0.064000
864.000000 -0.006228 -0.003619 -0.023956 0.002866 9.000000 0.064000
865.000000 -0.006321 -0.003581 -0.021936 0.003367 9.000000 0.064000
866.000000 -0.006387 -0.003617 -0.018985 0.001807 9.000000 0.064000
867.000000 -0.006547 -0.003615 -0.020765 -0.000739 9.000000 0.064000
868.000000 -0.006653 -0.003614 -0.023594 -0.000218 9.000000 0.064000
869.000000 -0.006759 -0.003613 -0.022433 0.000018 9.000000 0.064000
870.000000 -0.006918 -0.003611 -0.024444 0.000175 9.000000 0.064000
871.000000 -0.007038 -0.003646 -0.026153 -0.001527 9.000000 0.064000
872.000000 -0.007198 -0.003644 -0.027023 -0.002390 9.000000 0.064000
873.000000 -0.007343 -0.003605 -0.028701 0.000778 9.000000 0.064000
874.000000 -0.007449 -0.003604 -0.026954 0.002358 9.000000 0.064000
875.000000 -0.007569 -0.003639 -0.024830 -0.000437 9.000000 0.064000
876.000000 -0.007675 -0.003637 -0.023748 -0.001860 9.000000 0.064000
877.000000 -0.007834 -0.003635 -0.025115 -0.000760 9.000000 0.064000
878.000000 -0.007980 -0.003596 -0.027727 0.001625 9.000000 0.064000
879.000000 -0.008139 -0.003594 -0.029057 0.002845 9.000000 0.064000
880.000000 -0.008312 -0.003628 -0.031110 -0.000095 9.000000 0.064000
881.000000 -0.008510 -0.003589 -0.034069 0.000238 9.000000 0.064000
882.000000 -0.008670 -0.003586 -0.034890 0.002194 9.000000 0.064000
883.000000 -0.008776 -0.003584 -0.030790 0.001328 9.000000 0.064000
884.000000 -0.008949 -0.003618 -0.029392 -0.000891 9.000000 0.064000
885.000000 -0.009108 -0.003616 -0.031282 -0.001975 9.000000 0.064000
886.000000 -0.009307 -0.003576 -0.033467 0.001088 9.000000 0.064000
887.000000 -0.009480 -0.003609 -0.035272 0.000872 9.000000 0.064000
888.000000 -0.009678 -0.003569 -0.036189 0.000769 9.000000 0.064000
889.000000 -0.009890 -0.003566 -0.038568 0.002552 9.000000 0.064000
890.000000 -0.010103 -0.003562 -0.040471 0.001688 9.000000 0.064000
891.000000 -0.010315 -0.003558 -0.041441 0.001256 9.000000 0.064000
892.000000 -0.010474 -0.003555 -0.039332 0.000991 9.000000 0.064000
893.000000 -0.010648 -0.003588 -0.036352 -0.000969 9.000000 0.064000
894.000000 -0.010860 -0.003584 -0.037436 -0.001909 9.000000 0.064000
895.000000 -0.011072 -0.003580 -0.039896 -0.000549 9.000000 0.064000
896.000000 -0.011284 -0.003576 -0.041149 0.000153 9.000000 0.064000
897.000000 -0.011536 -0.003534 -0.043690 0.002355 9.000000 0.064000
898.000000 -0.011748 -0.003529 -0.044984 0.003484 9.000000 0.064000
899.000000 -0.012013 -0.003524 -0.046341 0.002294 9.000000 0.064000
900.000000 -0.012211 -0.003483 -0.046330 0.003473 9.000000 0.064000
901.000000 -0.012438 -0.003514 -0.044426 0.002247 9.000000 0.064000
902.000000 -0.012664 -0.003546 -0.044858 -0.001925 9.000000 0.064000
903.000000 -0.012915 -0.003503 -0.046275 -0.000424 9.000000 0.064000
904.000000 -0.013181 -0.003497 -0.048899 0.002192 9.000000 0.064000
905.000000 -0.013432 -0.003454 -0.050230 0.003536 9.000000 0.064000
906.000000 -0.013697 -0.003448 -0.050909 0.004235 9.000000 0.064000
907.000000 -0.013938 -0.003515 -0.050772 -0.000794 9.000000 0.064000
908.000000 -0.014242 -0.003471 -0.052595 -0.001496 9.000000 0.064000
909.000000 -0.014493 -0.003428 -0.054005 0.003550 9.000000 0.064000
910.000000 -0.014720 -0.003458 -0.050936 0.002443 9.000000 0.064000
911.000000 -0.014985 -0.003451 -0.050079 0.000116 9.000000 0.064000
912.000000 -0.015250 -0.003444 -0.051536 0.000789 9.000000 0.064000
913.000000 -0.015569 -0.003435 -0.054880 0.001222 9.000000 0.064000
914.000000 -0.015848 -0.003464 -0.057298 -0.000317 9.000000 0.064000
915.000000 -0.016152 -0.003418 -0.057813 0.000690 9.000000 0.064000
916.000000 -0.016432 -0.003447 -0.058081 0.001216 9.000000 0.064000
917.000000 -0.016774 -0.003363 -0.060095 0.003357 9.000000 0.064000
918.000000 -0.017078 -0.003317 -0.062292 0.008087 9.000000 0.064000
919.000000 -0.017319 -0.003383 -0.058473 0.003177 9.000000 0.064000
920.000000 -0.017638 -0.003373 -0.057242 -0.001078 9.000000 0.064000
921.000000 -0.017956 -0.003363 -0.060386 0.000481 9.000000 0.064000
922.000000 -0.018274 -0.003352 -0.061986 0.001294 9.000000 0.064000
923.000000 -0.018593 -0.003342 -0.062801 0.001726 9.000000 0.064000
924.000000 -0.018911 -0.003331 -0.063215 0.001965 9.000000 0.064000
925.000000 -0.019244 -0.003356 -0.064152 0.000337 9.000000 0.064000
926.000000 -0.019601 -0.003307 -0.066502 0.001391 9.000000 0.064000
927.000000 -0.019904 -0.003259 -0.066249 0.005481 9.000000 0.064000
928.000000 -0.020222 -0.003248 -0.064242 0.005721 9.000000 0.064000
929.000000 -0.020555 -0.003272 -0.064673 0.002327 9.000000 0.064000
930.000000 -0.020889 -0.003296 -0.065623 -0.001150 9.000000 0.064000
931.000000 -0.021260 -0.003282 -0.067981 -0.001031 9.000000 0.064000
932.000000 -0.021578 -0.003270 -0.068453 0.000814 9.000000 0.064000
933.000000 -0.021935 -0.003219 -0.067958 0.003543 9.000000 0.064000
934.000000 -0.022306 -0.003204 -0.070305 0.005062 9.000000 0.064000
935.000000 -0.022677 -0.003189 -0.072232 0.004096 9.000000 0.064000
936.000000 -0.023033 -0.003138 -0.072474 0.005391 9.000000 0.064000
937.000000 -0.023367 -0.003161 -0.070736 0.004197 9.000000 0.064000
938.000000 -0.023738 -0.003145 -0.070584 0.001850 9.000000 0.064000
939.000000 -0.024109 -0.003129 -0.072370 0.002554 9.000000 0.064000
940.000000 -0.024480 -0.003113 -0.073279 0.002937 9.000000 0.064000
941.000000 -0.024851 -0.003096 -0.073741 0.003157 9.000000 0.064000
942.000000 -0.025223 -0.003079 -0.073976 0.003294 9.000000 0.064000
943.000000 -0.025647 -0.003060 -0.076694 0.003516 9.000000 0.064000
944.000000 -0.026018 -0.003042 -0.078077 0.003653 9.000000 0.064000
945.000000 -0.026374 -0.002989 -0.075432 0.005382 9.000000 0.064000
946.000000 -0.026707 -0.003009 -0.072234 0.004398 9.000000 0.064000
947.000000 -0.027131 -0.002989 -0.073948 0.002296 9.000000 0.064000
948.000000 -0.027518 -0.003006 -0.077427 0.001379 9.000000 0.064000
949.000000 -0.027889 -0.002988 -0.076597 0.000807 9.000000 0.064000
950.000000 -0.028298 -0.002930 -0.077268 0.004193 9.000000 0.064000
951.000000 -0.028684 -0.002947 -0.078366 0.004187 9.000000 0.064000
952.000000 -0.029093 -0.002889 -0.078915 0.004214 9.000000 0.064000
953.000000 -0.029479 -0.002905 -0.079202 0.004254 9.000000 0.064000
954.000000 -0.029888 -0.002847 -0.079339 0.004305 9.000000 0.064000
955.000000 -0.030259 -0.002826 -0.078653 0.006109 9.000000 0.064000
956.000000 -0.030683 -0.002803 -0.079057 0.005307 9.000000 0.064000
957.000000 -0.031069 -0.002818 -0.080027 0.003170 9.000000 0.064000
958.000000 -0.031440 -0.002797 -0.077920 0.001959 9.000000 0.064000
959.000000 -0.031864 -0.002773 -0.078684 0.003276 9.000000 0.064000
960.000000 -0.032288 -0.002748 -0.081669 0.004129 9.000000 0.064000
961.000000 -0.032697 -0.002688 -0.082418 0.006345 9.000000 0.064000
962.000000 -0.033083 -0.002701 -0.080972 0.005595 9.000000 0.064000
963.000000 -0.033491 -0.002640 -0.080225 0.005243 9.000000 0.064000
964.000000 -0.033862 -0.002617 -0.079078 0.006837 9.000000 0.064000
965.000000 -0.034286 -0.002591 -0.079259 0.005932 9.000000 0.064000
966.000000 -0.034673 -0.002604 -0.080126 0.003748 9.000000 0.064000
967.000000 -0.035097 -0.002577 -0.080565 0.002668 9.000000 0.064000
968.000000 -0.035505 -0.002514 -0.081835 0.005808 9.000000 0.064000
969.000000 -0.035944 -0.002523 -0.083259 0.005696 9.000000 0.064000
970.000000 -0.036368 -0.002495 -0.084757 0.003925 9.000000 0.064000
971.000000 -0.036776 -0.002431 -0.083959 0.006543 9.000000 0.064000
972.000000 -0.037184 -0.002367 -0.082768 0.009653 9.000000 0.064000
973.000000 -0.037570 -0.002378 -0.081126 0.007597 9.000000 0.064000
974.000000 -0.037957 -0.002388 -0.079256 0.002911 9.000000 0.064000
975.000000 -0.038381 -0.002359 -0.080117 0.002478 9.000000 0.064000
976.000000 -0.038804 -0.002329 -0.082368 0.004213 9.000000 0.064000
977.000000 -0.039228 -0.002299 -0.083513 0.005130 9.000000 0.064000
978.000000 -0.039651 -0.002269 -0.084093 0.005629 9.000000 0.064000
979.000000 -0.040075 -0.002238 -0.084386 0.005916 9.000000 0.064000
980.000000 -0.040535 -0.002168 -0.086334 0.008030 9.000000 0.064000
981.000000 -0.040943 -0.002101 -0.086529 0.010875 9.000000 0.064000
982.000000 -0.041293 -0.002149 -0.081224 0.006548 9.000000 0.064000
983.000000 -0.041716 -0.002117 -0.079309 0.002637 9.000000 0.064000
984.000000 -0.042140 -0.002085 -0.081938 0.004545 9.000000 0.064000
985.000000 -0.042563 -0.002052 -0.083275 0.005549 9.000000 0.064000
986.000000 -0.042986 -0.002019 -0.083953 0.006094 9.000000 0.064000
987.000000 -0.043410 -0.001986 -0.084295 0.006403 9.000000 0.064000
988.000000 -0.043870 -0.001913 -0.086257 0.008540 9.000000 0.064000
989.000000 -0.044309 -0.001915 -0.088061 0.007928 9.000000 0.064000
990.000000 -0.044716 -0.001845 -0.086374 0.007436 9.000000 0.064000
991.000000 -0.045103 -0.001850 -0.082927 0.007000 9.000000 0.064000
992.000000 -0.045526 -0.001816 -0.081970 0.005077 9.000000 0.064000
993.000000 -0.045950 -0.001781 -0.083270 0.006075 9.000000 0.064000
994.000000 -0.046373 -0.001745 -0.083930 0.006616 9.000000 0.064000
995.000000 -0.046832 -0.001670 -0.086041 0.008881 9.000000 0.064000
996.000000 -0.047272 -0.001669 -0.087931 0.008338 9.000000 0.064000
997.000000 -0.047731 -0.001593 -0.088882 0.008101 9.000000 0.064000
998.000000 -0.048171 -0.001591 -0.089373 0.008014 9.000000 0.064000
999.000000 -0.048577 -0.001519 -0.087018 0.007771 9.000000 0.064000
1000.000000 -0.048964 -0.001521 -0.083232 0.007443 9.000000 0.064000
1001.000000 -0.049387 -0.001484 -0.082114 0.005581 9.000000 0.064000
1002.000000 -0.049863 -0.001441 -0.085910 0.006865 9.000000 0.064000
1003.000000 -0.050286 -0.001402 -0.087841 0.007551 9.000000 0.064000
1004.000000 -0.050745 -0.001324 -0.087994 0.009665 9.000000 0.064000
1005.000000 -0.051185 -0.001320 -0.088898 0.009051 9.000000 0.064000
1006.000000 -0.051607 -0.001280 -0.087585 0.006805 9.000000 0.064000
1007.000000 -0.052047 -0.001276 -0.086921 0.005695 9.000000 0.064000
1008.000000 -0.052453 -0.001200 -0.085746 0.006880 9.000000 0.064000
1009.000000 -0.052876 -0.001160 -0.084319 0.009238 9.000000 0.064000
1010.000000 -0.053315 -0.001154 -0.085250 0.007031 9.000000 0.064000
1011.000000 -0.053774 -0.001073 -0.087475 0.007916 9.000000 0.064000
1012.000000 -0.054233 -0.000991 -0.089528 0.012100 9.000000 0.064000
1013.000000 -0.054672 -0.000985 -0.089652 0.010571 9.000000 0.064000
1014.000000 -0.055112 -0.000978 -0.088795 0.006131 9.000000 0.064000
1015.000000 -0.055570 -0.000895 -0.089267 0.007603 9.000000 0.064000
1016.000000 -0.055976 -0.000817 -0.087826 0.011816 9.000000 0.064000
1017.000000 -0.056415 -0.000809 -0.086181 0.010300 9.000000 0.064000
1018.000000 -0.056838 -0.000766 -0.086178 0.007841 9.000000 0.064000
1019.000000 -0.057296 -0.000681 -0.087074 0.010326 9.000000 0.064000
1020.000000 -0.057735 -0.000672 -0.088377 0.009911 9.000000 0.064000
1021.000000 -0.058210 -0.000622 -0.089879 0.008027 9.000000 0.064000
1022.000000 -0.058633 -0.000577 -0.089797 0.008811 9.000000 0.064000
1023.000000 -0.059072 -0.000567 -0.088016 0.007257 9.000000 0.064000
1024.000000 -0.059530 -0.000481 -0.088837 0.008493 9.000000 0.064000
1025.000000 -0.059987 -0.000395 -0.090135 0.012864 9.000000 0.064000
1026.000000 -0.060374 -0.000389 -0.087326 0.011128 9.000000 0.064000
1027.000000 -0.060832 -0.000302 -0.085882 0.010283 9.000000 0.064000
1028.000000 -0.061307 -0.000249 -0.089466 0.012174 9.000000 0.064000
1029.000000 -0.061746 -0.000237 -0.090416 0.009466 9.000000 0.064000
1030.000000 -0.062168 -0.000189 -0.088309 0.007827 9.000000 0.064000
1031.000000 -0.062643 -0.000136 -0.088961 0.009034 9.000000 0.064000
1032.000000 -0.063082 -0.000122 -0.090155 0.007975 9.000000 0.064000
1033.000000 -0.063557 -0.000068 -0.090758 0.007477 9.000000 0.064000
1034.000000 -0.063996 0.000057 -0.091048 0.012672 9.000000 0.064000
1035.000000 -0.064436 0.000072 -0.089478 0.013348 9.000000 0.064000
1036.000000 -0.064910 0.000127 -0.090399 0.010325 9.000000 0.064000
1037.000000 -0.065332 0.000177 -0.090000 0.010518 9.000000 0.064000
1038.000000 -0.065806 0.000234 -0.089792 0.010658 9.000000 0.064000
1039.000000 -0.066246 0.000250 -0.090558 0.009060 9.000000 0.064000
1040.000000 -0.066720 0.000307 -0.090942 0.008288 9.000000 0.064000
1041.000000 -0.067194 0.000365 -0.092847 0.009950 9.000000 0.064000
1042.000000 -0.067686 0.000499 -0.094634 0.014556 9.000000 0.064000
1043.000000 -0.068160 0.000558 -0.095541 0.016944 9.000000 0.064000
1044.000000 -0.068564 0.000534 -0.091766 0.010431 9.000000 0.064000
1045.000000 -0.069020 0.000628 -0.088953 0.008849 9.000000 0.064000
1046.000000 -0.069494 0.000688 -0.090926 0.012125 9.000000 0.064000
1047.000000 -0.069986 0.000714 -0.093692 0.010447 9.000000 0.064000
1048.000000 -0.070442 0.000809 -0.094206 0.011324 9.000000 0.064000
1049.000000 -0.070951 0.000911 -0.095272 0.015540 9.000000 0.064000
1050.000000 -0.071442 0.000938 -0.097586 0.014343 9.000000 0.064000
1051.000000 -0.071934 0.000965 -0.097956 0.010056 9.000000 0.064000
1052.000000 -0.072390 0.001062 -0.096357 0.011291 9.000000 0.064000
1053.000000 -0.072864 0.001125 -0.094650 0.013652 9.000000 0.064000
1054.000000 -0.073355 0.001153 -0.095562 0.011517 9.000000 0.064000
1055.000000 -0.073829 0.001217 -0.096020 0.010469 9.000000 0.064000
1056.000000 -0.074337 0.001322 -0.097034 0.013708 9.000000 0.064000
1057.000000 -0.074863 0.001394 -0.100123 0.015759 9.000000 0.064000
1058.000000 -0.075354 0.001424 -0.100912 0.013120 9.000000 0.064000
1059.000000 -0.075862 0.001531 -0.100400 0.013509 9.000000 0.064000
1060.000000 -0.076388 0.001604 -0.101814 0.015800 9.000000 0.064000
1061.000000 -0.076861 0.001670 -0.100850 0.014961 9.000000 0.064000
1062.000000 -0.077352 0.001702 -0.098686 0.012532 9.000000 0.064000
1063.000000 -0.077912 0.001819 -0.101818 0.013762 9.000000 0.064000
1064.000000 -0.078404 0.001852 -0.103417 0.014431 9.000000 0.064000
1065.000000 -0.078929 0.001927 -0.102553 0.012773 9.000000 0.064000
1066.000000 -0.079455 0.002003 -0.103774 0.014029 9.000000 0.064000
1067.000000 -0.079999 0.002045 -0.105307 0.013044 9.000000 0.064000
1068.000000 -0.080524 0.002122 -0.106080 0.012591 9.000000 0.064000
1069.000000 -0.081083 0.002242 -0.107205 0.016153 9.000000 0.064000
1070.000000 -0.081608 0.002320 -0.107771 0.018016 9.000000 0.064000
1071.000000 -0.082099 0.002356 -0.104745 0.014887 9.000000 0.064000
1072.000000 -0.082658 0.002477 -0.104842 0.015412 9.000000 0.064000
1073.000000 -0.083202 0.002522 -0.107468 0.016120 9.000000 0.064000
1074.000000 -0.083779 0.002610 -0.109716 0.014870 9.000000 0.064000
1075.000000 -0.084337 0.002733 -0.111571 0.018029 9.000000 0.064000
1076.000000 -0.084881 0.002780 -0.110870 0.017623 9.000000 0.064000
1077.000000 -0.085458 0.002870 -0.111428 0.015806 9.000000 0.064000
1078.000000 -0.086035 0.002961 -0.113348 0.017012 9.000000 0.064000
1079.000000 -0.086559 0.003043 -0.111746 0.017270 9.000000 0.064000
1080.000000 -0.087103 0.003092 -0.109291 0.015379 9.000000 0.064000
1081.000000 -0.087680 0.003185 -0.110601 0.014885 9.000000 0.064000
1082.000000 -0.088256 0.003277 -0.112894 0.016772 9.000000 0.064000
1083.000000 -0.088833 0.003371 -0.114052 0.017795 9.000000 0.064000
1084.000000 -0.089409 0.003465 -0.114631 0.018376 9.000000 0.064000
1085.000000 -0.090005 0.003526 -0.115867 0.017074 9.000000 0.064000
1086.000000 -0.090581 0.003621 -0.116485 0.016470 9.000000 0.064000
1087.000000 -0.091190 0.003759 -0.117459 0.019979 9.000000 0.064000
1088.000000 -0.091766 0.003856 -0.117945 0.021824 9.000000 0.064000
1089.000000 -0.092309 0.003910 -0.114954 0.018636 9.000000 0.064000
1090.000000 -0.092904 0.003974 -0.114378 0.015418 9.000000 0.064000
1091.000000 -0.093500 0.004038 -0.116651 0.014279 9.000000 0.064000
1092.000000 -0.094075 0.004137 -0.116843 0.015414 9.000000 0.064000
1093.000000 -0.094703 0.004246 -0.118539 0.018163 9.000000 0.064000
1094.000000 -0.095298 0.004312 -0.120359 0.017973 9.000000 0.064000
1095.000000 -0.095874 0.004413 -0.118708 0.017487 9.000000 0.064000
1096.000000 -0.096501 0.004524 -0.119458 0.019415 9.000000 0.064000
1097.000000 -0.097077 0.004626 -0.119829 0.020454 9.000000 0.064000
1098.000000 -0.097671 0.004695 -0.118417 0.018942 9.000000 0.064000
1099.000000 -0.098299 0.004808 -0.120247 0.018703 9.000000 0.064000
1100.000000 -0.098893 0.004878 -0.121178 0.018644 9.000000 0.064000
1101.000000 -0.099488 0.004949 -0.120057 0.016568 9.000000 0.064000
1102.000000 -0.100083 0.005021 -0.119483 0.015573 9.000000 0.064000
1103.000000 -0.100710 0.005136 -0.120764 0.017252 9.000000 0.064000
1104.000000 -0.101356 0.005219 -0.123974 0.018659 9.000000 0.064000
1105.000000 -0.101983 0.005336 -0.125593 0.019447 9.000000 0.064000
1106.000000 -0.102557 0.005444 -0.122867 0.021066 9.000000 0.064000
1107.000000 -0.103120 0.005476 -0.118329 0.017703 9.000000 0.064000
1108.000000 -0.103746 0.005595 -0.118560 0.016546 9.000000 0.064000
1109.000000 -0.104360 0.005638 -0.121247 0.016512 9.000000 0.064000
1110.000000 -0.104987 0.005758 -0.122597 0.016568 9.000000 0.064000
1111.000000 -0.105581 0.005836 -0.122295 0.018293 9.000000 0.064000
1112.000000 -0.106227 0.005924 -0.123124 0.017617 9.000000 0.064000
1113.000000 -0.106853 0.006047 -0.125096 0.019474 9.000000 0.064000
1114.000000 -0.107467 0.006094 -0.124545 0.018356 9.000000 0.064000
1115.000000 -0.108093 0.006218 -0.124247 0.017857 9.000000 0.064000
1116.000000 -0.108687 0.006299 -0.123094 0.019293 9.000000 0.064000
1117.000000 -0.109301 0.006347 -0.121956 0.016327 9.000000 0.064000
1118.000000 -0.109947 0.006440 -0.123926 0.015407 9.000000 0.064000
1119.000000 -0.110540 0.006523 -0.123920 0.016625 9.000000 0.064000
1120.000000 -0.111186 0.006618 -0.123910 0.017324 9.000000 0.064000
1121.000000 -0.111832 0.006713 -0.126452 0.018278 9.000000 0.064000
1122.000000 -0.112446 0.006765 -0.126209 0.016685 9.000000 0.064000
1123.000000 -0.113019 0.006884 -0.122502 0.017021 9.000000 0.064000
1124.000000 -0.113633 0.006938 -0.120619 0.017261 9.000000 0.064000
1125.000000 -0.114247 0.006992 -0.121696 0.014215 9.000000 0.064000
1126.000000 -0.114893 0.007091 -0.123771 0.014895 9.000000 0.064000
1127.000000 -0.115538 0.007190 -0.126353 0.017473 9.000000 0.064000
1128.000000 -0.116131 0.007280 -0.125109 0.018306 9.000000 0.064000
1129.000000 -0.116746 0.007337 -0.122952 0.016640 9.000000 0.064000
1130.000000 -0.117360 0.007394 -0.122883 0.014248 9.000000 0.064000
1131.000000 -0.118005 0.007497 -0.124362 0.015268 9.000000 0.064000
1132.000000 -0.118577 0.007622 -0.123038 0.019061 9.000000 0.064000
1133.000000 -0.119191 0.007681 -0.120850 0.018898 9.000000 0.064000
1134.000000 -0.119774 0.007698 -0.120301 0.013494 9.000000 0.064000
1135.000000 -0.120389 0.007759 -0.120024 0.010812 9.000000 0.064000
1136.000000 -0.120982 0.007854 -0.120348 0.013281 9.000000 0.064000
1137.000000 -0.121596 0.007916 -0.120516 0.014609 9.000000 0.064000
1138.000000 -0.122241 0.008024 -0.123139 0.015935 9.000000 0.064000
1139.000000 -0.122803 0.008076 -0.121932 0.016090 9.000000 0.064000
1140.000000 -0.123417 0.008141 -0.119816 0.014063 9.000000 0.064000
1141.000000 -0.123988 0.008271 -0.119172 0.016861 9.000000 0.064000
1142.000000 -0.124520 0.008281 -0.114817 0.015574 9.000000 0.064000
1143.000000 -0.125134 0.008347 -0.114699 0.011798 9.000000 0.064000
1144.000000 -0.125727 0.008447 -0.117619 0.014301 9.000000 0.064000
1145.000000 -0.126311 0.008470 -0.117628 0.013457 9.000000 0.064000
1146.000000 -0.126873 0.008527 -0.116145 0.010897 9.000000 0.064000
1147.000000 -0.127435 0.008584 -0.114333 0.011241 9.000000 0.064000
1148.000000 -0.128050 0.008654 -0.115956 0.012086 9.000000 0.064000
1149.000000 -0.128590 0.008745 -0.115712 0.014153 9.000000 0.064000
1150.000000 -0.129153 0.008803 -0.113046 0.014661 9.000000 0.064000
1151.000000 -0.129715 0.008863 -0.112755 0.013391 9.000000 0.064000
1152.000000 -0.130226 0.008911 -0.110066 0.012178 9.000000 0.064000
1153.000000 -0.130810 0.008939 -0.109777 0.010043 9.000000 0.064000
1154.000000 -0.131350 0.009032 -0.111093 0.011202 9.000000 0.064000
1155.000000 -0.131883 0.009049 -0.109234 0.011227 9.000000 0.064000
1156.000000 -0.132445 0.009112 -0.109361 0.009719 9.000000 0.064000
1157.000000 -0.133008 0.009174 -0.110894 0.011210 9.000000 0.064000
1158.000000 -0.133548 0.009270 -0.110587 0.013599 9.000000 0.064000
1159.000000 -0.134059 0.009321 -0.107892 0.014234 9.000000 0.064000
1160.000000 -0.134540 0.009328 -0.103611 0.010188 9.000000 0.064000
1161.000000 -0.135103 0.009393 -0.103972 0.008819 9.000000 0.064000
1162.000000 -0.135636 0.009414 -0.106710 0.008808 9.000000 0.064000
1163.000000 -0.136146 0.009467 -0.105564 0.008212 9.000000 0.064000
1164.000000 -0.136687 0.009566 -0.105335 0.011743 9.000000 0.064000
1165.000000 -0.137198 0.009620 -0.105221 0.013587 9.000000 0.064000
1166.000000 -0.137708 0.009675 -0.103715 0.012363 9.000000 0.064000
1167.000000 -0.138242 0.009698 -0.104054 0.010225 9.000000 0.064000
1168.000000 -0.138730 0.009786 -0.103123 0.010742 9.000000 0.064000
1169.000000 -0.139212 0.009796 -0.100121 0.010396 9.000000 0.064000
1170.000000 -0.139693 0.009808 -0.098260 0.006481 9.000000 0.064000
1171.000000 -0.140234 0.009910 -0.100181 0.008978 9.000000 0.064000
1172.000000 -0.140693 0.009954 -0.100061 0.011846 9.000000 0.064000
1173.000000 -0.141204 0.010012 -0.098565 0.011137 9.000000 0.064000
1174.000000 -0.141686 0.010026 -0.098920 0.009258 9.000000 0.064000
1175.000000 -0.142174 0.010116 -0.097986 0.009902 9.000000 0.064000
1176.000000 -0.142656 0.010130 -0.097522 0.010273 9.000000 0.064000
1177.000000 -0.143122 0.010254 -0.096159 0.012054 9.000000 0.064000
1178.000000 -0.143552 0.010255 -0.092941 0.012321 9.000000 0.064000
1179.000000 -0.144063 0.010316 -0.093527 0.009401 9.000000 0.064000
1180.000000 -0.144546 0.010331 -0.096375 0.008634 9.000000 0.064000
1181.000000 -0.144982 0.010411 -0.094166 0.009147 9.000000 0.064000
1182.000000 -0.145442 0.010459 -0.091926 0.010997 9.000000 0.064000
1183.000000 -0.145924 0.010476 -0.093032 0.008886 9.000000 0.064000
1184.000000 -0.146361 0.010557 -0.092469 0.009391 9.000000 0.064000
1185.000000 -0.146820 0.010606 -0.091064 0.011234 9.000000 0.064000
1186.000000 -0.147280 0.010656 -0.091473 0.010666 9.000000 0.064000
1187.000000 -0.147688 0.010692 -0.089149 0.009712 9.000000 0.064000
1188.000000 -0.148124 0.010774 -0.086833 0.010805 9.000000 0.064000
1189.000000 -0.148555 0.010779 -0.086792 0.009853 9.000000 0.064000
1190.000000 -0.149015 0.010830 -0.087902 0.007867 9.000000 0.064000
1191.000000 -0.149423 0.010868 -0.087340 0.008424 9.000000 0.064000
1192.000000 -0.149882 0.010920 -0.087056 0.008748 9.000000 0.064000
1193.000000 -0.150342 0.010972 -0.089447 0.009657 9.000000 0.064000
1194.000000 -0.150750 0.011010 -0.088134 0.009443 9.000000 0.064000
1195.000000 -0.151164 0.011126 -0.085180 0.012436 9.000000 0.064000
1196.000000 -0.151543 0.011119 -0.082292 0.011740 9.000000 0.064000
1197.000000 -0.151951 0.011159 -0.080565 0.007635 9.000000 0.064000
1198.000000 -0.152359 0.011198 -0.081083 0.007822 9.000000 0.064000
1199.000000 -0.152768 0.011238 -0.081349 0.007948 9.000000 0.064000
1200.000000 -0.153228 0.011293 -0.084020 0.008771 9.000000 0.064000
1201.000000 -0.153636 0.011334 -0.085383 0.009220 9.000000 0.064000
1202.000000 -0.154021 0.011406 -0.082395 0.010282 9.000000 0.064000
1203.000000 -0.154429 0.011447 -0.080876 0.010854 9.000000 0.064000
1204.000000 -0.154814 0.011520 -0.080098 0.011171 9.000000 0.064000
1205.000000 -0.155198 0.011593 -0.078549 0.012886 9.000000 0.064000
1206.000000 -0.155579 0.011589 -0.077541 0.010005 9.000000 0.064000
1207.000000 -0.155987 0.011631 -0.078181 0.007045 9.000000 0.064000
1208.000000 -0.156395 0.011674 -0.079888 0.007824 9.000000 0.064000
1209.000000 -0.156752 0.011702 -0.078230 0.007508 9.000000 0.064000
1210.000000 -0.157160 0.011745 -0.077388 0.007380 9.000000 0.064000
1211.000000 -0.157569 0.011789 -0.079492 0.008083 9.000000 0.064000
1212.000000 -0.157954 0.011864 -0.079401 0.009988 9.000000 0.064000
1213.000000 -0.158315 0.011970 -0.077027 0.014019 9.000000 0.064000
1214.000000 -0.158695 0.011968 -0.075619 0.012320 9.000000 0.064000
1215.000000 -0.159080 0.012044 -0.076059 0.009964 9.000000 0.064000
1216.000000 -0.159437 0.012074 -0.075125 0.010302 9.000000 0.064000
1217.000000 -0.159794 0.012104 -0.073287 0.008233 9.000000 0.064000
1218.000000 -0.160202 0.012149 -0.074883 0.007962 9.000000 0.064000
1219.000000 -0.160583 0.012149 -0.076872 0.006338 9.000000 0.064000
1220.000000 -0.160944 0.012257 -0.075538 0.008558 9.000000 0.064000
1221.000000 -0.161329 0.012334 -0.075047 0.013497 9.000000 0.064000
1222.000000 -0.161686 0.012365 -0.074612 0.012256 9.000000 0.064000
1223.000000 -0.162043 0.012397 -0.073037 0.009377 9.000000 0.064000
1224.000000 -0.162428 0.012475 -0.073587 0.010209 9.000000 0.064000
1225.000000 -0.162785 0.012507 -0.073871 0.010655 9.000000 0.064000
1226.000000 -0.163142 0.012539 -0.072666 0.008634 9.000000 0.064000
1227.000000 -0.163499 0.012572 -0.072055 0.007628 9.000000 0.064000
1228.000000 -0.163884 0.012651 -0.073090 0.009417 9.000000 0.064000
1229.000000 -0.164244 0.012761 -0.073778 0.014130 9.000000 0.064000
1230.000000 -0.164625 0.012764 -0.073971 0.012781 9.000000 0.064000
1231.000000 -0.164959 0.012828 -0.072720 0.009836 9.000000 0.064000
1232.000000 -0.165264 0.012846 -0.068381 0.009077 9.000000 0.064000
1233.000000 -0.165649 0.012926 -0.068692 0.009496 9.000000 0.064000
1234.000000 -0.165982 0.012991 -0.070190 0.012007 9.000000 0.064000
1235.000000 -0.166366 0.013072 -0.070949 0.013315 9.000000 0.064000
1236.000000 -0.166724 0.013107 -0.072526 0.012507 9.000000 0.064000
1237.000000 -0.167081 0.013142 -0.071995 0.009838 9.000000 0.064000
1238.000000 -0.167414 0.013208 -0.070534 0.009994 9.000000 0.064000
1239.000000 -0.167799 0.013290 -0.071121 0.012384 9.000000 0.064000
1240.000000 -0.168104 0.013309 -0.070091 0.011333 9.000000 0.064000
1241.000000 -0.168437 0.013376 -0.067040 0.010028 9.000000 0.064000
1242.000000 -0.168770 0.013442 -0.066815 0.011668 9.000000 0.064000
1243.000000 -0.169128 0.013478 -0.067897 0.011036 9.000000 0.064000
1244.000000 -0.169488 0.013592 -0.069766 0.013024 9.000000 0.064000
1245.000000 -0.169845 0.013629 -0.070723 0.014061 9.000000 0.064000
1246.000000 -0.170178 0.013696 -0.069882 0.012321 9.000000 0.064000
1247.000000 -0.170535 0.013734 -0.069458 0.011459 9.000000 0.064000
1248.000000 -0.170868 0.013801 -0.069239 0.011039 9.000000 0.064000
1249.000000 -0.171174 0.013823 -0.066611 0.010039 9.000000 0.064000
1250.000000 -0.171534 0.013938 -0.066583 0.011844 9.000000 0.064000
1251.000000 -0.171867 0.014006 -0.067886 0.015076 9.000000 0.064000
1252.000000 -0.172200 0.014075 -0.067230 0.014450 9.000000 0.064000
1253.000000 -0.172533 0.014144 -0.066894 0.014152 9.000000 0.064000
1254.000000 -0.172865 0.014213 -0.066721 0.014020 9.000000 0.064000
1255.000000 -0.173223 0.014252 -0.067841 0.012495 9.000000 0.064000
1256.000000 -0.173582 0.014368 -0.069715 0.014038 9.000000 0.064000
1257.000000 -0.173915 0.014438 -0.069461 0.016325 9.000000 0.064000
1258.000000 -0.174194 0.014414 -0.065414 0.010610 9.000000 0.064000
1259.000000 -0.174502 0.014515 -0.062134 0.009195 9.000000 0.064000
1260.000000 -0.174835 0.014585 -0.063076 0.013091 9.000000 0.064000
1261.000000 -0.175193 0.014626 -0.065981 0.012146 9.000000 0.064000
1262.000000 -0.175525 0.014696 -0.067459 0.011685 9.000000 0.064000
1263.000000 -0.175833 0.014797 -0.065778 0.014419 9.000000 0.064000
1264.000000 -0.176191 0.014838 -0.066139 0.014361 9.000000 0.064000
1265.000000 -0.176550 0.014957 -0.068829 0.015184 9.000000 0.064000
1266.000000 -0.176857 0.015059 -0.067760 0.018566 9.000000 0.064000
1267.000000 -0.177164 0.015083 -0.064625 0.015698 9.000000 0.064000
1268.000000 -0.177496 0.015155 -0.064244 0.012786 9.000000 0.064000
1269.000000 -0.177804 0.015258 -0.064119 0.015095 9.000000 0.064000
1270.000000 -0.178110 0.015283 -0.062766 0.013982 9.000000 0.064000
1271.000000 -0.178467 0.015326 -0.064521 0.010502 9.000000 0.064000
1272.000000 -0.178775 0.015428 -0.065478 0.012520 9.000000 0.064000
1273.000000 -0.179107 0.015501 -0.064740 0.015038 9.000000 0.064000
1274.000000 -0.179440 0.015575 -0.065585 0.014874 9.000000 0.064000
1275.000000 -0.179772 0.015648 -0.066014 0.014811 9.000000 0.064000
1276.000000 -0.180078 0.015674 -0.064951 0.012486 9.000000 0.064000
1277.000000 -0.180386 0.015778 -0.063174 0.012782 9.000000 0.064000
1278.000000 -0.180718 0.015852 -0.063551 0.015266 9.000000 0.064000
1279.000000 -0.181025 0.015956 -0.063735 0.016548 9.000000 0.064000
1280.000000 -0.181356 0.015954 -0.063788 0.013447 9.000000 0.064000
1281.000000 -0.181664 0.016058 -0.063806 0.011883 9.000000 0.064000
1282.000000 -0.181970 0.016086 -0.062589 0.012565 9.000000 0.064000
1283.000000 -0.182328 0.016208 -0.064469 0.013792 9.000000 0.064000
1284.000000 -0.182609 0.016266 -0.064193 0.015889 9.000000 0.064000
1285.000000 -0.182915 0.016294 -0.061507 0.012342 9.000000 0.064000
1286.000000 -0.183222 0.016322 -0.061377 0.009095 9.000000 0.064000
1287.000000 -0.183529 0.016428 -0.061339 0.011232 9.000000 0.064000
1288.000000 -0.183861 0.016504 -0.062589 0.014661 9.000000 0.064000
1289.000000 -0.184193 0.016580 -0.064461 0.014973 9.000000 0.064000
1290.000000 -0.184499 0.016609 -0.064150 0.012830 9.000000 0.064000
1291.000000 -0.184831 0.016685 -0.063989 0.011759 9.000000 0.064000
1292.000000 -0.185138 0.016715 -0.063911 0.011230 9.000000 0.064000
1293.000000 -0.185419 0.016851 -0.061374 0.013877 9.000000 0.064000
1294.000000 -0.185725 0.016804 -0.060076 0.011470 9.000000 0.064000
1295.000000 -0.186031 0.016834 -0.060642 0.005038 9.000000 0.064000
1296.000000 -0.186338 0.016941 -0.060956 0.009324 9.000000 0.064000
1297.000000 -0.186644 0.016971 -0.061120 0.011526 9.000000 0.064000
1298.000000 -0.186925 0.017031 -0.059941 0.010337 9.000000 0.064000
1299.000000 -0.187283 0.017080 -0.061849 0.010635 9.000000 0.064000
1300.000000 -0.187615 0.017158 -0.065323 0.011688 9.000000 0.064000
1301.000000 -0.187896 0.017219 -0.063337 0.012801 9.000000 0.064000
1302.000000 -0.188176 0.017280 -0.059819 0.012499 9.000000 0.064000
1303.000000 -0.188457 0.017263 -0.058033 0.008587 9.000000 0.064000
1304.000000 -0.188738 0.017248 -0.057131 0.002838 9.000000 0.064000
1305.000000 -0.189019 0.017309 -0.056668 0.003694 9.000000 0.064000
1306.000000 -0.189326 0.017341 -0.057685 0.006479 9.000000 0.064000
1307.000000 -0.189607 0.017402 -0.058200 0.007912 9.000000 0.064000
1308.000000 -0.189913 0.017434 -0.058465 0.008661 9.000000 0.064000
1309.000000 -0.190220 0.017467 -0.059860 0.007621 9.000000 0.064000
1310.000000 -0.190526 0.017499 -0.060573 0.007109 9.000000 0.064000
1311.000000 -0.190756 0.017543 -0.057172 0.007397 9.000000 0.064000
1312.000000 -0.191038 0.017529 -0.054204 0.005227 9.000000 0.064000
1313.000000 -0.191319 0.017591 -0.055192 0.005033 9.000000 0.064000
1314.000000 -0.191600 0.017577 -0.055704 0.004950 9.000000 0.064000
1315.000000 -0.191907 0.017610 -0.057229 0.003492 9.000000 0.064000
1316.000000 -0.192162 0.017625 -0.056745 0.004194 9.000000 0.064000
1317.000000 -0.192444 0.017611 -0.055267 0.002232 9.000000 0.064000
1318.000000 -0.192725 0.017674 -0.055749 0.003583 9.000000 0.064000
1319.000000 -0.193006 0.017661 -0.056003 0.004287 9.000000 0.064000
1320.000000 -0.193236 0.017706 -0.053626 0.003746 9.000000 0.064000
1321.000000 -0.193467 0.017674 -0.049921 0.002573 9.000000 0.064000
1322.000000 -0.193723 0.017690 -0.049303 0.000558 9.000000 0.064000
1323.000000 -0.194005 0.017677 -0.051499 0.000459 9.000000 0.064000
1324.000000 -0.194236 0.017646 -0.051391 -0.001921 9.000000 0.064000
1325.000000 -0.194518 0.017633 -0.051343 -0.003117 9.000000 0.064000
1326.000000 -0.194774 0.017649 -0.052551 -0.001374 9.000000 0.064000
1327.000000 -0.195030 0.017666 -0.051896 0.000952 9.000000 0.064000
1328.000000 -0.195286 0.017683 -0.051565 0.002149 9.000000 0.064000
1329.000000 -0.195516 0.017729 -0.050119 0.004192 9.000000 0.064000
1330.000000 -0.195722 0.017650 -0.046939 0.000556 9.000000 0.064000
1331.000000 -0.195978 0.017667 -0.046597 -0.002705 9.000000 0.064000
1332.000000 -0.196210 0.017637 -0.047655 -0.002013 9.000000 0.064000
1333.000000 -0.196441 0.017606 -0.046975 -0.003993 9.000000 0.064000
1334.000000 -0.196672 0.017576 -0.046635 -0.004991 9.000000 0.064000
1335.000000 -0.196930 0.017517 -0.047751 -0.006904 9.000000 0.064000
1336.000000 -0.197135 0.017516 -0.047040 -0.006453 9.000000 0.064000
1337.000000 -0.197367 0.017486 -0.045404 -0.004794 9.000000 0.064000
1338.000000 -0.197546 0.017514 -0.043286 -0.002528 9.000000 0.064000
1339.000000 -0.197753 0.017436 -0.040995 -0.003709 9.000000 0.064000
1340.000000 -0.197960 0.017358 -0.041182 -0.009479 9.000000 0.064000
1341.000000 -0.198191 0.017329 -0.042503 -0.010061 9.000000 0.064000
1342.000000 -0.198372 0.017280 -0.041897 -0.008937 9.000000 0.064000
1343.000000 -0.198578 0.017280 -0.040304 -0.006942 9.000000 0.064000
1344.000000 -0.198785 0.017203 -0.040788 -0.007329 9.000000 0.064000
1345.000000 -0.199017 0.017173 -0.042327 -0.008927 9.000000 0.064000
1346.000000 -0.199224 0.017097 -0.043120 -0.009732 9.000000 0.064000
1347.000000 -0.199379 0.017077 -0.039730 -0.009664 9.000000 0.064000
1348.000000 -0.199535 0.016981 -0.035506 -0.010561 9.000000 0.064000
1349.000000 -0.199716 0.016933 -0.034647 -0.012421 9.000000 0.064000
1350.000000 -0.199897 0.016886 -0.035430 -0.011014 9.000000 0.064000
1351.000000 -0.200105 0.016809 -0.037129 -0.011695 9.000000 0.064000
1352.000000 -0.200286 0.016761 -0.037999 -0.012035 9.000000 0.064000
1353.000000 -0.200469 0.016637 -0.037238 -0.014547 9.000000 0.064000
1354.000000 -0.200675 0.016637 -0.038067 -0.013471 9.000000 0.064000
1355.000000 -0.200832 0.016542 -0.037203 -0.011510 9.000000 0.064000
1356.000000 -0.200962 0.016475 -0.033043 -0.013802 9.000000 0.064000
1357.000000 -0.201119 0.016380 -0.030931 -0.014963 9.000000 0.064000
1358.000000 -0.201276 0.016285 -0.031156 -0.016953 9.000000 0.064000
1359.000000 -0.201433 0.016190 -0.031278 -0.017960 9.000000 0.064000
1360.000000 -0.201590 0.016095 -0.031346 -0.018467 9.000000 0.064000
1361.000000 -0.201747 0.016000 -0.031388 -0.018718 9.000000 0.064000
1362.000000 -0.201880 0.015857 -0.030204 -0.021191 9.000000 0.064000
1363.000000 -0.202062 0.015810 -0.030818 -0.020093 9.000000 0.064000
1364.000000 -0.202219 0.015715 -0.032348 -0.017177 9.000000 0.064000
1365.000000 -0.202300 0.015553 -0.028198 -0.021340 9.000000 0.064000
1366.000000 -0.202406 0.015439 -0.023574 -0.024409 9.000000 0.064000
1367.000000 -0.202564 0.015344 -0.024950 -0.022663 9.000000 0.064000
1368.000000 -0.202670 0.015230 -0.025654 -0.021771 9.000000 0.064000
1369.000000 -0.202803 0.015088 -0.024809 -0.023660 9.000000 0.064000
1370.000000 -0.202936 0.014945 -0.025689 -0.026013 9.000000 0.064000
1371.000000 -0.203069 0.014803 -0.026144 -0.027205 9.000000 0.064000
1372.000000 -0.203202 0.014661 -0.026383 -0.027806 9.000000 0.064000
1373.000000 -0.203309 0.014547 -0.025202 -0.026714 9.000000 0.064000
1374.000000 -0.203415 0.014433 -0.023299 -0.024759 9.000000 0.064000
1375.000000 -0.203522 0.014319 -0.022333 -0.023760 9.000000 0.064000
1376.000000 -0.203628 0.014206 -0.021845 -0.023246 9.000000 0.064000
1377.000000 -0.203762 0.014064 -0.022911 -0.024371 9.000000 0.064000
1378.000000 -0.203868 0.013950 -0.023458 -0.024941 9.000000 0.064000
1379.000000 -0.204002 0.013808 -0.023744 -0.025224 9.000000 0.064000
1380.000000 -0.204135 0.013666 -0.025206 -0.026754 9.000000 0.064000
1381.000000 -0.204242 0.013553 -0.024645 -0.026138 9.000000 0.064000
1382.000000 -0.204323 0.013468 -0.021739 -0.023043 9.000000 0.064000
1383.000000 -0.204430 0.013355 -0.020262 -0.021462 9.000000 0.064000
1384.000000 -0.204563 0.013213 -0.022140 -0.023429 9.000000 0.064000
1385.000000 -0.204646 0.013052 -0.021889 -0.026777 9.000000 0.064000
1386.000000 -0.204728 0.012891 -0.019241 -0.029441 9.000000 0.064000
1387.000000 -0.204837 0.012701 -0.019212 -0.032179 9.000000 0.064000
1388.000000 -0.204920 0.012540 -0.019200 -0.033570 9.000000 0.064000
1389.000000 -0.205029 0.012351 -0.019201 -0.034272 9.000000 0.064000
1390.000000 -0.205060 0.012170 -0.016672 -0.035592 9.000000 0.064000
1391.000000 -0.205091 0.011990 -0.011540 -0.035839 9.000000 0.064000
1392.000000 -0.205199 0.011877 -0.012673 -0.032648 9.000000 0.064000
1393.000000 -0.205281 0.011716 -0.015784 -0.030053 9.000000 0.064000
1394.000000 -0.205364 0.011555 -0.016159 -0.031076 9.000000 0.064000
1395.000000 -0.205447 0.011394 -0.016354 -0.031593 9.000000 0.064000
1396.000000 -0.205505 0.011186 -0.015242 -0.034200 9.000000 0.064000
1397.000000 -0.205587 0.011025 -0.014680 -0.035525 9.000000 0.064000
1398.000000 -0.205670 0.010865 -0.015611 -0.033846 9.000000 0.064000
1399.000000 -0.205702 0.010684 -0.013551 -0.033955 9.000000 0.064000
1400.000000 -0.205758 0.010552 -0.011183 -0.032628 9.000000 0.064000
1401.000000 -0.205814 0.010419 -0.011194 -0.029601 9.000000 0.064000
1402.000000 -0.205896 0.010259 -0.012525 -0.029434 9.000000 0.064000
1403.000000 -0.205980 0.010099 -0.014528 -0.030725 9.000000 0.064000
1404.000000 -0.206036 0.009966 -0.014229 -0.030001 9.000000 0.064000
1405.000000 -0.206119 0.009806 -0.014080 -0.029628 9.000000 0.064000
1406.000000 -0.206175 0.009674 -0.014006 -0.029435 9.000000 0.064000
1407.000000 -0.206233 0.009466 -0.012754 -0.031680 9.000000 0.064000
1408.000000 -0.206264 0.009286 -0.010898 -0.035168 9.000000 0.064000
1409.000000 -0.206294 0.009182 -0.008522 -0.031843 9.000000 0.064000
1410.000000 -0.206375 0.009097 -0.009751 -0.025452 9.000000 0.064000
1411.000000 -0.206431 0.008965 -0.011704 -0.023571 9.000000 0.064000
1412.000000 -0.206487 0.008833 -0.011482 -0.024956 9.000000 0.064000
1413.000000 -0.206568 0.008749 -0.012591 -0.023313 9.000000 0.064000
1414.000000 -0.206625 0.008617 -0.013158 -0.022474 9.000000 0.064000
1415.000000 -0.206708 0.008457 -0.013558 -0.025763 9.000000 0.064000
1416.000000 -0.206739 0.008277 -0.012544 -0.029783 9.000000 0.064000
1417.000000 -0.206769 0.008173 -0.009372 -0.029081 9.000000 0.064000
1418.000000 -0.206823 0.008117 -0.008869 -0.022657 9.000000 0.064000
1419.000000 -0.206877 0.008061 -0.009833 -0.017037 9.000000 0.064000
1420.000000 -0.206958 0.007977 -0.011655 -0.015544 9.000000 0.064000
1421.000000 -0.206988 0.007874 -0.011364 -0.017129 9.000000 0.064000
1422.000000 -0.207042 0.007818 -0.009888 -0.016563 9.000000 0.064000
1423.000000 -0.207098 0.007686 -0.010467 -0.017644 9.000000 0.064000
1424.000000 -0.207180 0.007602 -0.012095 -0.019565 9.000000 0.064000
1425.000000 -0.207209 0.007498 -0.011594 -0.019171 9.000000 0.064000
1426.000000 -0.207238 0.007394 -0.008789 -0.019943 9.000000 0.064000
1427.000000 -0.207265 0.007366 -0.007250 -0.016620 9.000000 0.064000
1428.000000 -0.207345 0.007358 -0.008908 -0.010234 9.000000 0.064000
1429.000000 -0.207374 0.007254 -0.009864 -0.010696 9.000000 0.064000
1430.000000 -0.207428 0.007199 -0.009132 -0.013277 9.000000 0.064000
1431.000000 -0.207455 0.007171 -0.008648 -0.010875 9.000000 0.064000
1432.000000 -0.207510 0.007115 -0.008402 -0.009650 9.000000 0.064000
1433.000000 -0.207564 0.007059 -0.009610 -0.010395 9.000000 0.064000
1434.000000 -0.207618 0.007003 -0.010227 -0.010774 9.000000 0.064000
1435.000000 -0.207646 0.006975 -0.009208 -0.009597 9.000000 0.064000
1436.000000 -0.207646 0.006975 -0.006024 -0.006259 9.000000 0.064000
1437.000000 -0.207673 0.006947 -0.004402 -0.004558 9.000000 0.064000
1438.000000 -0.207700 0.006919 -0.004909 -0.005061 9.000000 0.064000
1439.000000 -0.207727 0.006891 -0.005167 -0.005316 9.000000 0.064000
1440.000000 -0.207754 0.006863 -0.005299 -0.005446 9.000000 0.064000
1441.000000 -0.207754 0.006863 -0.004033 -0.004144 9.000000 0.064000
1442.000000 -0.207809 0.006808 -0.004722 -0.004848 9.000000 0.064000
1443.000000 -0.207809 0.006808 -0.005072 -0.005208 9.000000 0.064000
1444.000000 -0.207836 0.006780 -0.003918 -0.004022 9.000000 0.064000
1445.000000 -0.207886 0.006875 -0.005770 0.001274 9.000000 0.064000
1446.000000 -0.207861 0.006827 -0.004160 0.002995 9.000000 0.064000
1447.000000 -0.207886 0.006875 -0.002120 0.001526 9.000000 0.064000
1448.000000 -0.207938 0.006895 -0.004853 0.004101 9.000000 0.064000
1449.000000 -0.207938 0.006895 -0.005026 0.003067 9.000000 0.064000
1450.000000 -0.207963 0.006943 -0.003780 0.003909 9.000000 0.064000
1451.000000 -0.208017 0.006887 -0.005814 0.001602 9.000000 0.064000
1452.000000 -0.208067 0.006983 -0.008068 0.002773 9.000000 0.064000
1453.000000 -0.208067 0.006983 -0.006549 0.006106 9.000000 0.064000
1454.000000 -0.208067 0.006983 -0.003337 0.003111 9.000000 0.064000
1455.000000 -0.208067 0.006983 -0.001700 0.001585 9.000000 0.064000
1456.000000 -0.208067 0.006983 -0.000866 0.000808 9.000000 0.064000
1457.000000 -0.208067 0.006983 -0.000441 0.000411 2.000000 0.064000
1458.000000 -0.208094 0.006955 -0.001559 -0.001158 2.000000 0.064000
1459.000000 -0.208119 0.007003 -0.003347 0.000388 2.000000 0.064000
1460.000000 -0.208119 0.007003 -0.002924 0.002544 2.000000 0.064000
1461.000000 -0.208144 0.007051 -0.002709 0.003643 2.000000 0.064000
1462.000000 -0.208144 0.007051 -0.002599 0.004203 2.000000 0.064000
1463.000000 -0.208119 0.007003 -0.000105 -0.000205 2.000000 0.064000
1464.000000 -0.208119 0.007003 0.001165 -0.002451 2.000000 0.064000
1465.000000 -0.208119 0.007003 0.000594 -0.001249 2.000000 0.064000
1466.000000 -0.208119 0.007003 0.000303 -0.000636 2.000000 0.064000
1467.000000 -0.208119 0.007003 0.000154 -0.000324 2.000000 0.064000
1468.000000 -0.208119 0.007003 0.000079 -0.000165 2.000000 0.064000
1469.000000 -0.208119 0.007003 0.000040 -0.000084 2.000000 0.064000
1470.000000 -0.208119 0.007003 0.000020 -0.000043 2.000000 0.064000
1471.000000 -0.208119 0.007003 0.000010 -0.000022 2.000000 0.064000
1472.000000 -0.208119 0.007003 0.000005 -0.000011 2.000000 0.064000
1473.000000 -0.208119 0.007003 0.000003 -0.000006 2.000000 0.064000
1474.000000 -0.208119 0.007003 0.000001 -0.000003 2.000000 0.064000
1475.000000 -0.208119 0.007003 0.000001 -0.000001 2.000000 0.064000
1476.000000 -0.208119 0.007003 0.000000 -0.000001 2.000000 0.064000
1477.000000 -0.208119 0.007003 0.000000 -0.000000 2.000000 0.064000
1478.000000 -0.208119 0.007003 0.000000 -0.000000 2.000000 0.064000
1479.000000 -0.208119 0.007003 0.000000 -0.000000 2.000000 0.064000
1480.000000 -0.208119 0.007003 0.000000 -0.000000 2.000000 0.064000
1481.000000 -0.208119 0.007003 0.000000 -0.000000 2.000000 0.064000
1482.000000 -0.208119 0.007003 0.000000 -0.000000 2.000000 0.064000
1483.000000 -0.208119 0.007003 0.000000 -0.000000 2.000000 0.064000
1484.000000 -0.208119 0.007003 0.000000 -0.000000 2.000000 0.064000
1485.000000 -0.208119 0.007003 0.000000 -0.000000 2.000000 0.064000
1486.000000 -0.208119 0.007003 0.000000 -0.000000 2.000000 0.064000
1487.000000 -0.208119 0.007003 0.000000 -0.000000 2.000000 0.064000
1488.000000 -0.208119 0.007003 0.000000 -0.000000 2.000000 0.064000
1489.000000 -0.208094 0.006955 0.001219 -0.002346 2.000000 0.064000
1490.000000 -0.208119 0.007003 0.000621 -0.001196 2.000000 0.064000
1491.000000 -0.208119 0.007003 -0.000903 0.001737 2.000000 0.064000
1492.000000 -0.208067 0.006983 0.002093 -0.000093 2.000000 0.064000
1493.000000 -0.208067 0.006983 0.003620 -0.001026 2.000000 0.064000
1494.000000 -0.208042 0.006935 0.003064 -0.002869 2.000000 0.064000
1495.000000 -0.208015 0.006963 0.004114 -0.002440 2.000000 0.064000
1496.000000 -0.207987 0.006991 0.004763 0.001494 2.000000 0.064000
1497.000000 -0.207938 0.006895 0.006200 -0.002562 2.000000 0.064000
1498.000000 -0.207938 0.006895 0.005599 -0.005998 2.000000 0.064000
1499.000000 -0.207963 0.006943 0.001633 -0.000710 2.000000 0.064000
1500.000000 -0.207938 0.006895 0.000832 -0.000362 2.000000 0.064000
1501.000000 -0.207938 0.006895 0.001644 -0.002530 2.000000 0.064000
1502.000000 -0.207910 0.006923 0.002171 0.000079 2.000000 0.064000
1503.000000 -0.207910 0.006923 0.002439 0.001409 2.000000 0.064000
1504.000000 -0.207886 0.006875 0.002463 -0.001628 2.000000 0.064000
1505.000000 -0.207886 0.006875 0.002475 -0.003176 2.000000 0.064000
1506.000000 -0.207806 0.006883 0.005148 -0.001226 2.000000 0.064000
1507.000000 -0.207834 0.006855 0.005177 -0.001602 2.000000 0.064000
1508.000000 -0.207834 0.006855 0.001304 -0.002185 2.000000 0.064000
1509.000000 -0.207834 0.006855 0.000665 -0.001113 2.000000 0.064000
1510.000000 -0.207834 0.006855 0.000339 -0.000567 2.000000 0.064000
1511.000000 -0.207806 0.006883 0.001506 0.001080 2.000000 0.064000
1512.000000 -0.207781 0.006835 0.003321 -0.000427 2.000000 0.064000
1513.000000 -0.207781 0.006835 0.002913 -0.002563 2.000000 0.064000
1514.000000 -0.207781 0.006835 0.001484 -0.001306 2.000000 0.064000
1515.000000 -0.207757 0.006788 0.001977 -0.003011 2.000000 0.064000
1516.000000 -0.207729 0.006816 0.003561 -0.002511 2.000000 0.064000
1517.000000 -0.207729 0.006816 0.003147 0.000090 2.000000 0.064000
1518.000000 -0.207729 0.006816 0.001604 0.000046 2.000000 0.064000
1519.000000 -0.207729 0.006816 0.000817 0.000023 2.000000 0.064000
1520.000000 -0.207729 0.006816 0.000416 0.000012 2.000000 0.064000
1521.000000 -0.207729 0.006816 0.000212 0.000006 2.000000 0.064000
1522.000000 -0.207729 0.006816 0.000108 0.000003 2.000000 0.064000
1523.000000 -0.207729 0.006816 0.000055 0.000002 2.000000 0.064000
1524.000000 -0.207704 0.006768 0.001249 -0.002345 2.000000 0.064000
1525.000000 -0.207704 0.006768 0.001858 -0.003540 2.000000 0.064000
1526.000000 -0.207704 0.006768 0.000946 -0.001804 2.000000 0.064000
1527.000000 -0.207704 0.006768 0.000482 -0.000919 2.000000 0.064000
1528.000000 -0.207704 0.006768 0.000246 -0.000468 2.000000 0.064000
1529.000000 -0.207704 0.006768 0.000125 -0.000239 2.000000 0.064000
1530.000000 -0.207704 0.006768 0.000064 -0.000122 2.000000 0.064000
1531.000000 -0.207704 0.006768 0.000032 -0.000062 2.000000 0.064000
1532.000000 -0.207704 0.006768 0.000017 -0.000032 2.000000 0.064000
1533.000000 -0.207704 0.006768 0.000008 -0.000016 2.000000 0.064000
1534.000000 -0.207704 0.006768 0.000004 -0.000008 2.000000 0.064000
1535.000000 -0.207704 0.006768 0.000002 -0.000004 2.000000 0.064000
1536.000000 -0.207704 0.006768 0.000001 -0.000002 2.000000 0.064000
1537.000000 -0.207704 0.006768 0.000001 -0.000001 2.000000 0.064000
1538.000000 -0.207704 0.006768 0.000000 -0.000001 2.000000 0.064000
1539.000000 -0.207704 0.006768 0.000000 -0.000000 2.000000 0.064000
1540.000000 -0.207704 0.006768 0.000000 -0.000000 2.000000 0.064000
1541.000000 -0.207704 0.006768 0.000000 -0.000000 2.000000 0.064000
1542.000000 -0.207704 0.006768 0.000000 -0.000000 2.000000 0.064000
1543.000000 -0.207704 0.006768 0.000000 -0.000000 2.000000 0.064000
1544.000000 -0.207704 0.006768 0.000000 -0.000000 2.000000 0.064000
1545.000000 -0.207704 0.006768 0.000000 -0.000000 2.000000 0.064000
1546.000000 -0.207704 0.006768 0.000000 -0.000000 2.000000 0.064000
1547.000000 -0.207704 0.006768 0.000000 -0.000000 2.000000 0.064000
1548.000000 -0.207704 0.006768 0.000000 -0.000000 2.000000 0.064000
1549.000000 -0.207704 0.006768 0.000000 -0.000000 2.000000 0.064000
1550.000000 -0.207704 0.006768 0.000000 -0.000000 2.000000 0.064000
1551.000000 -0.207704 0.006768 0.000000 -0.000000 2.000000 0.064000
1552.000000 -0.207704 0.006768 0.000000 -0.000000 2.000000 0.064000
1553.000000 -0.207704 0.006768 0.000000 -0.000000 2.000000 0.064000
1554.000000 -0.207704 0.006768 0.000000 -0.000000 2.000000 0.064000
1555.000000 -0.207704 0.006768 0.000000 -0.000000 2.000000 0.064000
1556.000000 -0.207704 0.006768 0.000000 -0.000000 2.000000 0.064000
1557.000000 -0.207704 0.006768 0.000000 -0.000000 2.000000 0.064000
1558.000000 -0.207704 0.006768 0.000000 -0.000000 2.000000 0.064000
1559.000000 -0.207704 0.006768 0.000000 -0.000000 2.000000 0.064000
1560.000000 -0.207704 0.006768 0.000000 -0.000000 2.000000 0.064000
1561.000000 -0.207704 0.006768 0.000000 -0.000000 2.000000 0.064000
1562.000000 -0.207704 0.006768 0.000000 -0.000000 2.000000 0.064000
1563.000000 -0.207704 0.006768 0.000000 -0.000000 2.000000 0.064000
1564.000000 -0.207704 0.006768 0.000000 -0.000000 2.000000 0.064000
1565.000000 -0.207704 0.006768 0.000000 -0.000000 2.000000 0.064000
1566.000000 -0.207704 0.006768 0.000000 -0.000000 2.000000 0.064000
1567.000000 -0.207704 0.006768 0.000000 -0.000000 2.000000 0.064000
1568.000000 -0.207704 0.006768 0.000000 -0.000000 2.000000 0.064000
1569.000000 -0.207704 0.006768 0.000000 -0.000000 2.000000 0.064000
1570.000000 -0.207704 0.006768 0.000000 -0.000000 2.000000 0.064000
1571.000000 -0.207704 0.006768 0.000000 -0.000000 2.000000 0.064000
1572.000000 -0.207704 0.006768 0.000000 -0.000000 2.000000 0.064000
1573.000000 -0.207704 0.006768 0.000000 -0.000000 2.000000 0.064000
1574.000000 -0.207704 0.006768 0.000000 -0.000000 2.000000 0.064000
1575.000000 -0.207704 0.006768 0.000000 -0.000000 2.000000 0.064000
1576.000000 -0.207704 0.006768 0.000000 -0.000000 2.000000 0.064000
1577.000000 -0.207704 0.006768 0.000000 -0.000000 2.000000 0.064000
1578.000000 -0.207704 0.006768 0.000000 -0.000000 2.000000 0.064000
1579.000000 -0.207704 0.006768 0.000000 -0.000000 2.000000 0.064000
1580.000000 -0.207704 0.006768 0.000000 -0.000000 2.000000 0.064000
1581.000000 -0.207704 0.006768 0.000000 -0.000000 2.000000 0.064000
1582.000000 -0.207704 0.006768 0.000000 -0.000000 2.000000 0.064000
1583.000000 -0.207704 0.006768 0.000000 -0.000000 2.000000 0.064000
1584.000000 -0.207704 0.006768 0.000000 -0.000000 2.000000 0.064000
1585.000000 -0.207704 0.006768 0.000000 -0.000000 2.000000 0.064000
1586.000000 -0.207704 0.006768 0.000000 -0.000000 2.000000 0.064000
1587.000000 -0.207704 0.006768 0.000000 -0.000000 2.000000 0.064000
1588.000000 -0.207704 0.006768 0.000000 -0.000000 2.000000 0.064000
1589.000000 -0.207704 0.006768 0.000000 -0.000000 2.000000 0.064000
1590.000000 -0.207704 0.006768 0.000000 -0.000000 2.000000 0.064000
1591.000000 -0.207704 0.006768 0.000000 -0.000000 2.000000 0.064000
1592.000000 -0.207704 0.006768 0.000000 -0.000000 2.000000 0.064000
1593.000000 -0.207704 0.006768 0.000000 -0.000000 2.000000 0.064000
1594.000000 -0.207704 0.006768 0.000000 -0.000000 2.000000 0.064000
1595.000000 -0.207680 0.006720 0.001221 -0.002345 2.000000 0.064000
1596.000000 -0.207680 0.006720 0.001844 -0.003540 2.000000 0.064000
1597.000000 -0.207680 0.006720 0.000939 -0.001804 2.000000 0.064000
1598.000000 -0.207680 0.006720 0.000479 -0.000919 2.000000 0.064000
1599.000000 -0.207680 0.006720 0.000244 -0.000468 2.000000 0.064000
1600.000000 -0.207680 0.006720 0.000124 -0.000239 2.000000 0.064000
1601.000000 -0.207680 0.006720 0.000063 -0.000122 2.000000 0.064000
1602.000000 -0.207680 0.006720 0.000032 -0.000062 2.000000 0.064000
1603.000000 -0.207680 0.006720 0.000016 -0.000032 2.000000 0.064000
1604.000000 -0.207680 0.006720 0.000008 -0.000016 2.000000 0.064000
1605.000000 -0.207680 0.006720 0.000004 -0.000008 2.000000 0.064000
1606.000000 -0.207680 0.006720 0.000002 -0.000004 2.000000 0.064000
1607.000000 -0.207680 0.006720 0.000001 -0.000002 2.000000 0.064000
1608.000000 -0.207680 0.006720 0.000001 -0.000001 2.000000 0.064000
1609.000000 -0.207680 0.006720 0.000000 -0.000001 2.000000 0.064000
1610.000000 -0.207680 0.006720 0.000000 -0.000000 2.000000 0.064000
1611.000000 -0.207680 0.006720 0.000000 -0.000000 2.000000 0.064000
1612.000000 -0.207680 0.006720 0.000000 -0.000000 2.000000 0.064000
1613.000000 -0.207680 0.006720 0.000000 -0.000000 2.000000 0.064000
1614.000000 -0.207680 0.006720 0.000000 -0.000000 2.000000 0.064000
1615.000000 -0.207680 0.006720 0.000000 -0.000000 2.000000 0.064000
1616.000000 -0.207680 0.006720 0.000000 -0.000000 2.000000 0.064000
1617.000000 -0.207680 0.006720 0.000000 -0.000000 2.000000 0.064000
1618.000000 -0.207680 0.006720 0.000000 -0.000000 2.000000 0.064000
1619.000000 -0.207680 0.006720 0.000000 -0.000000 2.000000 0.064000
1620.000000 -0.207680 0.006720 0.000000 -0.000000 2.000000 0.064000
1621.000000 -0.207680 0.006720 0.000000 -0.000000 2.000000 0.064000
1622.000000 -0.207680 0.006720 0.000000 -0.000000 2.000000 0.064000
1623.000000 -0.207680 0.006720 0.000000 -0.000000 2.000000 0.064000
1624.000000 -0.207680 0.006720 0.000000 -0.000000 2.000000 0.064000
1625.000000 -0.207680 0.006720 0.000000 -0.000000 2.000000 0.064000
1626.000000 -0.207680 0.006720 0.000000 -0.000000 2.000000 0.064000
1627.000000 -0.207680 0.006720 0.000000 -0.000000 2.000000 0.064000
1628.000000 -0.207680 0.006720 0.000000 -0.000000 2.000000 0.064000
1629.000000 -0.207680 0.006720 0.000000 -0.000000 2.000000 0.064000
1630.000000 -0.207680 0.006720 0.000000 -0.000000 2.000000 0.064000
1631.000000 -0.207655 0.006672 0.001222 -0.002345 2.000000 0.064000
1632.000000 -0.207655 0.006672 0.001844 -0.003540 2.000000 0.064000
1633.000000 -0.207655 0.006672 0.000939 -0.001804 2.000000 0.064000
1634.000000 -0.207655 0.006672 0.000479 -0.000919 2.000000 0.064000
1635.000000 -0.207655 0.006672 0.000244 -0.000468 2.000000 0.064000
1636.000000 -0.207655 0.006672 0.000124 -0.000239 2.000000 0.064000
1637.000000 -0.207655 0.006672 0.000063 -0.000122 2.000000 0.064000
1638.000000 -0.207655 0.006672 0.000032 -0.000062 2.000000 0.064000
1639.000000 -0.207655 0.006672 0.000016 -0.000032 2.000000 0.064000
1640.000000 -0.207655 0.006672 0.000008 -0.000016 2.000000 0.064000
1641.000000 -0.207655 0.006672 0.000004 -0.000008 2.000000 0.064000
1642.000000 -0.207655 0.006672 0.000002 -0.000004 2.000000 0.064000
1643.000000 -0.207655 0.006672 0.000001 -0.000002 2.000000 0.064000
1644.000000 -0.207655 0.006672 0.000001 -0.000001 2.000000 0.064000
1645.000000 -0.207655 0.006672 0.000000 -0.000001 2.000000 0.064000
1646.000000 -0.207655 0.006672 0.000000 -0.000000 2.000000 0.064000
1647.000000 -0.207655 0.006672 0.000000 -0.000000 2.000000 0.064000
1648.000000 -0.207655 0.006672 0.000000 -0.000000 2.000000 0.064000
1649.000000 -0.207630 0.006624 0.001222 -0.002345 2.000000 0.064000
1650.000000 -0.207630 0.006624 0.001844 -0.003540 2.000000 0.064000
1651.000000 -0.207630 0.006624 0.000940 -0.001804 2.000000 0.064000
1652.000000 -0.207630 0.006624 0.000479 -0.000919 2.000000 0.064000
1653.000000 -0.207630 0.006624 0.000244 -0.000468 2.000000 0.064000
1654.000000 -0.207630 0.006624 0.000124 -0.000239 2.000000 0.064000
1655.000000 -0.207630 0.006624 0.000063 -0.000122 2.000000 0.064000
1656.000000 -0.207630 0.006624 0.000032 -0.000062 7.000000 0.041000
1657.000000 -0.207630 0.006624 0.000016 -0.000032 7.000000 0.041000
1658.000000 -0.207630 0.006624 0.000008 -0.000016 7.000000 0.041000
1659.000000 -0.207630 0.006624 0.000004 -0.000008 7.000000 0.041000
1660.000000 -0.207630 0.006624 0.000002 -0.000004 7.000000 0.041000
1661.000000 -0.207630 0.006624 0.000001 -0.000002 7.000000 0.041000
1662.000000 -0.207630 0.006624 0.000001 -0.000001 7.000000 0.041000
1663.000000 -0.207630 0.006624 0.000000 -0.000001 7.000000 0.041000
1664.000000 -0.207630 0.006624 0.000000 -0.000000 7.000000 0.041000
1665.000000 -0.207630 0.006624 0.000000 -0.000000 7.000000 0.041000
1666.000000 -0.207605 0.006576 0.001222 -0.002345 7.000000 0.041000
1667.000000 -0.207605 0.006576 0.001845 -0.003540 7.000000 0.041000
1668.000000 -0.207605 0.006576 0.000940 -0.001804 7.000000 0.041000
1669.000000 -0.207605 0.006576 0.000479 -0.000919 7.000000 0.041000
1670.000000 -0.207605 0.006576 0.000244 -0.000468 7.000000 0.041000
1671.000000 -0.207605 0.006576 0.000124 -0.000239 7.000000 0.041000
1672.000000 -0.207605 0.006576 0.000063 -0.000122 7.000000 0.041000
1673.000000 -0.207605 0.006576 0.000032 -0.000062 7.000000 0.041000
1674.000000 -0.207605 0.006576 0.000016 -0.000032 7.000000 0.041000
1675.000000 -0.207605 0.006576 0.000008 -0.000016 7.000000 0.041000
1676.000000 -0.207605 0.006576 0.000004 -0.000008 7.000000 0.041000
1677.000000 -0.207605 0.006576 0.000002 -0.000004 7.000000 0.041000
1678.000000 -0.207605 0.006576 0.000001 -0.000002 7.000000 0.041000
1679.000000 -0.207605 0.006576 0.000001 -0.000001 7.000000 0.041000
1680.000000 -0.207605 0.006576 0.000000 -0.000001 7.000000 0.041000
1681.000000 -0.207605 0.006576 0.000000 -0.000000 7.000000 0.041000
1682.000000 -0.207605 0.006576 0.000000 -0.000000 7.000000 0.041000
1683.000000 -0.207605 0.006576 0.000000 -0.000000 7.000000 0.041000
1684.000000 -0.207580 0.006529 0.001222 -0.002345 7.000000 0.041000
1685.000000 -0.207580 0.006529 0.001845 -0.003540 7.000000 0.041000
1686.000000 -0.207580 0.006529 0.000940 -0.001803 7.000000 0.041000
1687.000000 -0.207580 0.006529 0.000479 -0.000919 7.000000 0.041000
1688.000000 -0.207580 0.006529 0.000244 -0.000468 7.000000 0.041000
1689.000000 -0.207580 0.006529 0.000124 -0.000239 7.000000 0.041000
1690.000000 -0.207580 0.006529 0.000063 -0.000122 7.000000 0.041000
1691.000000 -0.207580 0.006529 0.000032 -0.000062 7.000000 0.041000
1692.000000 -0.207580 0.006529 0.000016 -0.000032 7.000000 0.041000
1693.000000 -0.207580 0.006529 0.000008 -0.000016 7.000000 0.041000
1694.000000 -0.207580 0.006529 0.000004 -0.000008 7.000000 0.041000
1695.000000 -0.207580 0.006529 0.000002 -0.000004 7.000000 0.041000
1696.000000 -0.207580 0.006529 0.000001 -0.000002 7.000000 0.041000
1697.000000 -0.207580 0.006529 0.000001 -0.000001 7.000000 0.041000
1698.000000 -0.207580 0.006529 0.000000 -0.000001 7.000000 0.041000
1699.000000 -0.207555 0.006481 0.001223 -0.002345 7.000000 0.041000
1700.000000 -0.207555 0.006481 0.001845 -0.003540 7.000000 0.041000
1701.000000 -0.207555 0.006481 0.000940 -0.001803 7.000000 0.041000
1702.000000 -0.207555 0.006481 0.000479 -0.000919 7.000000 0.041000
1703.000000 -0.207555 0.006481 0.000244 -0.000468 7.000000 0.041000
1704.000000 -0.207555 0.006481 0.000124 -0.000239 7.000000 0.041000
1705.000000 -0.207555 0.006481 0.000063 -0.000122 7.000000 0.041000
1706.000000 -0.207555 0.006481 0.000032 -0.000062 7.000000 0.041000
1707.000000 -0.207555 0.006481 0.000016 -0.000032 7.000000 0.041000
1708.000000 -0.207555 0.006481 0.000008 -0.000016 7.000000 0.041000
1709.000000 -0.207555 0.006481 0.000004 -0.000008 7.000000 0.041000
1710.000000 -0.207555 0.006481 0.000002 -0.000004 7.000000 0.041000
1711.000000 -0.207555 0.006481 0.000001 -0.000002 7.000000 0.041000
1712.000000 -0.207555 0.006481 0.000001 -0.000001 7.000000 0.041000
1713.000000 -0.207555 0.006481 0.000000 -0.000001 7.000000 0.041000
1714.000000 -0.207555 0.006481 0.000000 -0.000000 7.000000 0.041000
1715.000000 -0.207555 0.006481 0.000000 -0.000000 7.000000 0.041000
1716.000000 -0.207555 0.006481 0.000000 -0.000000 7.000000 0.041000
1717.000000 -0.207555 0.006481 0.000000 -0.000000 7.000000 0.041000
1718.000000 -0.207555 0.006481 0.000000 -0.000000 7.000000 0.041000
1719.000000 -0.207555 0.006481 0.000000 -0.000000 7.000000 0.041000
1720.000000 -0.207555 0.006481 0.000000 -0.000000 7.000000 0.041000
1721.000000 -0.207555 0.006481 0.000000 -0.000000 7.000000 0.041000
1722.000000 -0.207555 0.006481 0.000000 -0.000000 7.000000 0.041000
1723.000000 -0.207555 0.006481 0.000000 -0.000000 7.000000 0.041000
1724.000000 -0.207555 0.006481 0.000000 -0.000000 7.000000 0.041000
1725.000000 -0.207555 0.006481 0.000000 -0.000000 7.000000 0.041000
1726.000000 -0.207555 0.006481 0.000000 -0.000000 7.000000 0.041000
1727.000000 -0.207555 0.006481 0.000000 -0.000000 7.000000 0.041000
1728.000000 -0.207555 0.006481 0.000000 -0.000000 7.000000 0.041000
1729.000000 -0.207555 0.006481 0.000000 -0.000000 7.000000 0.041000
1730.000000 -0.207555 0.006481 0.000000 -0.000000 7.000000 0.041000
1731.000000 -0.207555 0.006481 0.000000 -0.000000 7.000000 0.041000
1732.000000 -0.207555 0.006481 0.000000 -0.000000 7.000000 0.041000
1733.000000 -0.207555 0.006481 0.000000 -0.000000 7.000000 0.041000
1734.000000 -0.207555 0.006481 0.000000 -0.000000 7.000000 0.041000
1735.000000 -0.207555 0.006481 0.000000 -0.000000 7.000000 0.041000
1736.000000 -0.207555 0.006481 0.000000 -0.000000 7.000000 0.041000
1737.000000 -0.207555 0.006481 0.000000 -0.000000 7.000000 0.041000
1738.000000 -0.207555 0.006481 0.000000 -0.000000 7.000000 0.041000
1739.000000 -0.207555 0.006481 0.000000 -0.000000 7.000000 0.041000
1740.000000 -0.207555 0.006481 0.000000 -0.000000 7.000000 0.041000
1741.000000 -0.207555 0.006481 0.000000 -0.000000 7.000000 0.041000
1742.000000 -0.207555 0.006481 0.000000 -0.000000 7.000000 0.041000
1743.000000 -0.207555 0.006481 0.000000 -0.000000 7.000000 0.041000
1744.000000 -0.207555 0.006481 0.000000 -0.000000 7.000000 0.041000
1745.000000 -0.207555 0.006481 0.000000 -0.000000 7.000000 0.041000
1746.000000 -0.207555 0.006481 0.000000 -0.000000 7.000000 0.041000
1747.000000 -0.207555 0.006481 0.000000 -0.000000 7.000000 0.041000
1748.000000 -0.207555 0.006481 0.000000 -0.000000 7.000000 0.041000
1749.000000 -0.207555 0.006481 0.000000 -0.000000 7.000000 0.041000
1750.000000 -0.207555 0.006481 0.000000 -0.000000 7.000000 0.041000
1751.000000 -0.207555 0.006481 0.000000 -0.000000 7.000000 0.041000
1752.000000 -0.207555 0.006481 0.000000 -0.000000 7.000000 0.041000
1753.000000 -0.207555 0.006481 0.000000 -0.000000 7.000000 0.041000
1754.000000 -0.207555 0.006481 0.000000 -0.000000 7.000000 0.041000
1755.000000 -0.207555 0.006481 0.000000 -0.000000 7.000000 0.041000
1756.000000 -0.207555 0.006481 0.000000 -0.000000 7.000000 0.041000
1757.000000 -0.207555 0.006481 0.000000 -0.000000 7.000000 0.041000
1758.000000 -0.207555 0.006481 0.000000 -0.000000 7.000000 0.041000
1759.000000 -0.207555 0.006481 0.000000 -0.000000 7.000000 0.041000
1760.000000 -0.207555 0.006481 0.000000 -0.000000 7.000000 0.041000
1761.000000 -0.207555 0.006481 0.000000 -0.000000 7.000000 0.041000
1762.000000 -0.207555 0.006481 0.000000 -0.000000 7.000000 0.041000
1763.000000 -0.207555 0.006481 0.000000 -0.000000 7.000000 0.041000
1764.000000 -0.207555 0.006481 0.000000 -0.000000 7.000000 0.041000
1765.000000 -0.207555 0.006481 0.000000 -0.000000 7.000000 0.041000
1766.000000 -0.207555 0.006481 0.000000 -0.000000 7.000000 0.041000
1767.000000 -0.207555 0.006481 0.000000 -0.000000 7.000000 0.041000
1768.000000 -0.207555 0.006481 0.000000 -0.000000 7.000000 0.041000
1769.000000 -0.207555 0.006481 0.000000 -0.000000 7.000000 0.041000
1770.000000 -0.207555 0.006481 0.000000 -0.000000 7.000000 0.041000
1771.000000 -0.207555 0.006481 0.000000 -0.000000 7.000000 0.041000
1772.000000 -0.207555 0.006481 0.000000 -0.000000 7.000000 0.041000
1773.000000 -0.207555 0.006481 0.000000 -0.000000 7.000000 0.041000
1774.000000 -0.207555 0.006481 0.000000 -0.000000 7.000000 0.041000
1775.000000 -0.207555 0.006481 0.000000 -0.000000 7.000000 0.041000
1776.000000 -0.207555 0.006481 0.000000 -0.000000 7.000000 0.041000
1777.000000 -0.207555 0.006481 0.000000 -0.000000 7.000000 0.041000
1778.000000 -0.207555 0.006481 0.000000 -0.000000 7.000000 0.041000
