# imt log
s logheadsize 000234
s logcolumns 7
s logname /home/testac/lgames/fitts/20180718_Wed/run1.120139.dat
s logversion 2.0
s logdate "Wed Jul 18 12:01:39 EDT 2018"
s logidate 1531929699

# begin user data

# end user data

#####
649.000000 -0.017417 -0.002026 -0.000000 0.000000 0.000000 0.000000
650.000000 -0.017417 -0.002026 -0.000000 0.000000 0.000000 0.000000
651.000000 -0.017417 -0.002026 -0.000000 0.000000 0.000000 0.000000
652.000000 -0.017417 -0.002026 -0.000000 0.000000 7.000000 0.039000
653.000000 -0.017417 -0.002026 -0.000000 0.000000 7.000000 0.039000
654.000000 -0.017417 -0.002026 -0.000000 0.000000 7.000000 0.039000
655.000000 -0.017417 -0.002026 -0.000000 0.000000 7.000000 0.039000
656.000000 -0.017417 -0.002026 -0.000000 0.000000 7.000000 0.039000
657.000000 -0.017417 -0.002026 -0.000000 0.000000 7.000000 0.039000
658.000000 -0.017417 -0.002026 -0.000000 0.000000 7.000000 0.039000
659.000000 -0.017417 -0.002026 -0.000000 0.000000 7.000000 0.039000
660.000000 -0.017417 -0.002026 -0.000000 0.000000 7.000000 0.039000
661.000000 -0.017417 -0.002026 -0.000000 0.000000 7.000000 0.039000
662.000000 -0.017417 -0.002026 -0.000000 0.000000 7.000000 0.039000
663.000000 -0.017417 -0.002026 -0.000000 0.000000 7.000000 0.039000
664.000000 -0.017417 -0.002026 -0.000000 0.000000 7.000000 0.039000
665.000000 -0.017417 -0.002026 -0.000000 0.000000 7.000000 0.039000
666.000000 -0.017417 -0.002026 -0.000000 0.000000 7.000000 0.039000
667.000000 -0.017417 -0.002026 -0.000000 0.000000 7.000000 0.039000
668.000000 -0.017417 -0.002026 -0.000000 0.000000 7.000000 0.039000
669.000000 -0.017417 -0.002026 -0.000000 0.000000 7.000000 0.039000
670.000000 -0.017417 -0.002026 -0.000000 0.000000 7.000000 0.039000
671.000000 -0.017417 -0.002026 -0.000000 0.000000 7.000000 0.039000
672.000000 -0.017417 -0.002026 -0.000000 0.000000 7.000000 0.039000
673.000000 -0.017417 -0.002026 -0.000000 0.000000 7.000000 0.039000
674.000000 -0.017417 -0.002026 -0.000000 0.000000 7.000000 0.039000
675.000000 -0.017417 -0.002026 -0.000000 0.000000 7.000000 0.039000
676.000000 -0.017417 -0.002026 -0.000000 0.000000 7.000000 0.039000
677.000000 -0.017417 -0.002026 -0.000000 0.000000 7.000000 0.039000
678.000000 -0.017417 -0.002026 -0.000000 0.000000 7.000000 0.039000
679.000000 -0.017417 -0.002026 -0.000000 0.000000 7.000000 0.039000
680.000000 -0.017417 -0.002026 -0.000000 0.000000 7.000000 0.039000
681.000000 -0.017417 -0.002026 -0.000000 0.000000 7.000000 0.039000
682.000000 -0.017417 -0.002026 -0.000000 0.000000 7.000000 0.039000
683.000000 -0.017417 -0.002026 -0.000000 0.000000 7.000000 0.039000
684.000000 -0.017417 -0.002026 -0.000000 0.000000 7.000000 0.039000
685.000000 -0.017417 -0.002026 -0.000000 0.000000 7.000000 0.039000
686.000000 -0.017417 -0.002026 -0.000000 0.000000 7.000000 0.039000
687.000000 -0.017417 -0.002026 -0.000000 0.000000 7.000000 0.039000
688.000000 -0.017417 -0.002026 -0.000000 0.000000 7.000000 0.039000
689.000000 -0.017417 -0.002026 -0.000000 0.000000 7.000000 0.039000
690.000000 -0.017417 -0.002026 -0.000000 0.000000 7.000000 0.039000
691.000000 -0.017417 -0.002026 -0.000000 0.000000 7.000000 0.039000
692.000000 -0.017417 -0.002026 -0.000000 0.000000 7.000000 0.039000
693.000000 -0.017417 -0.002026 -0.000000 0.000000 7.000000 0.039000
694.000000 -0.017417 -0.002026 -0.000000 0.000000 7.000000 0.039000
695.000000 -0.017417 -0.002026 -0.000000 0.000000 7.000000 0.039000
696.000000 -0.017417 -0.002026 -0.000000 0.000000 7.000000 0.039000
697.000000 -0.017417 -0.002026 -0.000000 0.000000 7.000000 0.039000
698.000000 -0.017417 -0.002026 -0.000000 0.000000 7.000000 0.039000
699.000000 -0.017417 -0.002026 -0.000000 0.000000 7.000000 0.039000
700.000000 -0.017417 -0.002026 -0.000000 0.000000 7.000000 0.039000
701.000000 -0.017417 -0.002026 -0.000000 0.000000 7.000000 0.039000
702.000000 -0.017417 -0.002026 -0.000000 0.000000 7.000000 0.039000
703.000000 -0.017417 -0.002026 -0.000000 0.000000 7.000000 0.039000
704.000000 -0.017417 -0.002026 -0.000000 0.000000 7.000000 0.039000
705.000000 -0.017417 -0.002026 -0.000000 0.000000 7.000000 0.039000
706.000000 -0.017417 -0.002026 -0.000000 0.000000 7.000000 0.039000
707.000000 -0.017417 -0.002026 -0.000000 0.000000 7.000000 0.039000
708.000000 -0.017417 -0.002026 -0.000000 0.000000 7.000000 0.039000
709.000000 -0.017417 -0.002026 -0.000000 0.000000 7.000000 0.039000
710.000000 -0.017417 -0.002026 -0.000000 0.000000 7.000000 0.039000
711.000000 -0.017417 -0.002026 -0.000000 0.000000 7.000000 0.039000
712.000000 -0.017417 -0.002026 -0.000000 0.000000 7.000000 0.039000
713.000000 -0.017417 -0.002026 -0.000000 0.000000 7.000000 0.039000
714.000000 -0.017417 -0.002026 -0.000000 0.000000 7.000000 0.039000
715.000000 -0.017417 -0.002026 -0.000000 0.000000 7.000000 0.039000
716.000000 -0.017417 -0.002026 -0.000000 0.000000 7.000000 0.039000
717.000000 -0.017417 -0.002026 -0.000000 0.000000 7.000000 0.039000
718.000000 -0.017417 -0.002026 -0.000000 0.000000 7.000000 0.039000
719.000000 -0.017417 -0.002026 -0.000000 0.000000 7.000000 0.039000
720.000000 -0.017417 -0.002026 -0.000000 0.000000 7.000000 0.039000
721.000000 -0.017417 -0.002026 -0.000000 0.000000 7.000000 0.039000
722.000000 -0.017417 -0.002026 -0.000000 0.000000 7.000000 0.039000
723.000000 -0.017417 -0.002026 -0.000000 0.000000 7.000000 0.039000
724.000000 -0.017417 -0.002026 -0.000000 0.000000 7.000000 0.039000
725.000000 -0.017417 -0.002026 -0.000000 0.000000 7.000000 0.039000
726.000000 -0.017417 -0.002026 -0.000000 0.000000 7.000000 0.039000
727.000000 -0.017417 -0.002026 -0.000000 0.000000 7.000000 0.039000
728.000000 -0.017417 -0.002026 -0.000000 0.000000 7.000000 0.039000
729.000000 -0.017417 -0.002026 -0.000000 0.000000 7.000000 0.039000
730.000000 -0.017417 -0.002026 -0.000000 0.000000 7.000000 0.039000
731.000000 -0.017417 -0.002026 -0.000000 0.000000 7.000000 0.039000
732.000000 -0.017417 -0.002026 -0.000000 0.000000 7.000000 0.039000
733.000000 -0.017417 -0.002026 -0.000000 0.000000 7.000000 0.039000
734.000000 -0.017417 -0.002026 -0.000000 0.000000 7.000000 0.039000
735.000000 -0.017417 -0.002026 -0.000000 0.000000 7.000000 0.039000
736.000000 -0.017417 -0.002026 -0.000000 0.000000 7.000000 0.039000
737.000000 -0.017417 -0.002026 -0.000000 0.000000 7.000000 0.039000
738.000000 -0.017417 -0.002026 -0.000000 0.000000 7.000000 0.039000
739.000000 -0.017417 -0.002026 -0.000000 0.000000 7.000000 0.039000
740.000000 -0.017417 -0.002026 -0.000000 0.000000 7.000000 0.039000
741.000000 -0.017417 -0.002026 -0.000000 0.000000 7.000000 0.039000
742.000000 -0.017417 -0.002026 -0.000000 0.000000 7.000000 0.039000
743.000000 -0.017417 -0.002026 -0.000000 0.000000 7.000000 0.039000
744.000000 -0.017417 -0.002026 -0.000000 0.000000 7.000000 0.039000
745.000000 -0.017417 -0.002026 -0.000000 0.000000 7.000000 0.039000
746.000000 -0.017417 -0.002026 -0.000000 0.000000 7.000000 0.039000
747.000000 -0.017417 -0.002026 -0.000000 0.000000 7.000000 0.039000
748.000000 -0.017417 -0.002026 -0.000000 0.000000 7.000000 0.039000
749.000000 -0.017417 -0.002026 -0.000000 0.000000 7.000000 0.039000
750.000000 -0.017417 -0.002026 -0.000000 0.000000 7.000000 0.039000
751.000000 -0.017417 -0.002026 -0.000000 0.000000 7.000000 0.039000
752.000000 -0.017417 -0.002026 -0.000000 0.000000 7.000000 0.039000
753.000000 -0.017417 -0.002026 -0.000000 0.000000 7.000000 0.039000
754.000000 -0.017417 -0.002026 -0.000000 0.000000 7.000000 0.039000
755.000000 -0.017417 -0.002026 -0.000000 0.000000 7.000000 0.039000
756.000000 -0.017417 -0.002026 -0.000000 0.000000 7.000000 0.039000
757.000000 -0.017417 -0.002026 -0.000000 0.000000 7.000000 0.039000
758.000000 -0.017417 -0.002026 -0.000000 0.000000 7.000000 0.039000
759.000000 -0.017417 -0.002026 -0.000000 0.000000 7.000000 0.039000
760.000000 -0.017417 -0.002026 -0.000000 0.000000 7.000000 0.039000
761.000000 -0.017417 -0.002026 -0.000000 0.000000 7.000000 0.039000
762.000000 -0.017417 -0.002026 -0.000000 0.000000 7.000000 0.039000
763.000000 -0.017417 -0.002026 -0.000000 0.000000 7.000000 0.039000
764.000000 -0.017417 -0.002026 -0.000000 0.000000 7.000000 0.039000
765.000000 -0.017417 -0.002026 -0.000000 0.000000 7.000000 0.039000
766.000000 -0.017417 -0.002026 -0.000000 0.000000 7.000000 0.039000
767.000000 -0.017417 -0.002026 -0.000000 0.000000 7.000000 0.039000
768.000000 -0.017417 -0.002026 -0.000000 0.000000 7.000000 0.039000
769.000000 -0.017417 -0.002026 -0.000000 0.000000 7.000000 0.039000
770.000000 -0.017417 -0.002026 -0.000000 0.000000 7.000000 0.039000
771.000000 -0.017417 -0.002026 -0.000000 0.000000 7.000000 0.039000
772.000000 -0.017417 -0.002026 -0.000000 0.000000 7.000000 0.039000
773.000000 -0.017417 -0.002026 -0.000000 0.000000 7.000000 0.039000
774.000000 -0.017417 -0.002026 -0.000000 0.000000 7.000000 0.039000
775.000000 -0.017417 -0.002026 -0.000000 0.000000 7.000000 0.039000
776.000000 -0.017417 -0.002026 -0.000000 0.000000 7.000000 0.039000
777.000000 -0.017417 -0.002026 -0.000000 0.000000 7.000000 0.039000
778.000000 -0.017417 -0.002026 -0.000000 0.000000 7.000000 0.039000
779.000000 -0.017417 -0.002026 -0.000000 0.000000 7.000000 0.039000
780.000000 -0.017417 -0.002026 -0.000000 0.000000 7.000000 0.039000
781.000000 -0.017417 -0.002026 -0.000000 0.000000 7.000000 0.039000
782.000000 -0.017417 -0.002026 -0.000000 0.000000 7.000000 0.039000
783.000000 -0.017417 -0.002026 -0.000000 0.000000 7.000000 0.039000
784.000000 -0.017417 -0.002026 -0.000000 0.000000 7.000000 0.039000
785.000000 -0.017417 -0.002026 -0.000000 0.000000 7.000000 0.039000
786.000000 -0.017417 -0.002026 -0.000000 0.000000 7.000000 0.039000
787.000000 -0.017417 -0.002026 -0.000000 0.000000 7.000000 0.039000
788.000000 -0.017417 -0.002026 -0.000000 0.000000 7.000000 0.039000
789.000000 -0.017417 -0.002026 -0.000000 0.000000 7.000000 0.039000
790.000000 -0.017417 -0.002026 -0.000000 0.000000 7.000000 0.039000
791.000000 -0.017417 -0.002026 -0.000000 0.000000 7.000000 0.039000
792.000000 -0.017417 -0.002026 -0.000000 0.000000 7.000000 0.039000
793.000000 -0.017417 -0.002026 -0.000000 0.000000 7.000000 0.039000
794.000000 -0.017417 -0.002026 -0.000000 0.000000 7.000000 0.039000
795.000000 -0.017417 -0.002026 -0.000000 0.000000 7.000000 0.039000
796.000000 -0.017417 -0.002026 -0.000000 0.000000 7.000000 0.039000
797.000000 -0.017417 -0.002026 -0.000000 0.000000 7.000000 0.039000
798.000000 -0.017417 -0.002026 -0.000000 0.000000 7.000000 0.039000
799.000000 -0.017417 -0.002026 -0.000000 0.000000 7.000000 0.039000
800.000000 -0.017417 -0.002026 -0.000000 0.000000 7.000000 0.039000
801.000000 -0.017417 -0.002026 -0.000000 0.000000 7.000000 0.039000
802.000000 -0.017417 -0.002026 -0.000000 0.000000 7.000000 0.039000
803.000000 -0.017417 -0.002026 -0.000000 0.000000 7.000000 0.039000
804.000000 -0.017417 -0.002026 -0.000000 0.000000 7.000000 0.039000
805.000000 -0.017417 -0.002026 -0.000000 0.000000 7.000000 0.039000
806.000000 -0.017417 -0.002026 -0.000000 0.000000 7.000000 0.039000
807.000000 -0.017417 -0.002026 -0.000000 0.000000 7.000000 0.039000
808.000000 -0.017417 -0.002026 -0.000000 0.000000 7.000000 0.039000
809.000000 -0.017417 -0.002026 -0.000000 0.000000 7.000000 0.039000
810.000000 -0.017417 -0.002026 -0.000000 0.000000 7.000000 0.039000
811.000000 -0.017417 -0.002026 -0.000000 0.000000 7.000000 0.039000
812.000000 -0.017417 -0.002026 -0.000000 0.000000 7.000000 0.039000
813.000000 -0.017417 -0.002026 -0.000000 0.000000 7.000000 0.039000
814.000000 -0.017417 -0.002026 -0.000000 0.000000 7.000000 0.039000
815.000000 -0.017417 -0.002026 -0.000000 0.000000 7.000000 0.039000
816.000000 -0.017417 -0.002026 -0.000000 0.000000 7.000000 0.039000
817.000000 -0.017417 -0.002026 -0.000000 0.000000 7.000000 0.039000
818.000000 -0.017417 -0.002026 -0.000000 0.000000 7.000000 0.039000
819.000000 -0.017417 -0.002026 -0.000000 0.000000 7.000000 0.039000
820.000000 -0.017417 -0.002026 -0.000000 0.000000 7.000000 0.039000
821.000000 -0.017417 -0.002026 -0.000000 0.000000 7.000000 0.039000
822.000000 -0.017417 -0.002026 -0.000000 0.000000 7.000000 0.039000
823.000000 -0.017417 -0.002026 -0.000000 0.000000 7.000000 0.039000
824.000000 -0.017417 -0.002026 -0.000000 0.000000 7.000000 0.039000
825.000000 -0.017417 -0.002026 -0.000000 0.000000 7.000000 0.039000
826.000000 -0.017417 -0.002026 -0.000000 0.000000 7.000000 0.039000
827.000000 -0.017417 -0.002026 -0.000000 0.000000 7.000000 0.039000
828.000000 -0.017417 -0.002026 -0.000000 0.000000 7.000000 0.039000
829.000000 -0.017417 -0.002026 -0.000000 0.000000 7.000000 0.039000
830.000000 -0.017417 -0.002026 -0.000000 0.000000 7.000000 0.039000
831.000000 -0.017417 -0.002026 -0.000000 0.000000 7.000000 0.039000
832.000000 -0.017417 -0.002026 -0.000000 0.000000 7.000000 0.039000
833.000000 -0.017417 -0.002026 -0.000000 0.000000 7.000000 0.039000
834.000000 -0.017417 -0.002026 -0.000000 0.000000 7.000000 0.039000
835.000000 -0.017417 -0.002026 -0.000000 0.000000 7.000000 0.039000
836.000000 -0.017417 -0.002026 -0.000000 0.000000 7.000000 0.039000
837.000000 -0.017417 -0.002026 -0.000000 0.000000 7.000000 0.039000
838.000000 -0.017417 -0.002026 -0.000000 0.000000 7.000000 0.039000
839.000000 -0.017417 -0.002026 -0.000000 0.000000 7.000000 0.039000
840.000000 -0.017417 -0.002026 -0.000000 0.000000 7.000000 0.039000
841.000000 -0.017417 -0.002026 -0.000000 0.000000 7.000000 0.039000
842.000000 -0.017417 -0.002026 -0.000000 0.000000 7.000000 0.039000
843.000000 -0.017417 -0.002026 -0.000000 0.000000 7.000000 0.039000
844.000000 -0.017417 -0.002026 -0.000000 0.000000 7.000000 0.039000
845.000000 -0.017417 -0.002026 -0.000000 0.000000 7.000000 0.039000
846.000000 -0.017417 -0.002026 -0.000000 0.000000 7.000000 0.039000
847.000000 -0.017417 -0.002026 -0.000000 0.000000 7.000000 0.039000
848.000000 -0.017417 -0.002026 -0.000000 0.000000 7.000000 0.039000
849.000000 -0.017417 -0.002026 -0.000000 0.000000 7.000000 0.039000
850.000000 -0.017417 -0.002026 -0.000000 0.000000 7.000000 0.039000
851.000000 -0.017417 -0.002026 -0.000000 0.000000 7.000000 0.039000
852.000000 -0.017417 -0.002026 -0.000000 0.000000 7.000000 0.039000
853.000000 -0.017417 -0.002026 -0.000000 0.000000 7.000000 0.039000
854.000000 -0.017417 -0.002026 -0.000000 0.000000 7.000000 0.039000
855.000000 -0.017417 -0.002026 -0.000000 0.000000 7.000000 0.039000
856.000000 -0.017417 -0.002026 -0.000000 0.000000 7.000000 0.039000
857.000000 -0.017417 -0.002026 -0.000000 0.000000 7.000000 0.039000
858.000000 -0.017417 -0.002026 -0.000000 0.000000 7.000000 0.039000
859.000000 -0.017417 -0.002026 -0.000000 0.000000 7.000000 0.039000
860.000000 -0.017417 -0.002026 -0.000000 0.000000 7.000000 0.039000
861.000000 -0.017417 -0.002026 -0.000000 0.000000 7.000000 0.039000
862.000000 -0.017417 -0.002026 -0.000000 0.000000 7.000000 0.039000
863.000000 -0.017417 -0.002026 -0.000000 0.000000 7.000000 0.039000
864.000000 -0.017417 -0.002026 -0.000000 0.000000 7.000000 0.039000
865.000000 -0.017417 -0.002026 -0.000000 0.000000 7.000000 0.039000
866.000000 -0.017417 -0.002026 -0.000000 0.000000 7.000000 0.039000
867.000000 -0.017417 -0.002026 -0.000000 0.000000 7.000000 0.039000
868.000000 -0.017417 -0.002026 -0.000000 0.000000 7.000000 0.039000
869.000000 -0.017417 -0.002026 -0.000000 0.000000 7.000000 0.039000
870.000000 -0.017417 -0.002026 -0.000000 0.000000 7.000000 0.039000
871.000000 -0.017417 -0.002026 -0.000000 0.000000 7.000000 0.039000
872.000000 -0.017417 -0.002026 -0.000000 0.000000 7.000000 0.039000
873.000000 -0.017417 -0.002026 -0.000000 0.000000 7.000000 0.039000
874.000000 -0.017417 -0.002026 -0.000000 0.000000 7.000000 0.039000
875.000000 -0.017417 -0.002026 -0.000000 0.000000 7.000000 0.039000
876.000000 -0.017417 -0.002026 -0.000000 0.000000 7.000000 0.039000
877.000000 -0.017417 -0.002026 -0.000000 0.000000 7.000000 0.039000
878.000000 -0.017417 -0.002026 -0.000000 0.000000 7.000000 0.039000
879.000000 -0.017417 -0.002026 -0.000000 0.000000 7.000000 0.039000
880.000000 -0.017417 -0.002026 -0.000000 0.000000 7.000000 0.039000
881.000000 -0.017417 -0.002026 -0.000000 0.000000 7.000000 0.039000
882.000000 -0.017417 -0.002026 -0.000000 0.000000 7.000000 0.039000
883.000000 -0.017417 -0.002026 -0.000000 0.000000 7.000000 0.039000
884.000000 -0.017417 -0.002026 -0.000000 0.000000 7.000000 0.039000
885.000000 -0.017417 -0.002026 -0.000000 0.000000 7.000000 0.039000
886.000000 -0.017417 -0.002026 -0.000000 0.000000 7.000000 0.039000
887.000000 -0.017417 -0.002026 -0.000000 0.000000 7.000000 0.039000
888.000000 -0.017417 -0.002026 -0.000000 0.000000 7.000000 0.039000
889.000000 -0.017417 -0.002026 -0.000000 0.000000 7.000000 0.039000
890.000000 -0.017417 -0.002026 -0.000000 0.000000 7.000000 0.039000
891.000000 -0.017417 -0.002026 -0.000000 0.000000 7.000000 0.039000
892.000000 -0.017417 -0.002026 -0.000000 0.000000 7.000000 0.039000
893.000000 -0.017417 -0.002026 -0.000000 0.000000 7.000000 0.039000
894.000000 -0.017417 -0.002026 -0.000000 0.000000 7.000000 0.039000
895.000000 -0.017417 -0.002026 -0.000000 0.000000 7.000000 0.039000
896.000000 -0.017417 -0.002026 -0.000000 0.000000 7.000000 0.039000
897.000000 -0.017417 -0.002026 -0.000000 0.000000 7.000000 0.039000
898.000000 -0.017417 -0.002026 -0.000000 0.000000 7.000000 0.039000
899.000000 -0.017417 -0.002026 -0.000000 0.000000 7.000000 0.039000
900.000000 -0.017417 -0.002026 -0.000000 0.000000 7.000000 0.039000
901.000000 -0.017417 -0.002026 -0.000000 0.000000 7.000000 0.039000
902.000000 -0.017417 -0.002026 -0.000000 0.000000 7.000000 0.039000
903.000000 -0.017417 -0.002026 -0.000000 0.000000 7.000000 0.039000
904.000000 -0.017417 -0.002026 -0.000000 0.000000 7.000000 0.039000
905.000000 -0.017417 -0.002026 -0.000000 0.000000 7.000000 0.039000
906.000000 -0.017417 -0.002026 -0.000000 0.000000 7.000000 0.039000
907.000000 -0.017417 -0.002026 -0.000000 0.000000 7.000000 0.039000
908.000000 -0.017417 -0.002026 -0.000000 0.000000 7.000000 0.039000
909.000000 -0.017417 -0.002026 -0.000000 0.000000 7.000000 0.039000
910.000000 -0.017417 -0.002026 -0.000000 0.000000 7.000000 0.039000
911.000000 -0.017417 -0.002026 -0.000000 0.000000 7.000000 0.039000
912.000000 -0.017417 -0.002026 -0.000000 0.000000 7.000000 0.039000
913.000000 -0.017417 -0.002026 -0.000000 0.000000 7.000000 0.039000
914.000000 -0.017417 -0.002026 -0.000000 0.000000 7.000000 0.039000
915.000000 -0.017417 -0.002026 -0.000000 0.000000 7.000000 0.039000
916.000000 -0.017417 -0.002026 -0.000000 0.000000 7.000000 0.039000
917.000000 -0.017417 -0.002026 -0.000000 0.000000 7.000000 0.039000
918.000000 -0.017417 -0.002026 -0.000000 0.000000 7.000000 0.039000
919.000000 -0.017417 -0.002026 -0.000000 0.000000 7.000000 0.039000
920.000000 -0.017417 -0.002026 -0.000000 0.000000 7.000000 0.039000
921.000000 -0.017417 -0.002026 -0.000000 0.000000 7.000000 0.039000
922.000000 -0.017417 -0.002026 -0.000000 0.000000 7.000000 0.039000
923.000000 -0.017417 -0.002026 -0.000000 0.000000 7.000000 0.039000
924.000000 -0.017417 -0.002026 -0.000000 0.000000 7.000000 0.039000
925.000000 -0.017417 -0.002026 -0.000000 0.000000 7.000000 0.039000
926.000000 -0.017417 -0.002026 -0.000000 0.000000 7.000000 0.039000
927.000000 -0.017417 -0.002026 -0.000000 0.000000 7.000000 0.039000
928.000000 -0.017417 -0.002026 -0.000000 0.000000 7.000000 0.039000
929.000000 -0.017417 -0.002026 -0.000000 0.000000 7.000000 0.039000
930.000000 -0.017417 -0.002026 -0.000000 0.000000 7.000000 0.039000
931.000000 -0.017417 -0.002026 -0.000000 0.000000 7.000000 0.039000
932.000000 -0.017417 -0.002026 -0.000000 0.000000 7.000000 0.039000
933.000000 -0.017417 -0.002026 -0.000000 0.000000 7.000000 0.039000
934.000000 -0.017417 -0.002026 -0.000000 0.000000 7.000000 0.039000
935.000000 -0.017417 -0.002026 -0.000000 0.000000 7.000000 0.039000
936.000000 -0.017417 -0.002026 -0.000000 0.000000 7.000000 0.039000
937.000000 -0.017417 -0.002026 -0.000000 0.000000 7.000000 0.039000
938.000000 -0.017417 -0.002026 -0.000000 0.000000 7.000000 0.039000
939.000000 -0.017417 -0.002026 -0.000000 0.000000 7.000000 0.039000
940.000000 -0.017417 -0.002026 -0.000000 0.000000 7.000000 0.039000
941.000000 -0.017417 -0.002026 -0.000000 0.000000 7.000000 0.039000
942.000000 -0.017417 -0.002026 -0.000000 0.000000 7.000000 0.039000
943.000000 -0.017417 -0.002026 -0.000000 0.000000 7.000000 0.039000
944.000000 -0.017417 -0.002026 -0.000000 0.000000 7.000000 0.039000
945.000000 -0.017417 -0.002026 -0.000000 0.000000 7.000000 0.039000
946.000000 -0.017417 -0.002026 -0.000000 0.000000 7.000000 0.039000
947.000000 -0.017417 -0.002026 -0.000000 0.000000 7.000000 0.039000
948.000000 -0.017417 -0.002026 -0.000000 0.000000 7.000000 0.039000
949.000000 -0.017417 -0.002026 -0.000000 0.000000 7.000000 0.039000
950.000000 -0.017417 -0.002026 -0.000000 0.000000 7.000000 0.039000
951.000000 -0.017417 -0.002026 -0.000000 0.000000 7.000000 0.039000
952.000000 -0.017417 -0.002026 -0.000000 0.000000 7.000000 0.039000
953.000000 -0.017417 -0.002026 -0.000000 0.000000 7.000000 0.039000
954.000000 -0.017417 -0.002026 -0.000000 0.000000 7.000000 0.039000
955.000000 -0.017417 -0.002026 -0.000000 0.000000 7.000000 0.039000
956.000000 -0.017417 -0.002026 -0.000000 0.000000 7.000000 0.039000
957.000000 -0.017417 -0.002026 -0.000000 0.000000 7.000000 0.039000
958.000000 -0.017417 -0.002026 -0.000000 0.000000 7.000000 0.039000
959.000000 -0.017417 -0.002026 -0.000000 0.000000 7.000000 0.039000
960.000000 -0.017417 -0.002026 -0.000000 0.000000 7.000000 0.039000
961.000000 -0.017417 -0.002026 -0.000000 0.000000 7.000000 0.039000
962.000000 -0.017417 -0.002026 -0.000000 0.000000 7.000000 0.039000
963.000000 -0.017417 -0.002026 -0.000000 0.000000 7.000000 0.039000
964.000000 -0.017417 -0.002026 -0.000000 0.000000 7.000000 0.039000
965.000000 -0.017417 -0.002026 -0.000000 0.000000 7.000000 0.039000
966.000000 -0.017417 -0.002026 -0.000000 0.000000 7.000000 0.039000
967.000000 -0.017417 -0.002026 -0.000000 0.000000 7.000000 0.039000
968.000000 -0.017417 -0.002026 -0.000000 0.000000 7.000000 0.039000
969.000000 -0.017417 -0.002026 -0.000000 0.000000 7.000000 0.039000
970.000000 -0.017417 -0.002026 -0.000000 0.000000 7.000000 0.039000
971.000000 -0.017417 -0.002026 -0.000000 0.000000 7.000000 0.039000
972.000000 -0.017417 -0.002026 -0.000000 0.000000 7.000000 0.039000
973.000000 -0.017417 -0.002026 -0.000000 0.000000 7.000000 0.039000
974.000000 -0.017417 -0.002026 -0.000000 0.000000 7.000000 0.039000
975.000000 -0.017417 -0.002026 -0.000000 0.000000 7.000000 0.039000
976.000000 -0.017417 -0.002026 -0.000000 0.000000 7.000000 0.039000
977.000000 -0.017417 -0.002026 -0.000000 0.000000 7.000000 0.039000
978.000000 -0.017417 -0.002026 -0.000000 0.000000 7.000000 0.039000
979.000000 -0.017417 -0.002026 -0.000000 0.000000 7.000000 0.039000
980.000000 -0.017417 -0.002026 -0.000000 0.000000 7.000000 0.039000
981.000000 -0.017417 -0.002026 -0.000000 0.000000 7.000000 0.039000
982.000000 -0.017417 -0.002026 -0.000000 0.000000 7.000000 0.039000
983.000000 -0.017417 -0.002026 -0.000000 0.000000 7.000000 0.039000
984.000000 -0.017417 -0.002026 -0.000000 0.000000 7.000000 0.039000
985.000000 -0.017417 -0.002026 -0.000000 0.000000 7.000000 0.039000
986.000000 -0.017417 -0.002026 -0.000000 0.000000 7.000000 0.039000
987.000000 -0.017417 -0.002026 -0.000000 0.000000 7.000000 0.039000
988.000000 -0.017417 -0.002026 -0.000000 0.000000 7.000000 0.039000
989.000000 -0.017417 -0.002026 -0.000000 0.000000 7.000000 0.039000
990.000000 -0.017417 -0.002026 -0.000000 0.000000 7.000000 0.039000
991.000000 -0.017417 -0.002026 -0.000000 0.000000 7.000000 0.039000
992.000000 -0.017417 -0.002026 -0.000000 0.000000 7.000000 0.039000
993.000000 -0.017417 -0.002026 -0.000000 0.000000 7.000000 0.039000
994.000000 -0.017417 -0.002026 -0.000000 0.000000 7.000000 0.039000
995.000000 -0.017417 -0.002026 -0.000000 0.000000 7.000000 0.039000
996.000000 -0.017417 -0.002026 -0.000000 0.000000 7.000000 0.039000
997.000000 -0.017417 -0.002026 -0.000000 0.000000 7.000000 0.039000
998.000000 -0.017417 -0.002026 -0.000000 0.000000 7.000000 0.039000
999.000000 -0.017417 -0.002026 -0.000000 0.000000 7.000000 0.039000
1000.000000 -0.017417 -0.002026 -0.000000 0.000000 7.000000 0.039000
1001.000000 -0.017417 -0.002026 -0.000000 0.000000 7.000000 0.039000
1002.000000 -0.017417 -0.002026 -0.000000 0.000000 7.000000 0.039000
1003.000000 -0.017417 -0.002026 -0.000000 0.000000 7.000000 0.039000
1004.000000 -0.017417 -0.002026 -0.000000 0.000000 7.000000 0.039000
1005.000000 -0.017417 -0.002026 -0.000000 0.000000 7.000000 0.039000
1006.000000 -0.017417 -0.002026 -0.000000 0.000000 7.000000 0.039000
1007.000000 -0.017417 -0.002026 -0.000000 0.000000 7.000000 0.039000
1008.000000 -0.017417 -0.002026 -0.000000 0.000000 7.000000 0.039000
1009.000000 -0.017417 -0.002026 -0.000000 0.000000 7.000000 0.039000
1010.000000 -0.017417 -0.002026 -0.000000 0.000000 7.000000 0.039000
1011.000000 -0.017417 -0.002026 -0.000000 0.000000 7.000000 0.039000
1012.000000 -0.017417 -0.002026 -0.000000 0.000000 7.000000 0.039000
1013.000000 -0.017417 -0.002026 -0.000000 0.000000 7.000000 0.039000
1014.000000 -0.017417 -0.002026 -0.000000 0.000000 7.000000 0.039000
1015.000000 -0.017417 -0.002026 -0.000000 0.000000 7.000000 0.039000
1016.000000 -0.017417 -0.002026 -0.000000 0.000000 7.000000 0.039000
1017.000000 -0.017417 -0.002026 -0.000000 0.000000 7.000000 0.039000
1018.000000 -0.017417 -0.002026 -0.000000 0.000000 7.000000 0.039000
1019.000000 -0.017417 -0.002026 -0.000000 0.000000 7.000000 0.039000
1020.000000 -0.017417 -0.002026 -0.000000 0.000000 7.000000 0.039000
1021.000000 -0.017417 -0.002026 -0.000000 0.000000 7.000000 0.039000
1022.000000 -0.017417 -0.002026 -0.000000 0.000000 7.000000 0.039000
1023.000000 -0.017417 -0.002026 -0.000000 0.000000 7.000000 0.039000
1024.000000 -0.017417 -0.002026 -0.000000 0.000000 7.000000 0.039000
1025.000000 -0.017417 -0.002026 -0.000000 0.000000 7.000000 0.039000
1026.000000 -0.017417 -0.002026 -0.000000 0.000000 7.000000 0.039000
1027.000000 -0.017417 -0.002026 -0.000000 0.000000 7.000000 0.039000
1028.000000 -0.017417 -0.002026 -0.000000 0.000000 7.000000 0.039000
1029.000000 -0.017417 -0.002026 -0.000000 0.000000 7.000000 0.039000
1030.000000 -0.017417 -0.002026 -0.000000 0.000000 7.000000 0.039000
1031.000000 -0.017417 -0.002026 -0.000000 0.000000 7.000000 0.039000
1032.000000 -0.017417 -0.002026 -0.000000 0.000000 7.000000 0.039000
1033.000000 -0.017417 -0.002026 -0.000000 0.000000 7.000000 0.039000
1034.000000 -0.017417 -0.002026 -0.000000 0.000000 7.000000 0.039000
1035.000000 -0.017417 -0.002026 -0.000000 0.000000 7.000000 0.039000
1036.000000 -0.017417 -0.002026 -0.000000 0.000000 7.000000 0.039000
1037.000000 -0.017417 -0.002026 -0.000000 0.000000 7.000000 0.039000
1038.000000 -0.017417 -0.002026 -0.000000 0.000000 7.000000 0.039000
1039.000000 -0.017417 -0.002026 -0.000000 0.000000 7.000000 0.039000
1040.000000 -0.017417 -0.002026 -0.000000 0.000000 7.000000 0.039000
1041.000000 -0.017417 -0.002026 -0.000000 0.000000 7.000000 0.039000
1042.000000 -0.017417 -0.002026 -0.000000 0.000000 7.000000 0.039000
1043.000000 -0.017417 -0.002026 -0.000000 0.000000 7.000000 0.039000
1044.000000 -0.017417 -0.002026 -0.000000 0.000000 7.000000 0.039000
1045.000000 -0.017417 -0.002026 -0.000000 0.000000 7.000000 0.039000
1046.000000 -0.017417 -0.002026 -0.000000 0.000000 7.000000 0.039000
1047.000000 -0.017417 -0.002026 -0.000000 0.000000 7.000000 0.039000
1048.000000 -0.017417 -0.002026 -0.000000 0.000000 7.000000 0.039000
1049.000000 -0.017417 -0.002026 -0.000000 0.000000 7.000000 0.039000
1050.000000 -0.017417 -0.002026 -0.000000 0.000000 7.000000 0.039000
1051.000000 -0.017417 -0.002026 -0.000000 0.000000 7.000000 0.039000
1052.000000 -0.017417 -0.002026 -0.000000 0.000000 7.000000 0.039000
1053.000000 -0.017417 -0.002026 -0.000000 0.000000 7.000000 0.039000
1054.000000 -0.017417 -0.002026 -0.000000 0.000000 7.000000 0.039000
1055.000000 -0.017417 -0.002026 -0.000000 0.000000 7.000000 0.039000
1056.000000 -0.017417 -0.002026 -0.000000 0.000000 7.000000 0.039000
1057.000000 -0.017417 -0.002026 -0.000000 0.000000 7.000000 0.039000
1058.000000 -0.017417 -0.002026 -0.000000 0.000000 7.000000 0.039000
1059.000000 -0.017417 -0.002026 -0.000000 0.000000 7.000000 0.039000
1060.000000 -0.017417 -0.002026 -0.000000 0.000000 7.000000 0.039000
1061.000000 -0.017417 -0.002026 -0.000000 0.000000 7.000000 0.039000
1062.000000 -0.017417 -0.002026 -0.000000 0.000000 7.000000 0.039000
1063.000000 -0.017417 -0.002026 -0.000000 0.000000 7.000000 0.039000
1064.000000 -0.017417 -0.002026 -0.000000 0.000000 7.000000 0.039000
1065.000000 -0.017417 -0.002026 -0.000000 0.000000 7.000000 0.039000
1066.000000 -0.017417 -0.002026 -0.000000 0.000000 7.000000 0.039000
1067.000000 -0.017417 -0.002026 -0.000000 0.000000 7.000000 0.039000
1068.000000 -0.017417 -0.002026 -0.000000 0.000000 7.000000 0.039000
1069.000000 -0.017417 -0.002026 -0.000000 0.000000 7.000000 0.039000
1070.000000 -0.017417 -0.002026 -0.000000 0.000000 7.000000 0.039000
1071.000000 -0.017417 -0.002026 -0.000000 0.000000 7.000000 0.039000
1072.000000 -0.017417 -0.002026 -0.000000 0.000000 7.000000 0.039000
1073.000000 -0.017417 -0.002026 -0.000000 0.000000 7.000000 0.039000
1074.000000 -0.017417 -0.002026 -0.000000 0.000000 7.000000 0.039000
1075.000000 -0.017417 -0.002026 -0.000000 0.000000 7.000000 0.039000
1076.000000 -0.017417 -0.002026 -0.000000 0.000000 7.000000 0.039000
1077.000000 -0.017417 -0.002026 -0.000000 0.000000 7.000000 0.039000
1078.000000 -0.017417 -0.002026 -0.000000 0.000000 7.000000 0.039000
1079.000000 -0.017417 -0.002026 -0.000000 0.000000 7.000000 0.039000
1080.000000 -0.017417 -0.002026 -0.000000 0.000000 7.000000 0.039000
1081.000000 -0.017417 -0.002026 -0.000000 0.000000 7.000000 0.039000
1082.000000 -0.017417 -0.002026 -0.000000 0.000000 7.000000 0.039000
1083.000000 -0.017417 -0.002026 -0.000000 0.000000 7.000000 0.039000
1084.000000 -0.017417 -0.002026 -0.000000 0.000000 7.000000 0.039000
1085.000000 -0.017417 -0.002026 -0.000000 0.000000 7.000000 0.039000
1086.000000 -0.017417 -0.002026 -0.000000 0.000000 7.000000 0.039000
1087.000000 -0.017417 -0.002026 -0.000000 0.000000 7.000000 0.039000
1088.000000 -0.017417 -0.002026 -0.000000 0.000000 7.000000 0.039000
1089.000000 -0.017417 -0.002026 -0.000000 0.000000 7.000000 0.039000
1090.000000 -0.017417 -0.002026 -0.000000 0.000000 7.000000 0.039000
1091.000000 -0.017417 -0.002026 -0.000000 0.000000 7.000000 0.039000
1092.000000 -0.017417 -0.002026 -0.000000 0.000000 7.000000 0.039000
1093.000000 -0.017417 -0.002026 -0.000000 0.000000 7.000000 0.039000
1094.000000 -0.017417 -0.002026 -0.000000 0.000000 7.000000 0.039000
1095.000000 -0.017417 -0.002026 -0.000000 0.000000 7.000000 0.039000
1096.000000 -0.017417 -0.002026 -0.000000 0.000000 7.000000 0.039000
1097.000000 -0.017417 -0.002026 -0.000000 0.000000 7.000000 0.039000
1098.000000 -0.017417 -0.002026 -0.000000 0.000000 7.000000 0.039000
1099.000000 -0.017417 -0.002026 -0.000000 0.000000 7.000000 0.039000
1100.000000 -0.017417 -0.002026 -0.000000 0.000000 7.000000 0.039000
1101.000000 -0.017417 -0.002026 -0.000000 0.000000 7.000000 0.039000
1102.000000 -0.017417 -0.002026 -0.000000 0.000000 7.000000 0.039000
1103.000000 -0.017417 -0.002026 -0.000000 0.000000 7.000000 0.039000
1104.000000 -0.017417 -0.002026 -0.000000 0.000000 7.000000 0.039000
1105.000000 -0.017417 -0.002026 -0.000000 0.000000 7.000000 0.039000
1106.000000 -0.017417 -0.002026 -0.000000 0.000000 7.000000 0.039000
1107.000000 -0.017417 -0.002026 -0.000000 0.000000 7.000000 0.039000
1108.000000 -0.017417 -0.002026 -0.000000 0.000000 7.000000 0.039000
1109.000000 -0.017417 -0.002026 -0.000000 0.000000 7.000000 0.039000
1110.000000 -0.017417 -0.002026 -0.000000 0.000000 7.000000 0.039000
1111.000000 -0.017417 -0.002026 -0.000000 0.000000 7.000000 0.039000
1112.000000 -0.017417 -0.002026 -0.000000 0.000000 7.000000 0.039000
1113.000000 -0.017417 -0.002026 -0.000000 0.000000 7.000000 0.039000
1114.000000 -0.017417 -0.002026 -0.000000 0.000000 7.000000 0.039000
1115.000000 -0.017417 -0.002026 -0.000000 0.000000 7.000000 0.039000
1116.000000 -0.017417 -0.002026 -0.000000 0.000000 7.000000 0.039000
1117.000000 -0.017417 -0.002026 -0.000000 0.000000 7.000000 0.039000
1118.000000 -0.017417 -0.002026 -0.000000 0.000000 7.000000 0.039000
1119.000000 -0.017417 -0.002026 -0.000000 0.000000 7.000000 0.039000
1120.000000 -0.017417 -0.002026 -0.000000 0.000000 7.000000 0.039000
1121.000000 -0.017417 -0.002026 -0.000000 0.000000 7.000000 0.039000
1122.000000 -0.017417 -0.002026 -0.000000 0.000000 7.000000 0.039000
1123.000000 -0.017417 -0.002026 -0.000000 0.000000 7.000000 0.039000
1124.000000 -0.017417 -0.002026 -0.000000 0.000000 7.000000 0.039000
1125.000000 -0.017417 -0.002026 -0.000000 0.000000 7.000000 0.039000
1126.000000 -0.017417 -0.002026 -0.000000 0.000000 7.000000 0.039000
1127.000000 -0.017417 -0.002026 -0.000000 0.000000 7.000000 0.039000
1128.000000 -0.017417 -0.002026 -0.000000 0.000000 7.000000 0.039000
1129.000000 -0.017417 -0.002026 -0.000000 0.000000 7.000000 0.039000
1130.000000 -0.017417 -0.002026 -0.000000 0.000000 7.000000 0.039000
1131.000000 -0.017417 -0.002026 -0.000000 0.000000 7.000000 0.039000
1132.000000 -0.017417 -0.002026 -0.000000 0.000000 7.000000 0.039000
1133.000000 -0.017417 -0.002026 -0.000000 0.000000 7.000000 0.039000
1134.000000 -0.017417 -0.002026 -0.000000 0.000000 7.000000 0.039000
1135.000000 -0.017417 -0.002026 -0.000000 0.000000 7.000000 0.039000
1136.000000 -0.017417 -0.002026 -0.000000 0.000000 7.000000 0.039000
1137.000000 -0.017417 -0.002026 -0.000000 0.000000 7.000000 0.039000
1138.000000 -0.017417 -0.002026 -0.000000 0.000000 7.000000 0.039000
1139.000000 -0.017417 -0.002026 -0.000000 0.000000 7.000000 0.039000
1140.000000 -0.017417 -0.002026 -0.000000 0.000000 7.000000 0.039000
1141.000000 -0.017417 -0.002026 -0.000000 0.000000 7.000000 0.039000
1142.000000 -0.017417 -0.002026 -0.000000 0.000000 7.000000 0.039000
1143.000000 -0.017417 -0.002026 -0.000000 0.000000 7.000000 0.039000
1144.000000 -0.017417 -0.002026 -0.000000 0.000000 7.000000 0.039000
1145.000000 -0.017417 -0.002026 -0.000000 0.000000 7.000000 0.039000
1146.000000 -0.017417 -0.002026 -0.000000 0.000000 7.000000 0.039000
1147.000000 -0.017417 -0.002026 -0.000000 0.000000 7.000000 0.039000
1148.000000 -0.017417 -0.002026 -0.000000 0.000000 7.000000 0.039000
1149.000000 -0.017417 -0.002026 -0.000000 0.000000 7.000000 0.039000
1150.000000 -0.017417 -0.002026 -0.000000 0.000000 7.000000 0.039000
1151.000000 -0.017417 -0.002026 -0.000000 0.000000 7.000000 0.039000
1152.000000 -0.017417 -0.002026 -0.000000 0.000000 7.000000 0.039000
1153.000000 -0.017417 -0.002026 -0.000000 0.000000 7.000000 0.039000
1154.000000 -0.017417 -0.002026 -0.000000 0.000000 7.000000 0.039000
1155.000000 -0.017417 -0.002026 -0.000000 0.000000 7.000000 0.039000
1156.000000 -0.017417 -0.002026 -0.000000 0.000000 7.000000 0.039000
1157.000000 -0.017417 -0.002026 -0.000000 0.000000 7.000000 0.039000
1158.000000 -0.017417 -0.002026 -0.000000 0.000000 7.000000 0.039000
1159.000000 -0.017417 -0.002026 -0.000000 0.000000 7.000000 0.039000
1160.000000 -0.017417 -0.002026 -0.000000 0.000000 7.000000 0.039000
1161.000000 -0.017417 -0.002026 -0.000000 0.000000 7.000000 0.039000
1162.000000 -0.017417 -0.002026 -0.000000 0.000000 7.000000 0.039000
1163.000000 -0.017417 -0.002026 -0.000000 0.000000 7.000000 0.039000
1164.000000 -0.017417 -0.002026 -0.000000 0.000000 7.000000 0.039000
1165.000000 -0.017417 -0.002026 -0.000000 0.000000 7.000000 0.039000
1166.000000 -0.017417 -0.002026 -0.000000 0.000000 7.000000 0.039000
1167.000000 -0.017417 -0.002026 -0.000000 0.000000 7.000000 0.039000
1168.000000 -0.017417 -0.002026 -0.000000 0.000000 7.000000 0.039000
1169.000000 -0.017417 -0.002026 -0.000000 0.000000 7.000000 0.039000
1170.000000 -0.017417 -0.002026 -0.000000 0.000000 7.000000 0.039000
1171.000000 -0.017417 -0.002026 -0.000000 0.000000 7.000000 0.039000
1172.000000 -0.017417 -0.002026 -0.000000 0.000000 7.000000 0.039000
1173.000000 -0.017417 -0.002026 -0.000000 0.000000 7.000000 0.039000
1174.000000 -0.017417 -0.002026 -0.000000 0.000000 7.000000 0.039000
1175.000000 -0.017417 -0.002026 -0.000000 0.000000 7.000000 0.039000
1176.000000 -0.017417 -0.002026 -0.000000 0.000000 7.000000 0.039000
1177.000000 -0.017417 -0.002026 -0.000000 0.000000 7.000000 0.039000
1178.000000 -0.017417 -0.002026 -0.000000 0.000000 7.000000 0.039000
1179.000000 -0.017417 -0.002026 -0.000000 0.000000 7.000000 0.039000
1180.000000 -0.017417 -0.002026 -0.000000 0.000000 7.000000 0.039000
1181.000000 -0.017417 -0.002026 -0.000000 0.000000 7.000000 0.039000
1182.000000 -0.017417 -0.002026 -0.000000 0.000000 7.000000 0.039000
1183.000000 -0.017417 -0.002026 -0.000000 0.000000 7.000000 0.039000
1184.000000 -0.017417 -0.002026 -0.000000 0.000000 7.000000 0.039000
1185.000000 -0.017417 -0.002026 -0.000000 0.000000 7.000000 0.039000
1186.000000 -0.017417 -0.002026 -0.000000 0.000000 7.000000 0.039000
1187.000000 -0.017417 -0.002026 -0.000000 0.000000 7.000000 0.039000
1188.000000 -0.017417 -0.002026 -0.000000 0.000000 7.000000 0.039000
1189.000000 -0.017417 -0.002026 -0.000000 0.000000 7.000000 0.039000
1190.000000 -0.017417 -0.002026 -0.000000 0.000000 7.000000 0.039000
1191.000000 -0.017417 -0.002026 -0.000000 0.000000 7.000000 0.039000
1192.000000 -0.017417 -0.002026 -0.000000 0.000000 7.000000 0.039000
1193.000000 -0.017417 -0.002026 -0.000000 0.000000 7.000000 0.039000
1194.000000 -0.017417 -0.002026 -0.000000 0.000000 7.000000 0.039000
1195.000000 -0.017417 -0.002026 -0.000000 0.000000 7.000000 0.039000
1196.000000 -0.017417 -0.002026 -0.000000 0.000000 7.000000 0.039000
1197.000000 -0.017417 -0.002026 -0.000000 0.000000 7.000000 0.039000
1198.000000 -0.017417 -0.002026 -0.000000 0.000000 7.000000 0.039000
1199.000000 -0.017417 -0.002026 -0.000000 0.000000 7.000000 0.039000
1200.000000 -0.017417 -0.002026 -0.000000 0.000000 7.000000 0.039000
1201.000000 -0.017417 -0.002026 -0.000000 0.000000 7.000000 0.039000
1202.000000 -0.017417 -0.002026 -0.000000 0.000000 7.000000 0.039000
1203.000000 -0.017417 -0.002026 -0.000000 0.000000 7.000000 0.039000
1204.000000 -0.017417 -0.002026 -0.000000 0.000000 7.000000 0.039000
1205.000000 -0.017417 -0.002026 -0.000000 0.000000 7.000000 0.039000
1206.000000 -0.017417 -0.002026 -0.000000 0.000000 7.000000 0.039000
1207.000000 -0.017417 -0.002026 -0.000000 0.000000 7.000000 0.039000
1208.000000 -0.017417 -0.002026 -0.000000 0.000000 7.000000 0.039000
1209.000000 -0.017417 -0.002026 -0.000000 0.000000 7.000000 0.039000
1210.000000 -0.017417 -0.002026 -0.000000 0.000000 7.000000 0.039000
1211.000000 -0.017417 -0.002026 -0.000000 0.000000 7.000000 0.039000
1212.000000 -0.017417 -0.002026 -0.000000 0.000000 7.000000 0.039000
1213.000000 -0.017417 -0.002026 -0.000000 0.000000 7.000000 0.039000
1214.000000 -0.017417 -0.002026 -0.000000 0.000000 7.000000 0.039000
1215.000000 -0.017417 -0.002026 -0.000000 0.000000 7.000000 0.039000
1216.000000 -0.017417 -0.002026 -0.000000 0.000000 7.000000 0.039000
1217.000000 -0.017417 -0.002026 -0.000000 0.000000 7.000000 0.039000
1218.000000 -0.017417 -0.002026 -0.000000 0.000000 7.000000 0.039000
1219.000000 -0.017417 -0.002026 -0.000000 0.000000 7.000000 0.039000
1220.000000 -0.017417 -0.002026 -0.000000 0.000000 7.000000 0.039000
1221.000000 -0.017417 -0.002026 -0.000000 0.000000 7.000000 0.039000
1222.000000 -0.017417 -0.002026 -0.000000 0.000000 7.000000 0.039000
1223.000000 -0.017417 -0.002026 -0.000000 0.000000 7.000000 0.039000
1224.000000 -0.017417 -0.002026 -0.000000 0.000000 7.000000 0.039000
1225.000000 -0.017417 -0.002026 -0.000000 0.000000 7.000000 0.039000
1226.000000 -0.017417 -0.002026 -0.000000 0.000000 7.000000 0.039000
1227.000000 -0.017417 -0.002026 -0.000000 0.000000 7.000000 0.039000
1228.000000 -0.017417 -0.002026 -0.000000 0.000000 7.000000 0.039000
1229.000000 -0.017417 -0.002026 -0.000000 0.000000 7.000000 0.039000
1230.000000 -0.017417 -0.002026 -0.000000 0.000000 7.000000 0.039000
1231.000000 -0.017417 -0.002026 -0.000000 0.000000 7.000000 0.039000
1232.000000 -0.017417 -0.002026 -0.000000 0.000000 7.000000 0.039000
1233.000000 -0.017417 -0.002026 -0.000000 0.000000 7.000000 0.039000
1234.000000 -0.017417 -0.002026 -0.000000 0.000000 7.000000 0.039000
1235.000000 -0.017417 -0.002026 -0.000000 0.000000 7.000000 0.039000
1236.000000 -0.017417 -0.002026 -0.000000 0.000000 7.000000 0.039000
1237.000000 -0.017417 -0.002026 -0.000000 0.000000 7.000000 0.039000
1238.000000 -0.017417 -0.002026 -0.000000 0.000000 7.000000 0.039000
1239.000000 -0.017417 -0.002026 -0.000000 0.000000 7.000000 0.039000
1240.000000 -0.017417 -0.002026 -0.000000 0.000000 7.000000 0.039000
1241.000000 -0.017417 -0.002026 -0.000000 0.000000 7.000000 0.039000
1242.000000 -0.017417 -0.002026 -0.000000 0.000000 7.000000 0.039000
1243.000000 -0.017417 -0.002026 -0.000000 0.000000 7.000000 0.039000
1244.000000 -0.017417 -0.002026 -0.000000 0.000000 7.000000 0.039000
1245.000000 -0.017417 -0.002026 -0.000000 0.000000 7.000000 0.039000
1246.000000 -0.017417 -0.002026 -0.000000 0.000000 7.000000 0.039000
1247.000000 -0.017417 -0.002026 -0.000000 0.000000 7.000000 0.039000
1248.000000 -0.017417 -0.002026 -0.000000 0.000000 7.000000 0.039000
1249.000000 -0.017417 -0.002026 -0.000000 0.000000 7.000000 0.039000
1250.000000 -0.017417 -0.002026 -0.000000 0.000000 7.000000 0.039000
1251.000000 -0.017417 -0.002026 -0.000000 0.000000 7.000000 0.039000
1252.000000 -0.017417 -0.002026 -0.000000 0.000000 7.000000 0.039000
1253.000000 -0.017417 -0.002026 -0.000000 0.000000 7.000000 0.039000
1254.000000 -0.017417 -0.002026 -0.000000 0.000000 7.000000 0.039000
1255.000000 -0.017417 -0.002026 -0.000000 0.000000 7.000000 0.039000
1256.000000 -0.017417 -0.002026 -0.000000 0.000000 7.000000 0.039000
1257.000000 -0.017417 -0.002026 -0.000000 0.000000 7.000000 0.039000
1258.000000 -0.017417 -0.002026 -0.000000 0.000000 7.000000 0.039000
1259.000000 -0.017417 -0.002026 -0.000000 0.000000 7.000000 0.039000
1260.000000 -0.017417 -0.002026 -0.000000 0.000000 7.000000 0.039000
1261.000000 -0.017417 -0.002026 -0.000000 0.000000 7.000000 0.039000
1262.000000 -0.017417 -0.002026 -0.000000 0.000000 7.000000 0.039000
1263.000000 -0.017417 -0.002026 -0.000000 0.000000 7.000000 0.039000
1264.000000 -0.017417 -0.002026 -0.000000 0.000000 7.000000 0.039000
1265.000000 -0.017417 -0.002026 -0.000000 0.000000 7.000000 0.039000
1266.000000 -0.017417 -0.002026 -0.000000 0.000000 7.000000 0.039000
1267.000000 -0.017417 -0.002026 -0.000000 0.000000 7.000000 0.039000
1268.000000 -0.017417 -0.002026 -0.000000 0.000000 7.000000 0.039000
1269.000000 -0.017417 -0.002026 -0.000000 0.000000 7.000000 0.039000
1270.000000 -0.017417 -0.002026 -0.000000 0.000000 7.000000 0.039000
1271.000000 -0.017417 -0.002026 -0.000000 0.000000 7.000000 0.039000
1272.000000 -0.017417 -0.002026 -0.000000 0.000000 7.000000 0.039000
1273.000000 -0.017417 -0.002026 -0.000000 0.000000 7.000000 0.039000
1274.000000 -0.017417 -0.002026 -0.000000 0.000000 7.000000 0.039000
1275.000000 -0.017417 -0.002026 -0.000000 0.000000 7.000000 0.039000
1276.000000 -0.017417 -0.002026 -0.000000 0.000000 7.000000 0.039000
1277.000000 -0.017417 -0.002026 -0.000000 0.000000 7.000000 0.039000
1278.000000 -0.017417 -0.002026 -0.000000 0.000000 7.000000 0.039000
1279.000000 -0.017417 -0.002026 -0.000000 0.000000 7.000000 0.039000
1280.000000 -0.017417 -0.002026 -0.000000 0.000000 7.000000 0.039000
1281.000000 -0.017417 -0.002026 -0.000000 0.000000 7.000000 0.039000
1282.000000 -0.017417 -0.002026 -0.000000 0.000000 7.000000 0.039000
1283.000000 -0.017417 -0.002026 -0.000000 0.000000 7.000000 0.039000
1284.000000 -0.017417 -0.002026 -0.000000 0.000000 7.000000 0.039000
1285.000000 -0.017417 -0.002026 -0.000000 0.000000 7.000000 0.039000
1286.000000 -0.017417 -0.002026 -0.000000 0.000000 7.000000 0.039000
1287.000000 -0.017417 -0.002026 -0.000000 0.000000 7.000000 0.039000
1288.000000 -0.017417 -0.002026 -0.000000 0.000000 7.000000 0.039000
1289.000000 -0.017417 -0.002026 -0.000000 0.000000 7.000000 0.039000
1290.000000 -0.017417 -0.002026 -0.000000 0.000000 7.000000 0.039000
1291.000000 -0.017417 -0.002026 -0.000000 0.000000 7.000000 0.039000
1292.000000 -0.017417 -0.002026 -0.000000 0.000000 7.000000 0.039000
1293.000000 -0.017417 -0.002026 -0.000000 0.000000 7.000000 0.039000
1294.000000 -0.017417 -0.002026 -0.000000 0.000000 7.000000 0.039000
1295.000000 -0.017417 -0.002026 -0.000000 0.000000 7.000000 0.039000
1296.000000 -0.017417 -0.002026 -0.000000 0.000000 7.000000 0.039000
1297.000000 -0.017417 -0.002026 -0.000000 0.000000 7.000000 0.039000
1298.000000 -0.017417 -0.002026 -0.000000 0.000000 7.000000 0.039000
1299.000000 -0.017417 -0.002026 -0.000000 0.000000 7.000000 0.039000
1300.000000 -0.017417 -0.002026 -0.000000 0.000000 7.000000 0.039000
1301.000000 -0.017417 -0.002026 -0.000000 0.000000 7.000000 0.039000
1302.000000 -0.017417 -0.002026 -0.000000 0.000000 7.000000 0.039000
1303.000000 -0.017417 -0.002026 -0.000000 0.000000 7.000000 0.039000
1304.000000 -0.017417 -0.002026 -0.000000 0.000000 7.000000 0.039000
1305.000000 -0.017417 -0.002026 -0.000000 0.000000 7.000000 0.039000
1306.000000 -0.017417 -0.002026 -0.000000 0.000000 7.000000 0.039000
1307.000000 -0.017417 -0.002026 -0.000000 0.000000 7.000000 0.039000
1308.000000 -0.017417 -0.002026 -0.000000 0.000000 7.000000 0.039000
1309.000000 -0.017417 -0.002026 -0.000000 0.000000 7.000000 0.039000
1310.000000 -0.017417 -0.002026 -0.000000 0.000000 7.000000 0.039000
1311.000000 -0.017417 -0.002026 -0.000000 0.000000 7.000000 0.039000
1312.000000 -0.017417 -0.002026 -0.000000 0.000000 7.000000 0.039000
1313.000000 -0.017417 -0.002026 -0.000000 0.000000 7.000000 0.039000
1314.000000 -0.017417 -0.002026 -0.000000 0.000000 7.000000 0.039000
1315.000000 -0.017417 -0.002026 -0.000000 0.000000 7.000000 0.039000
1316.000000 -0.017417 -0.002026 -0.000000 0.000000 7.000000 0.039000
1317.000000 -0.017417 -0.002026 -0.000000 0.000000 7.000000 0.039000
1318.000000 -0.017417 -0.002026 -0.000000 0.000000 7.000000 0.039000
1319.000000 -0.017417 -0.002026 -0.000000 0.000000 7.000000 0.039000
1320.000000 -0.017417 -0.002026 -0.000000 0.000000 7.000000 0.039000
1321.000000 -0.017417 -0.002026 -0.000000 0.000000 7.000000 0.039000
1322.000000 -0.017417 -0.002026 -0.000000 0.000000 7.000000 0.039000
1323.000000 -0.017417 -0.002026 -0.000000 0.000000 7.000000 0.039000
1324.000000 -0.017417 -0.002026 -0.000000 0.000000 7.000000 0.039000
1325.000000 -0.017417 -0.002026 -0.000000 0.000000 7.000000 0.039000
1326.000000 -0.017417 -0.002026 -0.000000 0.000000 7.000000 0.039000
1327.000000 -0.017417 -0.002026 -0.000000 0.000000 7.000000 0.039000
1328.000000 -0.017417 -0.002026 -0.000000 0.000000 7.000000 0.039000
1329.000000 -0.017417 -0.002026 -0.000000 0.000000 7.000000 0.039000
1330.000000 -0.017417 -0.002026 -0.000000 0.000000 7.000000 0.039000
1331.000000 -0.017417 -0.002026 -0.000000 0.000000 7.000000 0.039000
1332.000000 -0.017417 -0.002026 -0.000000 0.000000 7.000000 0.039000
1333.000000 -0.017417 -0.002026 -0.000000 0.000000 7.000000 0.039000
1334.000000 -0.017417 -0.002026 -0.000000 0.000000 7.000000 0.039000
1335.000000 -0.017417 -0.002026 -0.000000 0.000000 7.000000 0.039000
1336.000000 -0.017417 -0.002026 -0.000000 0.000000 7.000000 0.039000
1337.000000 -0.017417 -0.002026 -0.000000 0.000000 7.000000 0.039000
1338.000000 -0.017417 -0.002026 -0.000000 0.000000 7.000000 0.039000
1339.000000 -0.017417 -0.002026 -0.000000 0.000000 7.000000 0.039000
1340.000000 -0.017417 -0.002026 -0.000000 0.000000 7.000000 0.039000
1341.000000 -0.017417 -0.002026 -0.000000 0.000000 7.000000 0.039000
1342.000000 -0.017417 -0.002026 -0.000000 0.000000 7.000000 0.039000
1343.000000 -0.017417 -0.002026 -0.000000 0.000000 7.000000 0.039000
1344.000000 -0.017417 -0.002026 -0.000000 0.000000 7.000000 0.039000
1345.000000 -0.017417 -0.002026 -0.000000 0.000000 7.000000 0.039000
1346.000000 -0.017417 -0.002026 -0.000000 0.000000 7.000000 0.039000
1347.000000 -0.017417 -0.002026 -0.000000 0.000000 7.000000 0.039000
1348.000000 -0.017417 -0.002026 -0.000000 0.000000 7.000000 0.039000
1349.000000 -0.017417 -0.002026 -0.000000 0.000000 7.000000 0.039000
1350.000000 -0.017417 -0.002026 -0.000000 0.000000 7.000000 0.039000
1351.000000 -0.017417 -0.002026 -0.000000 0.000000 7.000000 0.039000
1352.000000 -0.017417 -0.002026 -0.000000 0.000000 7.000000 0.039000
1353.000000 -0.017417 -0.002026 -0.000000 0.000000 7.000000 0.039000
1354.000000 -0.017417 -0.002026 -0.000000 0.000000 7.000000 0.039000
1355.000000 -0.017417 -0.002026 -0.000000 0.000000 7.000000 0.039000
1356.000000 -0.017417 -0.002026 -0.000000 0.000000 7.000000 0.039000
1357.000000 -0.017417 -0.002026 -0.000000 0.000000 7.000000 0.039000
1358.000000 -0.017417 -0.002026 -0.000000 0.000000 7.000000 0.039000
1359.000000 -0.017417 -0.002026 -0.000000 0.000000 7.000000 0.039000
1360.000000 -0.017417 -0.002026 -0.000000 0.000000 7.000000 0.039000
1361.000000 -0.017417 -0.002026 -0.000000 0.000000 7.000000 0.039000
1362.000000 -0.017417 -0.002026 -0.000000 0.000000 7.000000 0.039000
1363.000000 -0.017417 -0.002026 -0.000000 0.000000 7.000000 0.039000
1364.000000 -0.017417 -0.002026 -0.000000 0.000000 7.000000 0.039000
1365.000000 -0.017417 -0.002026 -0.000000 0.000000 7.000000 0.039000
1366.000000 -0.017417 -0.002026 -0.000000 0.000000 7.000000 0.039000
1367.000000 -0.017417 -0.002026 -0.000000 0.000000 7.000000 0.039000
1368.000000 -0.017417 -0.002026 -0.000000 0.000000 7.000000 0.039000
1369.000000 -0.017417 -0.002026 -0.000000 0.000000 7.000000 0.039000
1370.000000 -0.017417 -0.002026 -0.000000 0.000000 7.000000 0.039000
1371.000000 -0.017417 -0.002026 -0.000000 0.000000 7.000000 0.039000
1372.000000 -0.017417 -0.002026 -0.000000 0.000000 7.000000 0.039000
1373.000000 -0.017417 -0.002026 -0.000000 0.000000 7.000000 0.039000
1374.000000 -0.017417 -0.002026 -0.000000 0.000000 7.000000 0.039000
1375.000000 -0.017417 -0.002026 -0.000000 0.000000 7.000000 0.039000
1376.000000 -0.017417 -0.002026 -0.000000 0.000000 7.000000 0.039000
1377.000000 -0.017417 -0.002026 -0.000000 0.000000 7.000000 0.039000
1378.000000 -0.017417 -0.002026 -0.000000 0.000000 7.000000 0.039000
1379.000000 -0.017417 -0.002026 -0.000000 0.000000 7.000000 0.039000
1380.000000 -0.017417 -0.002026 -0.000000 0.000000 7.000000 0.039000
1381.000000 -0.017417 -0.002026 -0.000000 0.000000 7.000000 0.039000
1382.000000 -0.017417 -0.002026 -0.000000 0.000000 7.000000 0.039000
1383.000000 -0.017417 -0.002026 -0.000000 0.000000 7.000000 0.039000
1384.000000 -0.017417 -0.002026 -0.000000 0.000000 7.000000 0.039000
1385.000000 -0.017417 -0.002026 -0.000000 0.000000 7.000000 0.039000
1386.000000 -0.017417 -0.002026 -0.000000 0.000000 7.000000 0.039000
1387.000000 -0.017417 -0.002026 -0.000000 0.000000 7.000000 0.039000
1388.000000 -0.017417 -0.002026 -0.000000 0.000000 7.000000 0.039000
1389.000000 -0.017417 -0.002026 -0.000000 0.000000 7.000000 0.039000
1390.000000 -0.017417 -0.002026 -0.000000 0.000000 7.000000 0.039000
1391.000000 -0.017417 -0.002026 -0.000000 0.000000 7.000000 0.039000
1392.000000 -0.017417 -0.002026 -0.000000 0.000000 7.000000 0.039000
1393.000000 -0.017417 -0.002026 -0.000000 0.000000 7.000000 0.039000
1394.000000 -0.017417 -0.002026 -0.000000 0.000000 7.000000 0.039000
1395.000000 -0.017417 -0.002026 -0.000000 0.000000 7.000000 0.039000
1396.000000 -0.017417 -0.002026 -0.000000 0.000000 7.000000 0.039000
1397.000000 -0.017417 -0.002026 -0.000000 0.000000 7.000000 0.039000
1398.000000 -0.017417 -0.002026 -0.000000 0.000000 7.000000 0.039000
1399.000000 -0.017417 -0.002026 -0.000000 0.000000 7.000000 0.039000
1400.000000 -0.017417 -0.002026 -0.000000 0.000000 7.000000 0.039000
1401.000000 -0.017417 -0.002026 -0.000000 0.000000 7.000000 0.039000
1402.000000 -0.017417 -0.002026 -0.000000 0.000000 7.000000 0.039000
1403.000000 -0.017417 -0.002026 -0.000000 0.000000 7.000000 0.039000
1404.000000 -0.017417 -0.002026 -0.000000 0.000000 7.000000 0.039000
1405.000000 -0.017417 -0.002026 -0.000000 0.000000 7.000000 0.039000
1406.000000 -0.017417 -0.002026 -0.000000 0.000000 7.000000 0.039000
1407.000000 -0.017417 -0.002026 -0.000000 0.000000 7.000000 0.039000
1408.000000 -0.017417 -0.002026 -0.000000 0.000000 7.000000 0.039000
1409.000000 -0.017417 -0.002026 -0.000000 0.000000 7.000000 0.039000
1410.000000 -0.017417 -0.002026 -0.000000 0.000000 7.000000 0.039000
1411.000000 -0.017417 -0.002026 -0.000000 0.000000 7.000000 0.039000
1412.000000 -0.017417 -0.002026 -0.000000 0.000000 7.000000 0.039000
1413.000000 -0.017417 -0.002026 -0.000000 0.000000 7.000000 0.039000
1414.000000 -0.017417 -0.002026 -0.000000 0.000000 7.000000 0.039000
1415.000000 -0.017417 -0.002026 -0.000000 0.000000 7.000000 0.039000
1416.000000 -0.017417 -0.002026 -0.000000 0.000000 7.000000 0.039000
1417.000000 -0.017417 -0.002026 -0.000000 0.000000 7.000000 0.039000
1418.000000 -0.017417 -0.002026 -0.000000 0.000000 7.000000 0.039000
1419.000000 -0.017417 -0.002026 -0.000000 0.000000 7.000000 0.039000
1420.000000 -0.017417 -0.002026 -0.000000 0.000000 7.000000 0.039000
1421.000000 -0.017417 -0.002026 -0.000000 0.000000 7.000000 0.039000
1422.000000 -0.017417 -0.002026 -0.000000 0.000000 7.000000 0.039000
1423.000000 -0.017417 -0.002026 -0.000000 0.000000 7.000000 0.039000
1424.000000 -0.017417 -0.002026 -0.000000 0.000000 7.000000 0.039000
1425.000000 -0.017417 -0.002026 -0.000000 0.000000 7.000000 0.039000
1426.000000 -0.017417 -0.002026 -0.000000 0.000000 7.000000 0.039000
1427.000000 -0.017417 -0.002026 -0.000000 0.000000 7.000000 0.039000
1428.000000 -0.017417 -0.002026 -0.000000 0.000000 7.000000 0.039000
1429.000000 -0.017417 -0.002026 -0.000000 0.000000 7.000000 0.039000
1430.000000 -0.017417 -0.002026 -0.000000 0.000000 7.000000 0.039000
1431.000000 -0.017417 -0.002026 -0.000000 0.000000 7.000000 0.039000
1432.000000 -0.017417 -0.002026 -0.000000 0.000000 7.000000 0.039000
1433.000000 -0.017417 -0.002026 -0.000000 0.000000 7.000000 0.039000
1434.000000 -0.017417 -0.002026 -0.000000 0.000000 7.000000 0.039000
1435.000000 -0.017417 -0.002026 -0.000000 0.000000 7.000000 0.039000
1436.000000 -0.017417 -0.002026 -0.000000 0.000000 7.000000 0.039000
1437.000000 -0.017417 -0.002026 -0.000000 0.000000 7.000000 0.039000
1438.000000 -0.017417 -0.002026 -0.000000 0.000000 7.000000 0.039000
1439.000000 -0.017417 -0.002026 -0.000000 0.000000 7.000000 0.039000
1440.000000 -0.017417 -0.002026 -0.000000 0.000000 7.000000 0.039000
1441.000000 -0.017417 -0.002026 -0.000000 0.000000 7.000000 0.039000
1442.000000 -0.017417 -0.002026 -0.000000 0.000000 7.000000 0.039000
1443.000000 -0.017417 -0.002026 -0.000000 0.000000 7.000000 0.039000
1444.000000 -0.017417 -0.002026 -0.000000 0.000000 7.000000 0.039000
1445.000000 -0.017417 -0.002026 -0.000000 0.000000 7.000000 0.039000
1446.000000 -0.017417 -0.002026 -0.000000 0.000000 7.000000 0.039000
1447.000000 -0.017417 -0.002026 -0.000000 0.000000 7.000000 0.039000
1448.000000 -0.017417 -0.002026 -0.000000 0.000000 7.000000 0.039000
1449.000000 -0.017417 -0.002026 -0.000000 0.000000 7.000000 0.039000
1450.000000 -0.017417 -0.002026 -0.000000 0.000000 7.000000 0.039000
1451.000000 -0.017417 -0.002026 -0.000000 0.000000 7.000000 0.039000
1452.000000 -0.017417 -0.002026 -0.000000 0.000000 7.000000 0.039000
1453.000000 -0.017417 -0.002026 -0.000000 0.000000 7.000000 0.039000
1454.000000 -0.017417 -0.002026 -0.000000 0.000000 7.000000 0.039000
1455.000000 -0.017417 -0.002026 -0.000000 0.000000 7.000000 0.039000
1456.000000 -0.017417 -0.002026 -0.000000 0.000000 7.000000 0.039000
1457.000000 -0.017417 -0.002026 -0.000000 0.000000 7.000000 0.039000
1458.000000 -0.017417 -0.002026 -0.000000 0.000000 7.000000 0.039000
1459.000000 -0.017417 -0.002026 -0.000000 0.000000 7.000000 0.039000
1460.000000 -0.017417 -0.002026 -0.000000 0.000000 7.000000 0.039000
1461.000000 -0.017417 -0.002026 -0.000000 0.000000 7.000000 0.039000
1462.000000 -0.017417 -0.002026 -0.000000 0.000000 7.000000 0.039000
1463.000000 -0.017417 -0.002026 -0.000000 0.000000 7.000000 0.039000
1464.000000 -0.017417 -0.002026 -0.000000 0.000000 7.000000 0.039000
1465.000000 -0.017417 -0.002026 -0.000000 0.000000 7.000000 0.039000
1466.000000 -0.017417 -0.002026 -0.000000 0.000000 7.000000 0.039000
1467.000000 -0.017417 -0.002026 -0.000000 0.000000 7.000000 0.039000
1468.000000 -0.017417 -0.002026 -0.000000 0.000000 7.000000 0.039000
1469.000000 -0.017417 -0.002026 -0.000000 0.000000 7.000000 0.039000
1470.000000 -0.017417 -0.002026 -0.000000 0.000000 7.000000 0.039000
1471.000000 -0.017417 -0.002026 -0.000000 0.000000 7.000000 0.039000
1472.000000 -0.017417 -0.002026 -0.000000 0.000000 7.000000 0.039000
1473.000000 -0.017417 -0.002026 -0.000000 0.000000 7.000000 0.039000
1474.000000 -0.017417 -0.002026 -0.000000 0.000000 7.000000 0.039000
1475.000000 -0.017417 -0.002026 -0.000000 0.000000 7.000000 0.039000
1476.000000 -0.017417 -0.002026 -0.000000 0.000000 7.000000 0.039000
1477.000000 -0.017417 -0.002026 -0.000000 0.000000 7.000000 0.039000
1478.000000 -0.017417 -0.002026 -0.000000 0.000000 7.000000 0.039000
1479.000000 -0.017417 -0.002026 -0.000000 0.000000 7.000000 0.039000
1480.000000 -0.017417 -0.002026 -0.000000 0.000000 7.000000 0.039000
1481.000000 -0.017417 -0.002026 -0.000000 0.000000 7.000000 0.039000
1482.000000 -0.017417 -0.002026 -0.000000 0.000000 7.000000 0.039000
1483.000000 -0.017417 -0.002026 -0.000000 0.000000 7.000000 0.039000
1484.000000 -0.017417 -0.002026 -0.000000 0.000000 7.000000 0.039000
1485.000000 -0.017417 -0.002026 -0.000000 0.000000 7.000000 0.039000
1486.000000 -0.017417 -0.002026 -0.000000 0.000000 7.000000 0.039000
1487.000000 -0.017417 -0.002026 -0.000000 0.000000 7.000000 0.039000
1488.000000 -0.017417 -0.002026 -0.000000 0.000000 7.000000 0.039000
1489.000000 -0.017417 -0.002026 -0.000000 0.000000 7.000000 0.039000
1490.000000 -0.017417 -0.002026 -0.000000 0.000000 7.000000 0.039000
1491.000000 -0.017417 -0.002026 -0.000000 0.000000 7.000000 0.039000
1492.000000 -0.017417 -0.002026 -0.000000 0.000000 7.000000 0.039000
1493.000000 -0.017417 -0.002026 -0.000000 0.000000 7.000000 0.039000
1494.000000 -0.017417 -0.002026 -0.000000 0.000000 7.000000 0.039000
1495.000000 -0.017417 -0.002026 -0.000000 0.000000 7.000000 0.039000
1496.000000 -0.017417 -0.002026 -0.000000 0.000000 7.000000 0.039000
1497.000000 -0.017417 -0.002026 -0.000000 0.000000 7.000000 0.039000
1498.000000 -0.017417 -0.002026 -0.000000 0.000000 7.000000 0.039000
1499.000000 -0.017417 -0.002026 -0.000000 0.000000 7.000000 0.039000
1500.000000 -0.017417 -0.002026 -0.000000 0.000000 7.000000 0.039000
1501.000000 -0.017417 -0.002026 -0.000000 0.000000 7.000000 0.039000
1502.000000 -0.017417 -0.002026 -0.000000 0.000000 7.000000 0.039000
1503.000000 -0.017417 -0.002026 -0.000000 0.000000 7.000000 0.039000
1504.000000 -0.017417 -0.002026 -0.000000 0.000000 7.000000 0.039000
1505.000000 -0.017417 -0.002026 -0.000000 0.000000 7.000000 0.039000
1506.000000 -0.017417 -0.002026 -0.000000 0.000000 7.000000 0.039000
1507.000000 -0.017417 -0.002026 -0.000000 0.000000 7.000000 0.039000
1508.000000 -0.017417 -0.002026 -0.000000 0.000000 7.000000 0.039000
1509.000000 -0.017417 -0.002026 -0.000000 0.000000 7.000000 0.039000
1510.000000 -0.017417 -0.002026 -0.000000 0.000000 7.000000 0.039000
1511.000000 -0.017417 -0.002026 -0.000000 0.000000 7.000000 0.039000
1512.000000 -0.017417 -0.002026 -0.000000 0.000000 7.000000 0.039000
1513.000000 -0.017417 -0.002026 -0.000000 0.000000 7.000000 0.039000
1514.000000 -0.017417 -0.002026 -0.000000 0.000000 7.000000 0.039000
1515.000000 -0.017417 -0.002026 -0.000000 0.000000 7.000000 0.039000
1516.000000 -0.017417 -0.002026 -0.000000 0.000000 7.000000 0.039000
1517.000000 -0.017417 -0.002026 -0.000000 0.000000 7.000000 0.039000
1518.000000 -0.017417 -0.002026 -0.000000 0.000000 7.000000 0.039000
1519.000000 -0.017417 -0.002026 -0.000000 0.000000 7.000000 0.039000
1520.000000 -0.017417 -0.002026 -0.000000 0.000000 7.000000 0.039000
1521.000000 -0.017417 -0.002026 -0.000000 0.000000 7.000000 0.039000
1522.000000 -0.017417 -0.002026 -0.000000 0.000000 7.000000 0.039000
1523.000000 -0.017417 -0.002026 -0.000000 0.000000 7.000000 0.039000
1524.000000 -0.017417 -0.002026 -0.000000 0.000000 7.000000 0.039000
1525.000000 -0.017417 -0.002026 -0.000000 0.000000 7.000000 0.039000
1526.000000 -0.017417 -0.002026 -0.000000 0.000000 7.000000 0.039000
1527.000000 -0.017417 -0.002026 -0.000000 0.000000 7.000000 0.039000
1528.000000 -0.017417 -0.002026 -0.000000 0.000000 7.000000 0.039000
1529.000000 -0.017417 -0.002026 -0.000000 0.000000 7.000000 0.039000
1530.000000 -0.017417 -0.002026 -0.000000 0.000000 7.000000 0.039000
1531.000000 -0.017417 -0.002026 -0.000000 0.000000 7.000000 0.039000
1532.000000 -0.017417 -0.002026 -0.000000 0.000000 7.000000 0.039000
1533.000000 -0.017417 -0.002026 -0.000000 0.000000 7.000000 0.039000
1534.000000 -0.017417 -0.002026 -0.000000 0.000000 7.000000 0.039000
1535.000000 -0.017417 -0.002026 -0.000000 0.000000 7.000000 0.039000
1536.000000 -0.017417 -0.002026 -0.000000 0.000000 7.000000 0.039000
1537.000000 -0.017417 -0.002026 -0.000000 0.000000 7.000000 0.039000
1538.000000 -0.017417 -0.002026 -0.000000 0.000000 7.000000 0.039000
1539.000000 -0.017417 -0.002026 -0.000000 0.000000 7.000000 0.039000
1540.000000 -0.017417 -0.002026 -0.000000 0.000000 7.000000 0.039000
1541.000000 -0.017417 -0.002026 -0.000000 0.000000 7.000000 0.039000
1542.000000 -0.017417 -0.002026 -0.000000 0.000000 7.000000 0.039000
1543.000000 -0.017417 -0.002026 -0.000000 0.000000 7.000000 0.039000
1544.000000 -0.017417 -0.002026 -0.000000 0.000000 7.000000 0.039000
1545.000000 -0.017417 -0.002026 -0.000000 0.000000 7.000000 0.039000
1546.000000 -0.017417 -0.002026 -0.000000 0.000000 7.000000 0.039000
1547.000000 -0.017417 -0.002026 -0.000000 0.000000 7.000000 0.039000
1548.000000 -0.017417 -0.002026 -0.000000 0.000000 7.000000 0.039000
1549.000000 -0.017417 -0.002026 -0.000000 0.000000 7.000000 0.039000
1550.000000 -0.017417 -0.002026 -0.000000 0.000000 7.000000 0.039000
1551.000000 -0.017417 -0.002026 -0.000000 0.000000 7.000000 0.039000
1552.000000 -0.017417 -0.002026 -0.000000 0.000000 7.000000 0.039000
1553.000000 -0.017417 -0.002026 -0.000000 0.000000 7.000000 0.039000
1554.000000 -0.017417 -0.002026 -0.000000 0.000000 7.000000 0.039000
1555.000000 -0.017417 -0.002026 -0.000000 0.000000 7.000000 0.039000
1556.000000 -0.017417 -0.002026 -0.000000 0.000000 7.000000 0.039000
1557.000000 -0.017417 -0.002026 -0.000000 0.000000 7.000000 0.039000
1558.000000 -0.017417 -0.002026 -0.000000 0.000000 7.000000 0.039000
1559.000000 -0.017417 -0.002026 -0.000000 0.000000 7.000000 0.039000
1560.000000 -0.017417 -0.002026 -0.000000 0.000000 7.000000 0.039000
1561.000000 -0.017417 -0.002026 -0.000000 0.000000 7.000000 0.039000
1562.000000 -0.017417 -0.002026 -0.000000 0.000000 7.000000 0.039000
1563.000000 -0.017417 -0.002026 -0.000000 0.000000 7.000000 0.039000
1564.000000 -0.017417 -0.002026 -0.000000 0.000000 7.000000 0.039000
1565.000000 -0.017417 -0.002026 -0.000000 0.000000 7.000000 0.039000
1566.000000 -0.017417 -0.002026 -0.000000 0.000000 7.000000 0.039000
1567.000000 -0.017417 -0.002026 -0.000000 0.000000 7.000000 0.039000
1568.000000 -0.017417 -0.002026 -0.000000 0.000000 7.000000 0.039000
1569.000000 -0.017417 -0.002026 -0.000000 0.000000 7.000000 0.039000
1570.000000 -0.017417 -0.002026 -0.000000 0.000000 7.000000 0.039000
1571.000000 -0.017417 -0.002026 -0.000000 0.000000 7.000000 0.039000
1572.000000 -0.017417 -0.002026 -0.000000 0.000000 7.000000 0.039000
1573.000000 -0.017417 -0.002026 -0.000000 0.000000 7.000000 0.039000
1574.000000 -0.017417 -0.002026 -0.000000 0.000000 7.000000 0.039000
1575.000000 -0.017417 -0.002026 -0.000000 0.000000 7.000000 0.039000
1576.000000 -0.017417 -0.002026 -0.000000 0.000000 7.000000 0.039000
1577.000000 -0.017417 -0.002026 -0.000000 0.000000 7.000000 0.039000
1578.000000 -0.017417 -0.002026 -0.000000 0.000000 7.000000 0.039000
1579.000000 -0.017417 -0.002026 -0.000000 0.000000 7.000000 0.039000
1580.000000 -0.017417 -0.002026 -0.000000 0.000000 7.000000 0.039000
1581.000000 -0.017417 -0.002026 -0.000000 0.000000 7.000000 0.039000
1582.000000 -0.017417 -0.002026 -0.000000 0.000000 7.000000 0.039000
1583.000000 -0.017417 -0.002026 -0.000000 0.000000 7.000000 0.039000
1584.000000 -0.017417 -0.002026 -0.000000 0.000000 7.000000 0.039000
1585.000000 -0.017417 -0.002026 -0.000000 0.000000 7.000000 0.039000
1586.000000 -0.017417 -0.002026 -0.000000 0.000000 7.000000 0.039000
1587.000000 -0.017417 -0.002026 -0.000000 0.000000 7.000000 0.039000
1588.000000 -0.017417 -0.002026 -0.000000 0.000000 7.000000 0.039000
1589.000000 -0.017417 -0.002026 -0.000000 0.000000 7.000000 0.039000
1590.000000 -0.017417 -0.002026 -0.000000 0.000000 7.000000 0.039000
1591.000000 -0.017417 -0.002026 -0.000000 0.000000 7.000000 0.039000
1592.000000 -0.017417 -0.002026 -0.000000 0.000000 7.000000 0.039000
1593.000000 -0.017417 -0.002026 -0.000000 0.000000 7.000000 0.039000
1594.000000 -0.017417 -0.002026 -0.000000 0.000000 7.000000 0.039000
1595.000000 -0.017417 -0.002026 -0.000000 0.000000 7.000000 0.039000
1596.000000 -0.017417 -0.002026 -0.000000 0.000000 7.000000 0.039000
1597.000000 -0.017417 -0.002026 -0.000000 0.000000 7.000000 0.039000
1598.000000 -0.017417 -0.002026 -0.000000 0.000000 7.000000 0.039000
1599.000000 -0.017417 -0.002026 -0.000000 0.000000 7.000000 0.039000
1600.000000 -0.017417 -0.002026 -0.000000 0.000000 7.000000 0.039000
1601.000000 -0.017417 -0.002026 -0.000000 0.000000 7.000000 0.039000
1602.000000 -0.017417 -0.002026 -0.000000 0.000000 7.000000 0.039000
1603.000000 -0.017417 -0.002026 -0.000000 0.000000 7.000000 0.039000
1604.000000 -0.017417 -0.002026 -0.000000 0.000000 7.000000 0.039000
1605.000000 -0.017417 -0.002026 -0.000000 0.000000 7.000000 0.039000
1606.000000 -0.017417 -0.002026 -0.000000 0.000000 7.000000 0.039000
1607.000000 -0.017417 -0.002026 -0.000000 0.000000 7.000000 0.039000
1608.000000 -0.017417 -0.002026 -0.000000 0.000000 7.000000 0.039000
1609.000000 -0.017417 -0.002026 -0.000000 0.000000 7.000000 0.039000
1610.000000 -0.017417 -0.002026 -0.000000 0.000000 7.000000 0.039000
1611.000000 -0.017417 -0.002026 -0.000000 0.000000 7.000000 0.039000
1612.000000 -0.017417 -0.002026 -0.000000 0.000000 7.000000 0.039000
1613.000000 -0.017417 -0.002026 -0.000000 0.000000 7.000000 0.039000
1614.000000 -0.017417 -0.002026 -0.000000 0.000000 7.000000 0.039000
1615.000000 -0.017417 -0.002026 -0.000000 0.000000 7.000000 0.039000
1616.000000 -0.017417 -0.002026 -0.000000 0.000000 7.000000 0.039000
1617.000000 -0.017417 -0.002026 -0.000000 0.000000 7.000000 0.039000
1618.000000 -0.017417 -0.002026 -0.000000 0.000000 7.000000 0.039000
1619.000000 -0.017417 -0.002026 -0.000000 0.000000 7.000000 0.039000
1620.000000 -0.017417 -0.002026 -0.000000 0.000000 7.000000 0.039000
1621.000000 -0.017417 -0.002026 -0.000000 0.000000 7.000000 0.039000
1622.000000 -0.017417 -0.002026 -0.000000 0.000000 7.000000 0.039000
1623.000000 -0.017417 -0.002026 -0.000000 0.000000 7.000000 0.039000
1624.000000 -0.017417 -0.002026 -0.000000 0.000000 7.000000 0.039000
1625.000000 -0.017417 -0.002026 -0.000000 0.000000 7.000000 0.039000
1626.000000 -0.017417 -0.002026 -0.000000 0.000000 7.000000 0.039000
1627.000000 -0.017417 -0.002026 -0.000000 0.000000 7.000000 0.039000
1628.000000 -0.017417 -0.002026 -0.000000 0.000000 7.000000 0.039000
1629.000000 -0.017417 -0.002026 -0.000000 0.000000 7.000000 0.039000
1630.000000 -0.017417 -0.002026 -0.000000 0.000000 7.000000 0.039000
1631.000000 -0.017417 -0.002026 -0.000000 0.000000 7.000000 0.039000
1632.000000 -0.017417 -0.002026 -0.000000 0.000000 7.000000 0.039000
1633.000000 -0.017417 -0.002026 -0.000000 0.000000 7.000000 0.039000
1634.000000 -0.017417 -0.002026 -0.000000 0.000000 7.000000 0.039000
1635.000000 -0.017417 -0.002026 -0.000000 0.000000 7.000000 0.039000
1636.000000 -0.017417 -0.002026 -0.000000 0.000000 7.000000 0.039000
1637.000000 -0.017417 -0.002026 -0.000000 0.000000 7.000000 0.039000
1638.000000 -0.017417 -0.002026 -0.000000 0.000000 7.000000 0.039000
1639.000000 -0.017417 -0.002026 -0.000000 0.000000 7.000000 0.039000
1640.000000 -0.017417 -0.002026 -0.000000 0.000000 7.000000 0.039000
1641.000000 -0.017417 -0.002026 -0.000000 0.000000 7.000000 0.039000
1642.000000 -0.017417 -0.002026 -0.000000 0.000000 7.000000 0.039000
1643.000000 -0.017417 -0.002026 -0.000000 0.000000 7.000000 0.039000
1644.000000 -0.017417 -0.002026 -0.000000 0.000000 7.000000 0.039000
1645.000000 -0.017417 -0.002026 -0.000000 0.000000 7.000000 0.039000
1646.000000 -0.017417 -0.002026 -0.000000 0.000000 7.000000 0.039000
1647.000000 -0.017417 -0.002026 -0.000000 0.000000 7.000000 0.039000
1648.000000 -0.017417 -0.002026 -0.000000 0.000000 7.000000 0.039000
1649.000000 -0.017417 -0.002026 -0.000000 0.000000 7.000000 0.039000
1650.000000 -0.017417 -0.002026 -0.000000 0.000000 7.000000 0.039000
1651.000000 -0.017417 -0.002026 -0.000000 0.000000 7.000000 0.039000
1652.000000 -0.017417 -0.002026 -0.000000 0.000000 7.000000 0.039000
1653.000000 -0.017417 -0.002026 -0.000000 0.000000 7.000000 0.039000
1654.000000 -0.017417 -0.002026 -0.000000 0.000000 7.000000 0.039000
1655.000000 -0.017417 -0.002026 -0.000000 0.000000 7.000000 0.039000
1656.000000 -0.017417 -0.002026 -0.000000 0.000000 7.000000 0.039000
1657.000000 -0.017417 -0.002026 -0.000000 0.000000 7.000000 0.039000
1658.000000 -0.017417 -0.002026 -0.000000 0.000000 7.000000 0.039000
1659.000000 -0.017417 -0.002026 -0.000000 0.000000 7.000000 0.039000
1660.000000 -0.017417 -0.002026 -0.000000 0.000000 7.000000 0.039000
1661.000000 -0.017417 -0.002026 -0.000000 0.000000 7.000000 0.039000
1662.000000 -0.017417 -0.002026 -0.000000 0.000000 7.000000 0.039000
1663.000000 -0.017417 -0.002026 -0.000000 0.000000 7.000000 0.039000
1664.000000 -0.017417 -0.002026 -0.000000 0.000000 7.000000 0.039000
1665.000000 -0.017417 -0.002026 -0.000000 0.000000 7.000000 0.039000
1666.000000 -0.017417 -0.002026 -0.000000 0.000000 7.000000 0.039000
1667.000000 -0.017417 -0.002026 -0.000000 0.000000 7.000000 0.039000
1668.000000 -0.017417 -0.002026 -0.000000 0.000000 7.000000 0.039000
1669.000000 -0.017417 -0.002026 -0.000000 0.000000 7.000000 0.039000
1670.000000 -0.017417 -0.002026 -0.000000 0.000000 7.000000 0.039000
1671.000000 -0.017417 -0.002026 -0.000000 0.000000 7.000000 0.039000
1672.000000 -0.017417 -0.002026 -0.000000 0.000000 7.000000 0.039000
1673.000000 -0.017417 -0.002026 -0.000000 0.000000 7.000000 0.039000
1674.000000 -0.017417 -0.002026 -0.000000 0.000000 7.000000 0.039000
1675.000000 -0.017417 -0.002026 -0.000000 0.000000 7.000000 0.039000
1676.000000 -0.017417 -0.002026 -0.000000 0.000000 7.000000 0.039000
1677.000000 -0.017417 -0.002026 -0.000000 0.000000 7.000000 0.039000
1678.000000 -0.017417 -0.002026 -0.000000 0.000000 7.000000 0.039000
1679.000000 -0.017417 -0.002026 -0.000000 0.000000 7.000000 0.039000
1680.000000 -0.017417 -0.002026 -0.000000 0.000000 7.000000 0.039000
1681.000000 -0.017417 -0.002026 -0.000000 0.000000 7.000000 0.039000
1682.000000 -0.017417 -0.002026 -0.000000 0.000000 7.000000 0.039000
1683.000000 -0.017417 -0.002026 -0.000000 0.000000 7.000000 0.039000
1684.000000 -0.017417 -0.002026 -0.000000 0.000000 7.000000 0.039000
1685.000000 -0.017417 -0.002026 -0.000000 0.000000 7.000000 0.039000
1686.000000 -0.017417 -0.002026 -0.000000 0.000000 7.000000 0.039000
1687.000000 -0.017417 -0.002026 -0.000000 0.000000 7.000000 0.039000
1688.000000 -0.017417 -0.002026 -0.000000 0.000000 7.000000 0.039000
1689.000000 -0.017417 -0.002026 -0.000000 0.000000 7.000000 0.039000
1690.000000 -0.017417 -0.002026 -0.000000 0.000000 7.000000 0.039000
1691.000000 -0.017417 -0.002026 -0.000000 0.000000 7.000000 0.039000
1692.000000 -0.017417 -0.002026 -0.000000 0.000000 7.000000 0.039000
1693.000000 -0.017417 -0.002026 -0.000000 0.000000 7.000000 0.039000
1694.000000 -0.017417 -0.002026 -0.000000 0.000000 7.000000 0.039000
1695.000000 -0.017417 -0.002026 -0.000000 0.000000 7.000000 0.039000
1696.000000 -0.017417 -0.002026 -0.000000 0.000000 7.000000 0.039000
1697.000000 -0.017417 -0.002026 -0.000000 0.000000 7.000000 0.039000
1698.000000 -0.017417 -0.002026 -0.000000 0.000000 7.000000 0.039000
1699.000000 -0.017417 -0.002026 -0.000000 0.000000 7.000000 0.039000
1700.000000 -0.017417 -0.002026 -0.000000 0.000000 7.000000 0.039000
1701.000000 -0.017417 -0.002026 -0.000000 0.000000 7.000000 0.039000
1702.000000 -0.017417 -0.002026 -0.000000 0.000000 7.000000 0.039000
1703.000000 -0.017417 -0.002026 -0.000000 0.000000 7.000000 0.039000
1704.000000 -0.017417 -0.002026 -0.000000 0.000000 7.000000 0.039000
1705.000000 -0.017417 -0.002026 -0.000000 0.000000 7.000000 0.039000
1706.000000 -0.017417 -0.002026 -0.000000 0.000000 7.000000 0.039000
1707.000000 -0.017417 -0.002026 -0.000000 0.000000 7.000000 0.039000
1708.000000 -0.017417 -0.002026 -0.000000 0.000000 7.000000 0.039000
1709.000000 -0.017417 -0.002026 -0.000000 0.000000 7.000000 0.039000
1710.000000 -0.017417 -0.002026 -0.000000 0.000000 7.000000 0.039000
1711.000000 -0.017417 -0.002026 -0.000000 0.000000 7.000000 0.039000
1712.000000 -0.017417 -0.002026 -0.000000 0.000000 7.000000 0.039000
1713.000000 -0.017417 -0.002026 -0.000000 0.000000 7.000000 0.039000
1714.000000 -0.017417 -0.002026 -0.000000 0.000000 7.000000 0.039000
1715.000000 -0.017417 -0.002026 -0.000000 0.000000 7.000000 0.039000
1716.000000 -0.017417 -0.002026 -0.000000 0.000000 7.000000 0.039000
1717.000000 -0.017417 -0.002026 -0.000000 0.000000 7.000000 0.039000
1718.000000 -0.017417 -0.002026 -0.000000 0.000000 7.000000 0.039000
1719.000000 -0.017417 -0.002026 -0.000000 0.000000 7.000000 0.039000
1720.000000 -0.017417 -0.002026 -0.000000 0.000000 7.000000 0.039000
1721.000000 -0.017417 -0.002026 -0.000000 0.000000 7.000000 0.039000
1722.000000 -0.017417 -0.002026 -0.000000 0.000000 7.000000 0.039000
1723.000000 -0.017417 -0.002026 -0.000000 0.000000 7.000000 0.039000
1724.000000 -0.017417 -0.002026 -0.000000 0.000000 7.000000 0.039000
1725.000000 -0.017417 -0.002026 -0.000000 0.000000 7.000000 0.039000
1726.000000 -0.017417 -0.002026 -0.000000 0.000000 7.000000 0.039000
1727.000000 -0.017417 -0.002026 -0.000000 0.000000 7.000000 0.039000
1728.000000 -0.017417 -0.002026 -0.000000 0.000000 7.000000 0.039000
1729.000000 -0.017417 -0.002026 -0.000000 0.000000 7.000000 0.039000
1730.000000 -0.017417 -0.002026 -0.000000 0.000000 7.000000 0.039000
1731.000000 -0.017417 -0.002026 -0.000000 0.000000 7.000000 0.039000
1732.000000 -0.017417 -0.002026 -0.000000 0.000000 7.000000 0.039000
1733.000000 -0.017417 -0.002026 -0.000000 0.000000 7.000000 0.039000
1734.000000 -0.017417 -0.002026 -0.000000 0.000000 7.000000 0.039000
1735.000000 -0.017417 -0.002026 -0.000000 0.000000 7.000000 0.039000
1736.000000 -0.017417 -0.002026 -0.000000 0.000000 7.000000 0.039000
1737.000000 -0.017417 -0.002026 -0.000000 0.000000 7.000000 0.039000
1738.000000 -0.017417 -0.002026 -0.000000 0.000000 7.000000 0.039000
1739.000000 -0.017417 -0.002026 -0.000000 0.000000 7.000000 0.039000
1740.000000 -0.017417 -0.002026 -0.000000 0.000000 7.000000 0.039000
1741.000000 -0.017417 -0.002026 -0.000000 0.000000 7.000000 0.039000
1742.000000 -0.017417 -0.002026 -0.000000 0.000000 7.000000 0.039000
1743.000000 -0.017417 -0.002026 -0.000000 0.000000 7.000000 0.039000
1744.000000 -0.017417 -0.002026 -0.000000 0.000000 7.000000 0.039000
1745.000000 -0.017417 -0.002026 -0.000000 0.000000 7.000000 0.039000
1746.000000 -0.017417 -0.002026 -0.000000 0.000000 7.000000 0.039000
1747.000000 -0.017417 -0.002026 -0.000000 0.000000 7.000000 0.039000
1748.000000 -0.017417 -0.002026 -0.000000 0.000000 7.000000 0.039000
1749.000000 -0.017417 -0.002026 -0.000000 0.000000 7.000000 0.039000
1750.000000 -0.017417 -0.002026 -0.000000 0.000000 7.000000 0.039000
1751.000000 -0.017417 -0.002026 -0.000000 0.000000 7.000000 0.039000
1752.000000 -0.017417 -0.002026 -0.000000 0.000000 7.000000 0.039000
1753.000000 -0.017417 -0.002026 -0.000000 0.000000 7.000000 0.039000
1754.000000 -0.017417 -0.002026 -0.000000 0.000000 7.000000 0.039000
1755.000000 -0.017417 -0.002026 -0.000000 0.000000 7.000000 0.039000
1756.000000 -0.017417 -0.002026 -0.000000 0.000000 7.000000 0.039000
1757.000000 -0.017417 -0.002026 -0.000000 0.000000 7.000000 0.039000
1758.000000 -0.017417 -0.002026 -0.000000 0.000000 7.000000 0.039000
1759.000000 -0.017417 -0.002026 -0.000000 0.000000 7.000000 0.039000
1760.000000 -0.017417 -0.002026 -0.000000 0.000000 7.000000 0.039000
1761.000000 -0.017417 -0.002026 -0.000000 0.000000 7.000000 0.039000
1762.000000 -0.017417 -0.002026 -0.000000 0.000000 7.000000 0.039000
1763.000000 -0.017417 -0.002026 -0.000000 0.000000 7.000000 0.039000
1764.000000 -0.017417 -0.002026 -0.000000 0.000000 7.000000 0.039000
1765.000000 -0.017417 -0.002026 -0.000000 0.000000 7.000000 0.039000
1766.000000 -0.017417 -0.002026 -0.000000 0.000000 7.000000 0.039000
1767.000000 -0.017417 -0.002026 -0.000000 0.000000 7.000000 0.039000
1768.000000 -0.017417 -0.002026 -0.000000 0.000000 7.000000 0.039000
1769.000000 -0.017417 -0.002026 -0.000000 0.000000 7.000000 0.039000
1770.000000 -0.017417 -0.002026 -0.000000 0.000000 7.000000 0.039000
1771.000000 -0.017417 -0.002026 -0.000000 0.000000 7.000000 0.039000
1772.000000 -0.017417 -0.002026 -0.000000 0.000000 7.000000 0.039000
1773.000000 -0.017417 -0.002026 -0.000000 0.000000 7.000000 0.039000
1774.000000 -0.017417 -0.002026 -0.000000 0.000000 7.000000 0.039000
1775.000000 -0.017417 -0.002026 -0.000000 0.000000 7.000000 0.039000
1776.000000 -0.017417 -0.002026 -0.000000 0.000000 7.000000 0.039000
1777.000000 -0.017417 -0.002026 -0.000000 0.000000 7.000000 0.039000
1778.000000 -0.017417 -0.002026 -0.000000 0.000000 7.000000 0.039000
1779.000000 -0.017417 -0.002026 -0.000000 0.000000 7.000000 0.039000
1780.000000 -0.017417 -0.002026 -0.000000 0.000000 7.000000 0.039000
1781.000000 -0.017417 -0.002026 -0.000000 0.000000 7.000000 0.039000
1782.000000 -0.017417 -0.002026 -0.000000 0.000000 7.000000 0.039000
1783.000000 -0.017417 -0.002026 -0.000000 0.000000 7.000000 0.039000
1784.000000 -0.017417 -0.002026 -0.000000 0.000000 7.000000 0.039000
1785.000000 -0.017417 -0.002026 -0.000000 0.000000 7.000000 0.039000
1786.000000 -0.017417 -0.002026 -0.000000 0.000000 7.000000 0.039000
1787.000000 -0.017417 -0.002026 -0.000000 0.000000 7.000000 0.039000
1788.000000 -0.017417 -0.002026 -0.000000 0.000000 7.000000 0.039000
1789.000000 -0.017417 -0.002026 -0.000000 0.000000 7.000000 0.039000
1790.000000 -0.017417 -0.002026 -0.000000 0.000000 7.000000 0.039000
1791.000000 -0.017417 -0.002026 -0.000000 0.000000 7.000000 0.039000
1792.000000 -0.017417 -0.002026 -0.000000 0.000000 7.000000 0.039000
1793.000000 -0.017417 -0.002026 -0.000000 0.000000 7.000000 0.039000
1794.000000 -0.017417 -0.002026 -0.000000 0.000000 7.000000 0.039000
1795.000000 -0.017417 -0.002026 -0.000000 0.000000 7.000000 0.039000
1796.000000 -0.017417 -0.002026 -0.000000 0.000000 7.000000 0.039000
1797.000000 -0.017417 -0.002026 -0.000000 0.000000 7.000000 0.039000
1798.000000 -0.017417 -0.002026 -0.000000 0.000000 7.000000 0.039000
1799.000000 -0.017417 -0.002026 -0.000000 0.000000 7.000000 0.039000
1800.000000 -0.017417 -0.002026 -0.000000 0.000000 7.000000 0.039000
1801.000000 -0.017417 -0.002026 -0.000000 0.000000 7.000000 0.039000
1802.000000 -0.017417 -0.002026 -0.000000 0.000000 7.000000 0.039000
1803.000000 -0.017417 -0.002026 -0.000000 0.000000 7.000000 0.039000
1804.000000 -0.017417 -0.002026 -0.000000 0.000000 7.000000 0.039000
1805.000000 -0.017417 -0.002026 -0.000000 0.000000 7.000000 0.039000
1806.000000 -0.017417 -0.002026 -0.000000 0.000000 7.000000 0.039000
1807.000000 -0.017417 -0.002026 -0.000000 0.000000 7.000000 0.039000
1808.000000 -0.017417 -0.002026 -0.000000 0.000000 7.000000 0.039000
1809.000000 -0.017417 -0.002026 -0.000000 0.000000 7.000000 0.039000
1810.000000 -0.017417 -0.002026 -0.000000 0.000000 7.000000 0.039000
1811.000000 -0.017417 -0.002026 -0.000000 0.000000 7.000000 0.039000
1812.000000 -0.017417 -0.002026 -0.000000 0.000000 7.000000 0.039000
1813.000000 -0.017417 -0.002026 -0.000000 0.000000 7.000000 0.039000
1814.000000 -0.017417 -0.002026 -0.000000 0.000000 7.000000 0.039000
1815.000000 -0.017417 -0.002026 -0.000000 0.000000 7.000000 0.039000
1816.000000 -0.017417 -0.002026 -0.000000 0.000000 7.000000 0.039000
1817.000000 -0.017417 -0.002026 -0.000000 0.000000 7.000000 0.039000
1818.000000 -0.017417 -0.002026 -0.000000 0.000000 7.000000 0.039000
1819.000000 -0.017417 -0.002026 -0.000000 0.000000 7.000000 0.039000
1820.000000 -0.017417 -0.002026 -0.000000 0.000000 7.000000 0.039000
1821.000000 -0.017417 -0.002026 -0.000000 0.000000 7.000000 0.039000
1822.000000 -0.017417 -0.002026 -0.000000 0.000000 7.000000 0.039000
1823.000000 -0.017417 -0.002026 -0.000000 0.000000 7.000000 0.039000
1824.000000 -0.017417 -0.002026 -0.000000 0.000000 7.000000 0.039000
1825.000000 -0.017417 -0.002026 -0.000000 0.000000 7.000000 0.039000
1826.000000 -0.017417 -0.002026 -0.000000 0.000000 7.000000 0.039000
1827.000000 -0.017417 -0.002026 -0.000000 0.000000 7.000000 0.039000
1828.000000 -0.017417 -0.002026 -0.000000 0.000000 7.000000 0.039000
1829.000000 -0.017417 -0.002026 -0.000000 0.000000 7.000000 0.039000
1830.000000 -0.017417 -0.002026 -0.000000 0.000000 7.000000 0.039000
1831.000000 -0.017417 -0.002026 -0.000000 0.000000 7.000000 0.039000
1832.000000 -0.017417 -0.002026 -0.000000 0.000000 7.000000 0.039000
1833.000000 -0.017417 -0.002026 -0.000000 0.000000 7.000000 0.039000
1834.000000 -0.017417 -0.002026 -0.000000 0.000000 7.000000 0.039000
1835.000000 -0.017417 -0.002026 -0.000000 0.000000 7.000000 0.039000
1836.000000 -0.017417 -0.002026 -0.000000 0.000000 7.000000 0.039000
1837.000000 -0.017417 -0.002026 -0.000000 0.000000 7.000000 0.039000
1838.000000 -0.017417 -0.002026 -0.000000 0.000000 7.000000 0.039000
1839.000000 -0.017417 -0.002026 -0.000000 0.000000 7.000000 0.039000
1840.000000 -0.017417 -0.002026 -0.000000 0.000000 7.000000 0.039000
1841.000000 -0.017417 -0.002026 -0.000000 0.000000 7.000000 0.039000
1842.000000 -0.017417 -0.002026 -0.000000 0.000000 7.000000 0.039000
1843.000000 -0.017417 -0.002026 -0.000000 0.000000 7.000000 0.039000
1844.000000 -0.017417 -0.002026 -0.000000 0.000000 7.000000 0.039000
1845.000000 -0.017417 -0.002026 -0.000000 0.000000 7.000000 0.039000
1846.000000 -0.017417 -0.002026 -0.000000 0.000000 7.000000 0.039000
1847.000000 -0.017417 -0.002026 -0.000000 0.000000 7.000000 0.039000
1848.000000 -0.017417 -0.002026 -0.000000 0.000000 7.000000 0.039000
1849.000000 -0.017417 -0.002026 -0.000000 0.000000 7.000000 0.039000
1850.000000 -0.017417 -0.002026 -0.000000 0.000000 7.000000 0.039000
1851.000000 -0.017417 -0.002026 -0.000000 0.000000 7.000000 0.039000
1852.000000 -0.017417 -0.002026 -0.000000 0.000000 7.000000 0.039000
1853.000000 -0.017417 -0.002026 -0.000000 0.000000 7.000000 0.039000
1854.000000 -0.017417 -0.002026 -0.000000 0.000000 7.000000 0.039000
1855.000000 -0.017417 -0.002026 -0.000000 0.000000 7.000000 0.039000
1856.000000 -0.017417 -0.002026 -0.000000 0.000000 7.000000 0.039000
1857.000000 -0.017417 -0.002026 -0.000000 0.000000 7.000000 0.039000
1858.000000 -0.017417 -0.002026 -0.000000 0.000000 7.000000 0.039000
1859.000000 -0.017417 -0.002026 -0.000000 0.000000 7.000000 0.039000
1860.000000 -0.017417 -0.002026 -0.000000 0.000000 7.000000 0.039000
1861.000000 -0.017417 -0.002026 -0.000000 0.000000 7.000000 0.039000
1862.000000 -0.017417 -0.002026 -0.000000 0.000000 7.000000 0.039000
1863.000000 -0.017417 -0.002026 -0.000000 0.000000 7.000000 0.039000
1864.000000 -0.017417 -0.002026 -0.000000 0.000000 7.000000 0.039000
1865.000000 -0.017417 -0.002026 -0.000000 0.000000 7.000000 0.039000
1866.000000 -0.017417 -0.002026 -0.000000 0.000000 7.000000 0.039000
1867.000000 -0.017417 -0.002026 -0.000000 0.000000 7.000000 0.039000
1868.000000 -0.017417 -0.002026 -0.000000 0.000000 7.000000 0.039000
1869.000000 -0.017417 -0.002026 -0.000000 0.000000 7.000000 0.039000
1870.000000 -0.017417 -0.002026 -0.000000 0.000000 7.000000 0.039000
1871.000000 -0.017417 -0.002026 -0.000000 0.000000 7.000000 0.039000
1872.000000 -0.017417 -0.002026 -0.000000 0.000000 7.000000 0.039000
1873.000000 -0.017417 -0.002026 -0.000000 0.000000 7.000000 0.039000
1874.000000 -0.017417 -0.002026 -0.000000 0.000000 7.000000 0.039000
1875.000000 -0.017417 -0.002026 -0.000000 0.000000 7.000000 0.039000
1876.000000 -0.017417 -0.002026 -0.000000 0.000000 7.000000 0.039000
1877.000000 -0.017417 -0.002026 -0.000000 0.000000 7.000000 0.039000
1878.000000 -0.017417 -0.002026 -0.000000 0.000000 7.000000 0.039000
1879.000000 -0.017417 -0.002026 -0.000000 0.000000 7.000000 0.039000
1880.000000 -0.017417 -0.002026 -0.000000 0.000000 7.000000 0.039000
1881.000000 -0.017417 -0.002026 -0.000000 0.000000 7.000000 0.039000
1882.000000 -0.017417 -0.002026 -0.000000 0.000000 7.000000 0.039000
1883.000000 -0.017417 -0.002026 -0.000000 0.000000 7.000000 0.039000
1884.000000 -0.017417 -0.002026 -0.000000 0.000000 7.000000 0.039000
1885.000000 -0.017417 -0.002026 -0.000000 0.000000 7.000000 0.039000
1886.000000 -0.017417 -0.002026 -0.000000 0.000000 7.000000 0.039000
1887.000000 -0.017417 -0.002026 -0.000000 0.000000 7.000000 0.039000
1888.000000 -0.017417 -0.002026 -0.000000 0.000000 7.000000 0.039000
1889.000000 -0.017417 -0.002026 -0.000000 0.000000 7.000000 0.039000
1890.000000 -0.017417 -0.002026 -0.000000 0.000000 7.000000 0.039000
1891.000000 -0.017417 -0.002026 -0.000000 0.000000 7.000000 0.039000
1892.000000 -0.017417 -0.002026 -0.000000 0.000000 7.000000 0.039000
1893.000000 -0.017417 -0.002026 -0.000000 0.000000 7.000000 0.039000
1894.000000 -0.017417 -0.002026 -0.000000 0.000000 7.000000 0.039000
1895.000000 -0.017417 -0.002026 -0.000000 0.000000 7.000000 0.039000
1896.000000 -0.017417 -0.002026 -0.000000 0.000000 7.000000 0.039000
1897.000000 -0.017417 -0.002026 -0.000000 0.000000 7.000000 0.039000
1898.000000 -0.017417 -0.002026 -0.000000 0.000000 7.000000 0.039000
1899.000000 -0.017417 -0.002026 -0.000000 0.000000 7.000000 0.039000
1900.000000 -0.017417 -0.002026 -0.000000 0.000000 7.000000 0.039000
1901.000000 -0.017417 -0.002026 -0.000000 0.000000 7.000000 0.039000
1902.000000 -0.017417 -0.002026 -0.000000 0.000000 7.000000 0.039000
1903.000000 -0.017417 -0.002026 -0.000000 0.000000 7.000000 0.039000
1904.000000 -0.017417 -0.002026 -0.000000 0.000000 7.000000 0.039000
1905.000000 -0.017417 -0.002026 -0.000000 0.000000 7.000000 0.039000
1906.000000 -0.017417 -0.002026 -0.000000 0.000000 7.000000 0.039000
1907.000000 -0.017417 -0.002026 -0.000000 0.000000 7.000000 0.039000
1908.000000 -0.017417 -0.002026 -0.000000 0.000000 7.000000 0.039000
1909.000000 -0.017417 -0.002026 -0.000000 0.000000 7.000000 0.039000
1910.000000 -0.017417 -0.002026 -0.000000 0.000000 7.000000 0.039000
1911.000000 -0.017417 -0.002026 -0.000000 0.000000 7.000000 0.039000
1912.000000 -0.017417 -0.002026 -0.000000 0.000000 7.000000 0.039000
1913.000000 -0.017417 -0.002026 -0.000000 0.000000 7.000000 0.039000
1914.000000 -0.017417 -0.002026 -0.000000 0.000000 7.000000 0.039000
1915.000000 -0.017417 -0.002026 -0.000000 0.000000 7.000000 0.039000
1916.000000 -0.017417 -0.002026 -0.000000 0.000000 7.000000 0.039000
1917.000000 -0.017417 -0.002026 -0.000000 0.000000 7.000000 0.039000
1918.000000 -0.017417 -0.002026 -0.000000 0.000000 7.000000 0.039000
1919.000000 -0.017417 -0.002026 -0.000000 0.000000 7.000000 0.039000
1920.000000 -0.017417 -0.002026 -0.000000 0.000000 7.000000 0.039000
1921.000000 -0.017417 -0.002026 -0.000000 0.000000 7.000000 0.039000
1922.000000 -0.017417 -0.002026 -0.000000 0.000000 7.000000 0.039000
1923.000000 -0.017417 -0.002026 -0.000000 0.000000 7.000000 0.039000
1924.000000 -0.017417 -0.002026 -0.000000 0.000000 7.000000 0.039000
1925.000000 -0.017417 -0.002026 -0.000000 0.000000 7.000000 0.039000
1926.000000 -0.017417 -0.002026 -0.000000 0.000000 7.000000 0.039000
1927.000000 -0.017417 -0.002026 -0.000000 0.000000 7.000000 0.039000
1928.000000 -0.017417 -0.002026 -0.000000 0.000000 7.000000 0.039000
1929.000000 -0.017417 -0.002026 -0.000000 0.000000 7.000000 0.039000
1930.000000 -0.017417 -0.002026 -0.000000 0.000000 7.000000 0.039000
1931.000000 -0.017417 -0.002026 -0.000000 0.000000 7.000000 0.039000
1932.000000 -0.017417 -0.002026 -0.000000 0.000000 7.000000 0.039000
1933.000000 -0.017417 -0.002026 -0.000000 0.000000 7.000000 0.039000
1934.000000 -0.017417 -0.002026 -0.000000 0.000000 7.000000 0.039000
1935.000000 -0.017417 -0.002026 -0.000000 0.000000 7.000000 0.039000
1936.000000 -0.017417 -0.002026 -0.000000 0.000000 7.000000 0.039000
1937.000000 -0.017417 -0.002026 -0.000000 0.000000 7.000000 0.039000
1938.000000 -0.017417 -0.002026 -0.000000 0.000000 7.000000 0.039000
1939.000000 -0.017417 -0.002026 -0.000000 0.000000 7.000000 0.039000
1940.000000 -0.017417 -0.002026 -0.000000 0.000000 7.000000 0.039000
1941.000000 -0.017417 -0.002026 -0.000000 0.000000 7.000000 0.039000
1942.000000 -0.017417 -0.002026 -0.000000 0.000000 7.000000 0.039000
1943.000000 -0.017417 -0.002026 -0.000000 0.000000 7.000000 0.039000
1944.000000 -0.017417 -0.002026 -0.000000 0.000000 7.000000 0.039000
1945.000000 -0.017417 -0.002026 -0.000000 0.000000 7.000000 0.039000
1946.000000 -0.017417 -0.002026 -0.000000 0.000000 7.000000 0.039000
1947.000000 -0.017417 -0.002026 -0.000000 0.000000 7.000000 0.039000
1948.000000 -0.017417 -0.002026 -0.000000 0.000000 7.000000 0.039000
1949.000000 -0.017417 -0.002026 -0.000000 0.000000 7.000000 0.039000
1950.000000 -0.017417 -0.002026 -0.000000 0.000000 7.000000 0.039000
1951.000000 -0.017417 -0.002026 -0.000000 0.000000 7.000000 0.039000
1952.000000 -0.017417 -0.002026 -0.000000 0.000000 7.000000 0.039000
1953.000000 -0.017417 -0.002026 -0.000000 0.000000 7.000000 0.039000
1954.000000 -0.017417 -0.002026 -0.000000 0.000000 7.000000 0.039000
1955.000000 -0.017417 -0.002026 -0.000000 0.000000 7.000000 0.039000
1956.000000 -0.017417 -0.002026 -0.000000 0.000000 7.000000 0.039000
1957.000000 -0.017417 -0.002026 -0.000000 0.000000 7.000000 0.039000
1958.000000 -0.017417 -0.002026 -0.000000 0.000000 7.000000 0.039000
1959.000000 -0.017417 -0.002026 -0.000000 0.000000 7.000000 0.039000
1960.000000 -0.017417 -0.002026 -0.000000 0.000000 7.000000 0.039000
1961.000000 -0.017417 -0.002026 -0.000000 0.000000 7.000000 0.039000
1962.000000 -0.017417 -0.002026 -0.000000 0.000000 7.000000 0.039000
1963.000000 -0.017417 -0.002026 -0.000000 0.000000 7.000000 0.039000
1964.000000 -0.017417 -0.002026 -0.000000 0.000000 7.000000 0.039000
1965.000000 -0.017417 -0.002026 -0.000000 0.000000 7.000000 0.039000
1966.000000 -0.017417 -0.002026 -0.000000 0.000000 7.000000 0.039000
1967.000000 -0.017417 -0.002026 -0.000000 0.000000 7.000000 0.039000
1968.000000 -0.017417 -0.002026 -0.000000 0.000000 7.000000 0.039000
1969.000000 -0.017417 -0.002026 -0.000000 0.000000 7.000000 0.039000
1970.000000 -0.017417 -0.002026 -0.000000 0.000000 7.000000 0.039000
1971.000000 -0.017417 -0.002026 -0.000000 0.000000 7.000000 0.039000
1972.000000 -0.017417 -0.002026 -0.000000 0.000000 7.000000 0.039000
1973.000000 -0.017417 -0.002026 -0.000000 0.000000 7.000000 0.039000
1974.000000 -0.017417 -0.002026 -0.000000 0.000000 7.000000 0.039000
1975.000000 -0.017417 -0.002026 -0.000000 0.000000 7.000000 0.039000
1976.000000 -0.017417 -0.002026 -0.000000 0.000000 7.000000 0.039000
1977.000000 -0.017417 -0.002026 -0.000000 0.000000 7.000000 0.039000
1978.000000 -0.017417 -0.002026 -0.000000 0.000000 7.000000 0.039000
1979.000000 -0.017417 -0.002026 -0.000000 0.000000 7.000000 0.039000
1980.000000 -0.017417 -0.002026 -0.000000 0.000000 7.000000 0.039000
1981.000000 -0.017417 -0.002026 -0.000000 0.000000 7.000000 0.039000
1982.000000 -0.017417 -0.002026 -0.000000 0.000000 7.000000 0.039000
1983.000000 -0.017417 -0.002026 -0.000000 0.000000 7.000000 0.039000
1984.000000 -0.017417 -0.002026 -0.000000 0.000000 7.000000 0.039000
1985.000000 -0.017417 -0.002026 -0.000000 0.000000 7.000000 0.039000
1986.000000 -0.017417 -0.002026 -0.000000 0.000000 7.000000 0.039000
1987.000000 -0.017417 -0.002026 -0.000000 0.000000 7.000000 0.039000
1988.000000 -0.017417 -0.002026 -0.000000 0.000000 7.000000 0.039000
1989.000000 -0.017417 -0.002026 -0.000000 0.000000 7.000000 0.039000
1990.000000 -0.017417 -0.002026 -0.000000 0.000000 7.000000 0.039000
1991.000000 -0.017417 -0.002026 -0.000000 0.000000 7.000000 0.039000
1992.000000 -0.017417 -0.002026 -0.000000 0.000000 7.000000 0.039000
1993.000000 -0.017417 -0.002026 -0.000000 0.000000 7.000000 0.039000
1994.000000 -0.017417 -0.002026 -0.000000 0.000000 7.000000 0.039000
1995.000000 -0.017417 -0.002026 -0.000000 0.000000 7.000000 0.039000
1996.000000 -0.017417 -0.002026 -0.000000 0.000000 7.000000 0.039000
1997.000000 -0.017417 -0.002026 -0.000000 0.000000 7.000000 0.039000
1998.000000 -0.017417 -0.002026 -0.000000 0.000000 7.000000 0.039000
1999.000000 -0.017417 -0.002026 -0.000000 0.000000 7.000000 0.039000
2000.000000 -0.017417 -0.002026 -0.000000 0.000000 7.000000 0.039000
2001.000000 -0.017417 -0.002026 -0.000000 0.000000 7.000000 0.039000
2002.000000 -0.017417 -0.002026 -0.000000 0.000000 7.000000 0.039000
2003.000000 -0.017417 -0.002026 -0.000000 0.000000 7.000000 0.039000
2004.000000 -0.017417 -0.002026 -0.000000 0.000000 7.000000 0.039000
2005.000000 -0.017417 -0.002026 -0.000000 0.000000 7.000000 0.039000
2006.000000 -0.017417 -0.002026 -0.000000 0.000000 7.000000 0.039000
2007.000000 -0.017417 -0.002026 -0.000000 0.000000 7.000000 0.039000
2008.000000 -0.017417 -0.002026 -0.000000 0.000000 7.000000 0.039000
2009.000000 -0.017417 -0.002026 -0.000000 0.000000 7.000000 0.039000
2010.000000 -0.017417 -0.002026 -0.000000 0.000000 7.000000 0.039000
2011.000000 -0.017417 -0.002026 -0.000000 0.000000 7.000000 0.039000
2012.000000 -0.017417 -0.002026 -0.000000 0.000000 7.000000 0.039000
2013.000000 -0.017417 -0.002026 -0.000000 0.000000 7.000000 0.039000
2014.000000 -0.017417 -0.002026 -0.000000 0.000000 7.000000 0.039000
2015.000000 -0.017417 -0.002026 -0.000000 0.000000 7.000000 0.039000
2016.000000 -0.017417 -0.002026 -0.000000 0.000000 7.000000 0.039000
2017.000000 -0.017417 -0.002026 -0.000000 0.000000 7.000000 0.039000
2018.000000 -0.017417 -0.002026 -0.000000 0.000000 7.000000 0.039000
2019.000000 -0.017417 -0.002026 -0.000000 0.000000 7.000000 0.039000
2020.000000 -0.017417 -0.002026 -0.000000 0.000000 7.000000 0.039000
2021.000000 -0.017417 -0.002026 -0.000000 0.000000 7.000000 0.039000
2022.000000 -0.017417 -0.002026 -0.000000 0.000000 7.000000 0.039000
2023.000000 -0.017417 -0.002026 -0.000000 0.000000 7.000000 0.039000
2024.000000 -0.017417 -0.002026 -0.000000 0.000000 7.000000 0.039000
2025.000000 -0.017417 -0.002026 -0.000000 0.000000 7.000000 0.039000
2026.000000 -0.017417 -0.002026 -0.000000 0.000000 7.000000 0.039000
2027.000000 -0.017417 -0.002026 -0.000000 0.000000 7.000000 0.039000
2028.000000 -0.017417 -0.002026 -0.000000 0.000000 7.000000 0.039000
2029.000000 -0.017417 -0.002026 -0.000000 0.000000 7.000000 0.039000
2030.000000 -0.017417 -0.002026 -0.000000 0.000000 7.000000 0.039000
2031.000000 -0.017417 -0.002026 -0.000000 0.000000 7.000000 0.039000
