# imt log
s logheadsize 000234
s logcolumns 7
s logname /home/testac/lgames/fitts/20180718_Wed/run1.113316.dat
s logversion 2.0
s logdate "Wed Jul 18 11:33:16 EDT 2018"
s logidate 1531927996

# begin user data

# end user data

#####
1281.000000 0.000946 0.002540 -0.016186 -0.001226 0.000000 0.000000
1282.000000 0.000801 0.002577 -0.017906 0.001165 0.000000 0.000000
1283.000000 0.000736 0.002540 -0.019420 0.000581 0.000000 0.000000
1284.000000 0.000631 0.002540 -0.018252 -0.001513 7.000000 0.044000
1285.000000 0.000565 0.002503 -0.017659 -0.002580 7.000000 0.044000
1286.000000 0.000513 0.002503 -0.014782 -0.003120 7.000000 0.044000
1287.000000 0.000421 0.002540 -0.014616 0.000207 7.000000 0.044000
1288.000000 0.000356 0.002503 -0.015170 0.000102 7.000000 0.044000
1289.000000 0.000290 0.002466 -0.014153 -0.003553 7.000000 0.044000
1290.000000 0.000185 0.002466 -0.015572 -0.003613 7.000000 0.044000
1291.000000 0.000093 0.002503 -0.017592 -0.000040 7.000000 0.044000
1292.000000 -0.000025 0.002466 -0.019261 -0.000018 7.000000 0.044000
1293.000000 -0.000077 0.002466 -0.018175 -0.001808 7.000000 0.044000
1294.000000 -0.000103 0.002393 -0.013114 -0.004522 7.000000 0.044000
1295.000000 -0.000156 0.002393 -0.010534 -0.005904 7.000000 0.044000
1296.000000 -0.000248 0.002429 -0.012451 -0.001203 7.000000 0.044000
1297.000000 -0.000313 0.002393 -0.014069 -0.000608 7.000000 0.044000
1298.000000 -0.000366 0.002393 -0.012957 -0.002106 7.000000 0.044000
1299.000000 -0.000418 0.002393 -0.011751 -0.001068 7.000000 0.044000
1300.000000 -0.000523 0.002393 -0.013711 -0.000536 7.000000 0.044000
1301.000000 -0.000589 0.002356 -0.015351 -0.002064 7.000000 0.044000
1302.000000 -0.000602 0.002319 -0.011678 -0.004649 7.000000 0.044000
1303.000000 -0.000694 0.002356 -0.011100 -0.002361 7.000000 0.044000
1304.000000 -0.000733 0.002393 -0.012097 0.002408 7.000000 0.044000
1305.000000 -0.000747 0.002356 -0.008739 0.001230 7.000000 0.044000
1306.000000 -0.000799 0.002356 -0.007668 -0.001169 7.000000 0.044000
1307.000000 -0.000852 0.002357 -0.009057 -0.000587 7.000000 0.044000
1308.000000 -0.000891 0.002393 -0.009122 0.001509 7.000000 0.044000
1309.000000 -0.000943 0.002393 -0.009155 0.002578 7.000000 0.044000
1310.000000 -0.001009 0.002357 -0.010456 -0.000476 7.000000 0.044000
1311.000000 -0.001022 0.002320 -0.009187 -0.003837 7.000000 0.044000
1312.000000 -0.001022 0.002320 -0.005323 -0.003755 7.000000 0.044000
1313.000000 -0.001062 0.002357 -0.004645 -0.000108 7.000000 0.044000
1314.000000 -0.001062 0.002357 -0.004299 0.001750 7.000000 0.044000
1315.000000 -0.001075 0.002320 -0.002833 -0.000908 7.000000 0.044000
1316.000000 -0.001114 0.002357 -0.004018 -0.000457 7.000000 0.044000
1317.000000 -0.001127 0.002320 -0.004622 -0.000228 7.000000 0.044000
1318.000000 -0.001167 0.002357 -0.004930 -0.000110 7.000000 0.044000
1319.000000 -0.001180 0.002320 -0.005087 -0.000051 7.000000 0.044000
1320.000000 -0.001153 0.002247 -0.001945 -0.005430 7.000000 0.044000
1321.000000 -0.001153 0.002247 0.000299 -0.006371 7.000000 0.044000
1322.000000 -0.001140 0.002284 0.000795 -0.001446 7.000000 0.044000
1323.000000 -0.001153 0.002247 0.000405 -0.000737 7.000000 0.044000
1324.000000 -0.001193 0.002284 -0.002369 -0.000370 7.000000 0.044000
1325.000000 -0.001193 0.002284 -0.003139 0.001617 7.000000 0.044000
1326.000000 -0.001193 0.002284 -0.001600 0.000824 7.000000 0.044000
1327.000000 -0.001193 0.002284 -0.000815 0.000420 7.000000 0.044000
1328.000000 -0.001193 0.002284 -0.000415 0.000214 7.000000 0.044000
1329.000000 -0.001193 0.002284 -0.000212 0.000109 7.000000 0.044000
1330.000000 -0.001193 0.002284 -0.000108 0.000056 7.000000 0.044000
1331.000000 -0.001193 0.002284 -0.000055 0.000028 7.000000 0.044000
1332.000000 -0.001193 0.002284 -0.000028 0.000014 7.000000 0.044000
1333.000000 -0.001193 0.002284 -0.000014 0.000007 7.000000 0.044000
1334.000000 -0.001193 0.002284 -0.000007 0.000004 7.000000 0.044000
1335.000000 -0.001193 0.002284 -0.000004 0.000002 7.000000 0.044000
1336.000000 -0.001193 0.002284 -0.000002 0.000001 7.000000 0.044000
1337.000000 -0.001193 0.002284 -0.000001 0.000000 7.000000 0.044000
1338.000000 -0.001193 0.002284 -0.000000 0.000000 7.000000 0.044000
1339.000000 -0.001193 0.002284 -0.000000 0.000000 7.000000 0.044000
1340.000000 -0.001193 0.002284 -0.000000 0.000000 7.000000 0.044000
1341.000000 -0.001193 0.002284 -0.000000 0.000000 7.000000 0.044000
1342.000000 -0.001193 0.002284 -0.000000 0.000000 7.000000 0.044000
1343.000000 -0.001193 0.002284 -0.000000 0.000000 7.000000 0.044000
1344.000000 -0.001193 0.002284 -0.000000 0.000000 7.000000 0.044000
1345.000000 -0.001193 0.002284 -0.000000 0.000000 7.000000 0.044000
1346.000000 -0.001193 0.002284 -0.000000 0.000000 7.000000 0.044000
1347.000000 -0.001193 0.002284 -0.000000 0.000000 7.000000 0.044000
1348.000000 -0.001193 0.002284 -0.000000 0.000000 7.000000 0.044000
1349.000000 -0.001193 0.002284 -0.000000 0.000000 7.000000 0.044000
1350.000000 -0.001193 0.002284 -0.000000 0.000000 7.000000 0.044000
1351.000000 -0.001193 0.002284 -0.000000 0.000000 7.000000 0.044000
1352.000000 -0.001193 0.002284 -0.000000 0.000000 7.000000 0.044000
1353.000000 -0.001193 0.002284 -0.000000 0.000000 7.000000 0.044000
1354.000000 -0.001193 0.002284 -0.000000 0.000000 7.000000 0.044000
1355.000000 -0.001167 0.002357 0.001285 0.003599 7.000000 0.044000
1356.000000 -0.001167 0.002357 0.001939 0.005433 7.000000 0.044000
1357.000000 -0.001180 0.002320 0.000346 0.000968 7.000000 0.044000
1358.000000 -0.001180 0.002320 -0.000466 -0.001306 7.000000 0.044000
1359.000000 -0.001167 0.002357 0.000405 0.001134 7.000000 0.044000
1360.000000 -0.001167 0.002357 0.000849 0.002377 7.000000 0.044000
1361.000000 -0.001167 0.002357 0.000432 0.001211 7.000000 0.044000
1362.000000 -0.001167 0.002357 0.000220 0.000617 7.000000 0.044000
1363.000000 -0.001167 0.002357 0.000112 0.000314 7.000000 0.044000
1364.000000 -0.001167 0.002357 0.000057 0.000160 7.000000 0.044000
1365.000000 -0.001167 0.002357 0.000029 0.000082 7.000000 0.044000
1366.000000 -0.001167 0.002357 0.000015 0.000042 7.000000 0.044000
1367.000000 -0.001167 0.002357 0.000008 0.000021 7.000000 0.044000
1368.000000 -0.001167 0.002357 0.000004 0.000011 7.000000 0.044000
1369.000000 -0.001167 0.002357 0.000002 0.000006 7.000000 0.044000
1370.000000 -0.001167 0.002357 0.000001 0.000003 7.000000 0.044000
1371.000000 -0.001167 0.002357 0.000001 0.000001 7.000000 0.044000
1372.000000 -0.001167 0.002357 0.000000 0.000001 7.000000 0.044000
1373.000000 -0.001167 0.002357 0.000000 0.000000 7.000000 0.044000
1374.000000 -0.001167 0.002357 0.000000 0.000000 7.000000 0.044000
1375.000000 -0.001167 0.002357 0.000000 0.000000 7.000000 0.044000
1376.000000 -0.001167 0.002357 0.000000 0.000000 7.000000 0.044000
1377.000000 -0.001167 0.002357 0.000000 0.000000 7.000000 0.044000
1378.000000 -0.001167 0.002357 0.000000 0.000000 7.000000 0.044000
1379.000000 -0.001167 0.002357 0.000000 0.000000 7.000000 0.044000
1380.000000 -0.001167 0.002357 0.000000 0.000000 7.000000 0.044000
1381.000000 -0.001167 0.002357 0.000000 0.000000 7.000000 0.044000
1382.000000 -0.001167 0.002357 0.000000 0.000000 7.000000 0.044000
1383.000000 -0.001167 0.002357 0.000000 0.000000 7.000000 0.044000
1384.000000 -0.001167 0.002357 0.000000 0.000000 7.000000 0.044000
1385.000000 -0.001167 0.002357 0.000000 0.000000 7.000000 0.044000
1386.000000 -0.001167 0.002357 0.000000 0.000000 7.000000 0.044000
1387.000000 -0.001167 0.002357 0.000000 0.000000 7.000000 0.044000
1388.000000 -0.001167 0.002357 0.000000 0.000000 7.000000 0.044000
1389.000000 -0.001167 0.002357 0.000000 0.000000 7.000000 0.044000
1390.000000 -0.001167 0.002357 0.000000 0.000000 7.000000 0.044000
1391.000000 -0.001167 0.002357 0.000000 0.000000 7.000000 0.044000
1392.000000 -0.001167 0.002357 0.000000 0.000000 7.000000 0.044000
1393.000000 -0.001167 0.002357 0.000000 0.000000 7.000000 0.044000
1394.000000 -0.001167 0.002357 0.000000 0.000000 7.000000 0.044000
1395.000000 -0.001167 0.002357 0.000000 0.000000 7.000000 0.044000
1396.000000 -0.001167 0.002357 0.000000 0.000000 7.000000 0.044000
1397.000000 -0.001167 0.002357 0.000000 0.000000 7.000000 0.044000
1398.000000 -0.001167 0.002357 0.000000 0.000000 7.000000 0.044000
1399.000000 -0.001167 0.002357 0.000000 0.000000 7.000000 0.044000
1400.000000 -0.001167 0.002357 0.000000 0.000000 7.000000 0.044000
1401.000000 -0.001167 0.002357 0.000000 0.000000 7.000000 0.044000
1402.000000 -0.001167 0.002357 0.000000 0.000000 7.000000 0.044000
1403.000000 -0.001167 0.002357 0.000000 0.000000 7.000000 0.044000
1404.000000 -0.001167 0.002357 0.000000 0.000000 7.000000 0.044000
1405.000000 -0.001167 0.002357 0.000000 0.000000 7.000000 0.044000
1406.000000 -0.001167 0.002357 0.000000 0.000000 7.000000 0.044000
1407.000000 -0.001167 0.002357 0.000000 0.000000 7.000000 0.044000
1408.000000 -0.001167 0.002357 0.000000 0.000000 7.000000 0.044000
1409.000000 -0.001167 0.002357 0.000000 0.000000 7.000000 0.044000
1410.000000 -0.001167 0.002357 0.000000 0.000000 7.000000 0.044000
1411.000000 -0.001167 0.002357 0.000000 0.000000 7.000000 0.044000
1412.000000 -0.001167 0.002357 0.000000 0.000000 7.000000 0.044000
1413.000000 -0.001167 0.002357 0.000000 0.000000 7.000000 0.044000
1414.000000 -0.001167 0.002357 0.000000 0.000000 7.000000 0.044000
1415.000000 -0.001167 0.002357 0.000000 0.000000 7.000000 0.044000
1416.000000 -0.001167 0.002357 0.000000 0.000000 7.000000 0.044000
1417.000000 -0.001167 0.002357 0.000000 0.000000 7.000000 0.044000
1418.000000 -0.001167 0.002357 0.000000 0.000000 7.000000 0.044000
1419.000000 -0.001167 0.002357 0.000000 0.000000 7.000000 0.044000
1420.000000 -0.001167 0.002357 0.000000 0.000000 7.000000 0.044000
1421.000000 -0.001167 0.002357 0.000000 0.000000 7.000000 0.044000
1422.000000 -0.001167 0.002357 0.000000 0.000000 7.000000 0.044000
1423.000000 -0.001167 0.002357 0.000000 0.000000 7.000000 0.044000
1424.000000 -0.001167 0.002357 0.000000 0.000000 7.000000 0.044000
1425.000000 -0.001167 0.002357 0.000000 0.000000 7.000000 0.044000
1426.000000 -0.001167 0.002357 0.000000 0.000000 7.000000 0.044000
1427.000000 -0.001167 0.002357 0.000000 0.000000 7.000000 0.044000
1428.000000 -0.001167 0.002357 0.000000 0.000000 7.000000 0.044000
1429.000000 -0.001167 0.002357 0.000000 0.000000 7.000000 0.044000
1430.000000 -0.001167 0.002357 0.000000 0.000000 7.000000 0.044000
1431.000000 -0.001167 0.002357 0.000000 0.000000 7.000000 0.044000
1432.000000 -0.001167 0.002357 0.000000 0.000000 7.000000 0.044000
1433.000000 -0.001167 0.002357 0.000000 0.000000 7.000000 0.044000
1434.000000 -0.001167 0.002357 0.000000 0.000000 7.000000 0.044000
1435.000000 -0.001167 0.002357 0.000000 0.000000 7.000000 0.044000
1436.000000 -0.001167 0.002357 0.000000 0.000000 7.000000 0.044000
1437.000000 -0.001167 0.002357 0.000000 0.000000 7.000000 0.044000
1438.000000 -0.001167 0.002357 0.000000 0.000000 7.000000 0.044000
1439.000000 -0.001167 0.002357 0.000000 0.000000 7.000000 0.044000
1440.000000 -0.001167 0.002357 0.000000 0.000000 7.000000 0.044000
1441.000000 -0.001167 0.002357 0.000000 0.000000 7.000000 0.044000
1442.000000 -0.001167 0.002357 0.000000 0.000000 7.000000 0.044000
1443.000000 -0.001167 0.002357 0.000000 0.000000 7.000000 0.044000
1444.000000 -0.001167 0.002357 0.000000 0.000000 7.000000 0.044000
1445.000000 -0.001167 0.002357 0.000000 0.000000 7.000000 0.044000
1446.000000 -0.001167 0.002357 0.000000 0.000000 7.000000 0.044000
1447.000000 -0.001167 0.002357 0.000000 0.000000 7.000000 0.044000
1448.000000 -0.001167 0.002357 0.000000 0.000000 7.000000 0.044000
1449.000000 -0.001167 0.002357 0.000000 0.000000 7.000000 0.044000
1450.000000 -0.001167 0.002357 0.000000 0.000000 7.000000 0.044000
1451.000000 -0.001167 0.002357 0.000000 0.000000 7.000000 0.044000
1452.000000 -0.001167 0.002357 0.000000 0.000000 7.000000 0.044000
1453.000000 -0.001167 0.002357 0.000000 0.000000 7.000000 0.044000
1454.000000 -0.001167 0.002357 0.000000 0.000000 7.000000 0.044000
1455.000000 -0.001167 0.002357 0.000000 0.000000 7.000000 0.044000
1456.000000 -0.001167 0.002357 0.000000 0.000000 7.000000 0.044000
1457.000000 -0.001167 0.002357 0.000000 0.000000 7.000000 0.044000
1458.000000 -0.001167 0.002357 0.000000 0.000000 7.000000 0.044000
1459.000000 -0.001167 0.002357 0.000000 0.000000 7.000000 0.044000
1460.000000 -0.001167 0.002357 0.000000 0.000000 7.000000 0.044000
1461.000000 -0.001127 0.002320 0.001933 -0.001805 7.000000 0.044000
1462.000000 -0.001127 0.002320 0.002917 -0.002724 7.000000 0.044000
1463.000000 -0.001127 0.002320 0.001486 -0.001388 7.000000 0.044000
1464.000000 -0.001127 0.002320 0.000757 -0.000707 7.000000 0.044000
1465.000000 -0.001127 0.002320 0.000386 -0.000360 7.000000 0.044000
1466.000000 -0.001127 0.002320 0.000197 -0.000184 7.000000 0.044000
1467.000000 -0.001127 0.002320 0.000100 -0.000094 7.000000 0.044000
1468.000000 -0.001127 0.002320 0.000051 -0.000048 7.000000 0.044000
1469.000000 -0.001088 0.002284 0.001959 -0.001829 7.000000 0.044000
1470.000000 -0.001101 0.002247 0.002288 -0.004536 7.000000 0.044000
1471.000000 -0.001075 0.002173 0.001814 -0.007714 7.000000 0.044000
1472.000000 -0.001114 0.002210 0.000281 -0.005730 7.000000 0.044000
1473.000000 -0.001114 0.002210 -0.001790 -0.001115 7.000000 0.044000
1474.000000 -0.001075 0.002173 0.001021 -0.002372 7.000000 0.044000
1475.000000 -0.001075 0.002173 0.002453 -0.003013 7.000000 0.044000
1476.000000 -0.001088 0.002137 0.000607 -0.003335 7.000000 0.044000
1477.000000 -0.001088 0.002137 -0.000334 -0.003498 7.000000 0.044000
1478.000000 -0.001048 0.002100 0.001763 -0.003587 7.000000 0.044000
1479.000000 -0.001061 0.002063 0.002188 -0.005431 7.000000 0.044000
1480.000000 -0.001074 0.002026 -0.000172 -0.006365 7.000000 0.044000
1481.000000 -0.001088 0.001990 -0.001374 -0.006841 7.000000 0.044000
1482.000000 -0.001074 0.002026 -0.000700 -0.003486 7.000000 0.044000
1483.000000 -0.001074 0.002026 0.000287 0.000023 7.000000 0.044000
1484.000000 -0.001088 0.001990 -0.000497 -0.001787 7.000000 0.044000
1485.000000 -0.001048 0.001953 0.001037 -0.004514 7.000000 0.044000
1486.000000 -0.001061 0.001916 0.001818 -0.005903 7.000000 0.044000
1487.000000 -0.001022 0.001880 0.002216 -0.006610 7.000000 0.044000
1488.000000 -0.001035 0.001843 0.002419 -0.006971 7.000000 0.044000
1489.000000 -0.001048 0.001806 -0.000056 -0.007150 7.000000 0.044000
1490.000000 -0.001101 0.001806 -0.003250 -0.005436 7.000000 0.044000
1491.000000 -0.001061 0.001769 -0.002300 -0.004569 7.000000 0.044000
1492.000000 -0.001061 0.001769 0.000762 -0.004132 7.000000 0.044000
1493.000000 -0.001074 0.001733 -0.000256 -0.003904 7.000000 0.044000
1494.000000 -0.001074 0.001733 -0.000775 -0.003788 7.000000 0.044000
1495.000000 -0.001088 0.001696 -0.001039 -0.003729 7.000000 0.044000
1496.000000 -0.001061 0.001623 0.000115 -0.007301 7.000000 0.044000
1497.000000 -0.001022 0.001586 0.003282 -0.009126 7.000000 0.044000
1498.000000 -0.001048 0.001513 0.002316 -0.010050 7.000000 0.044000
1499.000000 -0.001101 0.001513 -0.002690 -0.008713 11.000000 0.044000
1500.000000 -0.001048 0.001513 -0.001370 -0.004439 11.000000 0.044000
1501.000000 -0.001061 0.001476 0.001236 -0.004065 11.000000 0.044000
1502.000000 -0.001074 0.001439 -0.000661 -0.005668 11.000000 0.044000
1503.000000 -0.001088 0.001402 -0.001628 -0.006485 11.000000 0.044000
1504.000000 -0.001048 0.001366 0.000459 -0.006906 11.000000 0.044000
1505.000000 -0.001022 0.001292 0.003457 -0.008923 11.000000 0.044000
1506.000000 -0.001035 0.001256 0.002404 -0.009946 11.000000 0.044000
1507.000000 -0.001061 0.001182 -0.000714 -0.010462 11.000000 0.044000
1508.000000 -0.001061 0.001182 -0.001656 -0.008927 11.000000 0.044000
1509.000000 -0.001061 0.001182 -0.000844 -0.004548 11.000000 0.044000
1510.000000 -0.001075 0.001146 -0.001076 -0.004115 11.000000 0.044000
1511.000000 -0.001048 0.001072 0.000093 -0.007496 11.000000 0.044000
1512.000000 -0.001061 0.001035 0.000688 -0.009218 11.000000 0.044000
1513.000000 -0.001035 0.000962 0.000991 -0.010095 11.000000 0.044000
1514.000000 -0.001009 0.000889 0.003080 -0.012344 11.000000 0.044000
1515.000000 -0.001022 0.000852 0.002209 -0.011687 11.000000 0.044000
1516.000000 -0.001009 0.000742 0.001118 -0.013150 11.000000 0.044000
1517.000000 -0.001062 0.000742 -0.001374 -0.012093 11.000000 0.044000
1518.000000 -0.001022 0.000705 -0.001348 -0.007959 11.000000 0.044000
1519.000000 -0.001036 0.000669 0.000600 -0.007655 11.000000 0.044000
1520.000000 -0.001009 0.000595 0.000945 -0.009297 11.000000 0.044000
1521.000000 -0.001022 0.000559 0.001120 -0.010134 11.000000 0.044000
1522.000000 -0.001009 0.000448 0.000559 -0.012357 11.000000 0.044000
1523.000000 -0.000983 0.000375 0.002209 -0.015291 11.000000 0.044000
1524.000000 -0.000970 0.000265 0.003049 -0.016785 11.000000 0.044000
1525.000000 -0.000997 0.000192 0.000890 -0.017541 11.000000 0.044000
1526.000000 -0.001010 0.000155 -0.001496 -0.014328 11.000000 0.044000
1527.000000 -0.001023 0.000118 -0.002062 -0.010894 11.000000 0.044000
1528.000000 -0.000997 0.000045 -0.000415 -0.010945 11.000000 0.044000
1529.000000 -0.000984 -0.000065 0.001709 -0.014569 11.000000 0.044000
1530.000000 -0.000997 -0.000102 0.000855 -0.014614 11.000000 0.044000
1531.000000 -0.000984 -0.000212 0.000418 -0.014636 11.000000 0.044000
1532.000000 -0.000958 -0.000285 0.002132 -0.016448 11.000000 0.044000
1533.000000 -0.000958 -0.000432 0.002352 -0.019166 11.000000 0.044000
1534.000000 -0.000932 -0.000505 0.002465 -0.020550 11.000000 0.044000
1535.000000 -0.000959 -0.000578 0.001235 -0.017659 11.000000 0.044000
1536.000000 -0.000972 -0.000615 -0.001328 -0.014385 11.000000 0.044000
1537.000000 -0.000946 -0.000688 -0.000045 -0.012721 11.000000 0.044000
1538.000000 -0.000933 -0.000798 0.001892 -0.015469 11.000000 0.044000
1539.000000 -0.000920 -0.000908 0.002225 -0.018663 11.000000 0.044000
1540.000000 -0.000907 -0.001018 0.002394 -0.020290 11.000000 0.044000
1541.000000 -0.000855 -0.001165 0.004417 -0.022917 11.000000 0.044000
1542.000000 -0.000842 -0.001274 0.005447 -0.024254 11.000000 0.044000
1543.000000 -0.000843 -0.001421 0.003377 -0.024930 11.000000 0.044000
1544.000000 -0.000869 -0.001494 0.000382 -0.023475 11.000000 0.044000
1545.000000 -0.000843 -0.001567 0.000167 -0.019144 11.000000 0.044000
1546.000000 -0.000830 -0.001677 0.001994 -0.018735 11.000000 0.044000
1547.000000 -0.000818 -0.001787 0.002269 -0.020320 11.000000 0.044000
1548.000000 -0.000818 -0.001934 0.001750 -0.022921 11.000000 0.044000
1549.000000 -0.000805 -0.002044 0.001485 -0.024246 11.000000 0.044000
1550.000000 -0.000753 -0.002190 0.003945 -0.024922 11.000000 0.044000
1551.000000 -0.000767 -0.002373 0.003880 -0.028853 11.000000 0.044000
1552.000000 -0.000794 -0.002446 -0.000034 -0.027261 11.000000 0.044000
1553.000000 -0.000795 -0.002593 -0.001373 -0.024654 11.000000 0.044000
1554.000000 -0.000729 -0.002702 0.002485 -0.025126 11.000000 0.044000
1555.000000 -0.000730 -0.002849 0.004447 -0.025365 11.000000 0.044000
1556.000000 -0.000731 -0.002995 0.002186 -0.027275 11.000000 0.044000
1557.000000 -0.000731 -0.003141 0.001031 -0.028246 11.000000 0.044000
1558.000000 -0.000693 -0.003324 0.002381 -0.030535 11.000000 0.044000
1559.000000 -0.000654 -0.003507 0.005007 -0.033494 11.000000 0.044000
1560.000000 -0.000629 -0.003727 0.005680 -0.036791 11.000000 0.044000
1561.000000 -0.000669 -0.003836 0.002136 -0.034880 11.000000 0.044000
1562.000000 -0.000631 -0.004019 0.000991 -0.032111 11.000000 0.044000
1563.000000 -0.000618 -0.004129 0.003012 -0.030703 11.000000 0.044000
1564.000000 -0.000593 -0.004348 0.003374 -0.031774 11.000000 0.044000
1565.000000 -0.000554 -0.004531 0.004836 -0.035903 11.000000 0.044000
1566.000000 -0.000529 -0.004750 0.005576 -0.038003 11.000000 0.044000
1567.000000 -0.000491 -0.004933 0.005952 -0.039070 11.000000 0.044000
1568.000000 -0.000466 -0.005152 0.006138 -0.039610 11.000000 0.044000
1569.000000 -0.000415 -0.005444 0.006839 -0.045253 11.000000 0.044000
1570.000000 -0.000430 -0.005627 0.005245 -0.046334 11.000000 0.044000
1571.000000 -0.000405 -0.005846 0.003153 -0.043298 11.000000 0.044000
1572.000000 -0.000367 -0.006029 0.004699 -0.041751 11.000000 0.044000
1573.000000 -0.000342 -0.006248 0.005483 -0.040959 11.000000 0.044000
1574.000000 -0.000291 -0.006540 0.006482 -0.045919 11.000000 0.044000
1575.000000 -0.000267 -0.006759 0.006987 -0.048443 11.000000 0.044000
1576.000000 -0.000216 -0.007051 0.007238 -0.049721 11.000000 0.044000
1577.000000 -0.000166 -0.007342 0.008635 -0.053944 11.000000 0.044000
1578.000000 -0.000129 -0.007671 0.008663 -0.057875 11.000000 0.044000
1579.000000 -0.000144 -0.007853 0.005451 -0.054513 11.000000 0.044000
1580.000000 -0.000094 -0.008144 0.004484 -0.051004 11.000000 0.044000
1581.000000 -0.000043 -0.008436 0.007207 -0.054574 11.000000 0.044000
1582.000000 0.000046 -0.008764 0.010540 -0.058169 11.000000 0.044000
1583.000000 0.000083 -0.009092 0.011552 -0.061779 11.000000 0.044000
1584.000000 0.000119 -0.009419 0.009428 -0.063611 11.000000 0.044000
1585.000000 0.000169 -0.009711 0.009021 -0.062751 11.000000 0.044000
1586.000000 0.000285 -0.010111 0.012712 -0.065868 11.000000 0.044000
1587.000000 0.000307 -0.010475 0.013214 -0.071017 11.000000 0.044000
1588.000000 0.000329 -0.010839 0.008868 -0.071848 11.000000 0.044000
1589.000000 0.000418 -0.011166 0.009973 -0.070477 11.000000 0.044000
1590.000000 0.000494 -0.011530 0.013166 -0.069766 11.000000 0.044000
1591.000000 0.000555 -0.011929 0.013411 -0.072957 11.000000 0.044000
1592.000000 0.000617 -0.012329 0.012838 -0.076353 11.000000 0.044000
1593.000000 0.000678 -0.012729 0.012533 -0.078071 11.000000 0.044000
1594.000000 0.000779 -0.013164 0.014326 -0.080708 11.000000 0.044000
1595.000000 0.000880 -0.013600 0.017189 -0.083813 11.000000 0.044000
1596.000000 0.000927 -0.014035 0.015980 -0.085384 11.000000 0.044000
1597.000000 0.000974 -0.014471 0.012695 -0.086175 11.000000 0.044000
1598.000000 0.001074 -0.014906 0.013668 -0.086557 11.000000 0.044000
1599.000000 0.001135 -0.015304 0.014847 -0.084960 11.000000 0.044000
1600.000000 0.001221 -0.015775 0.014738 -0.085906 11.000000 0.044000
1601.000000 0.001307 -0.016246 0.015933 -0.089922 11.000000 0.044000
1602.000000 0.001379 -0.016753 0.015821 -0.093725 11.000000 0.044000
1603.000000 0.001465 -0.017223 0.015752 -0.095644 11.000000 0.044000
1604.000000 0.001590 -0.017730 0.018374 -0.096591 11.000000 0.044000
1605.000000 0.001647 -0.018272 0.018274 -0.100604 11.000000 0.044000
1606.000000 0.001732 -0.018742 0.016246 -0.100862 11.000000 0.044000
1607.000000 0.001818 -0.019212 0.016612 -0.097425 11.000000 0.044000
1608.000000 0.001888 -0.019717 0.016071 -0.097429 11.000000 0.044000
1609.000000 0.001984 -0.020295 0.016322 -0.102715 11.000000 0.044000
1610.000000 0.002054 -0.020800 0.016430 -0.105388 11.000000 0.044000
1611.000000 0.002165 -0.021341 0.017183 -0.104952 11.000000 0.044000
1612.000000 0.002260 -0.021918 0.018801 -0.108235 11.000000 0.044000
1613.000000 0.002315 -0.022459 0.016910 -0.109896 11.000000 0.044000
1614.000000 0.002425 -0.022999 0.016650 -0.108946 11.000000 0.044000
1615.000000 0.002465 -0.023575 0.015762 -0.110206 11.000000 0.044000
1616.000000 0.002574 -0.024115 0.015298 -0.110823 11.000000 0.044000
1617.000000 0.002668 -0.024690 0.017737 -0.111097 11.000000 0.044000
1618.000000 0.002762 -0.025265 0.018234 -0.112977 11.000000 0.044000
1619.000000 0.002841 -0.025876 0.017731 -0.115671 11.000000 0.044000
1620.000000 0.002895 -0.026415 0.015469 -0.115268 11.000000 0.044000
1621.000000 0.003013 -0.027061 0.016271 -0.116777 11.000000 0.044000
1622.000000 0.003092 -0.027671 0.017900 -0.121032 11.000000 0.044000
1623.000000 0.003170 -0.028281 0.016718 -0.121418 11.000000 0.044000
1624.000000 0.003192 -0.028891 0.013353 -0.121600 11.000000 0.044000
1625.000000 0.003284 -0.029464 0.012358 -0.119903 11.000000 0.044000
1626.000000 0.003361 -0.030073 0.014544 -0.118992 11.000000 0.044000
1627.000000 0.003423 -0.030717 0.014140 -0.122015 11.000000 0.044000
1628.000000 0.003540 -0.031361 0.015898 -0.125263 11.000000 0.044000
1629.000000 0.003616 -0.031968 0.017509 -0.125127 11.000000 0.044000
1630.000000 0.003661 -0.032648 0.014799 -0.126794 11.000000 0.044000
1631.000000 0.003777 -0.033290 0.015388 -0.129348 11.000000 0.044000
1632.000000 0.003837 -0.033933 0.016399 -0.128858 11.000000 0.044000
1633.000000 0.003840 -0.034575 0.011372 -0.128610 11.000000 0.044000
1634.000000 0.003930 -0.035146 0.010304 -0.124948 11.000000 0.044000
1635.000000 0.003973 -0.035823 0.011705 -0.124778 11.000000 0.044000
1636.000000 0.004032 -0.036464 0.010868 -0.128165 11.000000 0.044000
1637.000000 0.004130 -0.037141 0.013166 -0.129829 11.000000 0.044000
1638.000000 0.004172 -0.037817 0.013527 -0.132391 11.000000 0.044000
1639.000000 0.004270 -0.038492 0.013681 -0.133654 11.000000 0.044000
1640.000000 0.004311 -0.039167 0.013711 -0.134260 11.000000 0.044000
1641.000000 0.004352 -0.039842 0.010912 -0.134549 11.000000 0.044000
1642.000000 0.004352 -0.040482 0.007432 -0.132936 11.000000 0.044000
1643.000000 0.004448 -0.041156 0.008406 -0.132053 11.000000 0.044000
1644.000000 0.004503 -0.041794 0.011646 -0.131548 11.000000 0.044000
1645.000000 0.004526 -0.042503 0.009681 -0.133012 11.000000 0.044000
1646.000000 0.004565 -0.043176 0.007855 -0.135464 11.000000 0.044000
1647.000000 0.004603 -0.043849 0.007661 -0.134930 11.000000 0.044000
1648.000000 0.004681 -0.044556 0.009530 -0.136333 11.000000 0.044000
1649.000000 0.004718 -0.045228 0.010438 -0.137009 11.000000 0.044000
1650.000000 0.004780 -0.045970 0.010062 -0.139043 11.000000 0.044000
1651.000000 0.004775 -0.046606 0.007809 -0.138331 11.000000 0.044000
1652.000000 0.004827 -0.047241 0.006203 -0.132739 11.000000 0.044000
1653.000000 0.004846 -0.047946 0.006545 -0.133298 11.000000 0.044000
1654.000000 0.004881 -0.048616 0.005880 -0.135281 11.000000 0.044000
1655.000000 0.004882 -0.049356 0.004674 -0.137975 11.000000 0.044000
1656.000000 0.004916 -0.050025 0.004018 -0.139309 11.000000 0.044000
1657.000000 0.004974 -0.050764 0.006453 -0.139914 11.000000 0.044000
1658.000000 0.004991 -0.051467 0.006835 -0.141911 11.000000 0.044000
1659.000000 0.005023 -0.052135 0.005777 -0.139450 11.000000 0.044000
1660.000000 0.004981 -0.052838 0.002335 -0.138175 11.000000 0.044000
1661.000000 0.005029 -0.053469 0.001366 -0.135763 11.000000 0.044000
1662.000000 0.005043 -0.054171 0.003653 -0.134464 11.000000 0.044000
1663.000000 0.005057 -0.054872 0.003131 -0.137211 11.000000 0.044000
1664.000000 0.005070 -0.055573 0.002811 -0.138565 11.000000 0.044000
1665.000000 0.005083 -0.056273 0.002594 -0.139210 11.000000 0.044000
1666.000000 0.005095 -0.056973 0.002430 -0.139493 11.000000 0.044000
1667.000000 0.005106 -0.057672 0.002293 -0.139592 11.000000 0.044000
1668.000000 0.005076 -0.058336 0.000138 -0.137905 11.000000 0.044000
1669.000000 0.005086 -0.059035 -0.001012 -0.136999 11.000000 0.044000
1670.000000 0.005113 -0.059698 0.001223 -0.136475 11.000000 0.044000
1671.000000 0.005123 -0.060395 0.002309 -0.136161 11.000000 0.044000
1672.000000 0.005090 -0.061058 -0.000065 -0.135985 11.000000 0.044000
1673.000000 0.005099 -0.061754 -0.001327 -0.135848 11.000000 0.044000
1674.000000 0.005089 -0.062485 -0.000846 -0.139132 11.000000 0.044000
1675.000000 0.005114 -0.063146 0.000206 -0.139052 11.000000 0.044000
1676.000000 0.005062 -0.063842 -0.001364 -0.137275 11.000000 0.044000
1677.000000 0.005044 -0.064467 -0.004243 -0.134648 11.000000 0.044000
1678.000000 0.004990 -0.065162 -0.005780 -0.133262 11.000000 0.044000
1679.000000 0.005013 -0.065821 -0.004563 -0.134201 11.000000 0.044000
1680.000000 0.004976 -0.066480 -0.003146 -0.132929 11.000000 0.044000
1681.000000 0.004980 -0.067173 -0.003333 -0.133941 11.000000 0.044000
1682.000000 0.004983 -0.067866 -0.001441 -0.136091 11.000000 0.044000
1683.000000 0.004927 -0.068558 -0.003450 -0.137163 11.000000 0.044000
1684.000000 0.004947 -0.069215 -0.003647 -0.135964 11.000000 0.044000
1685.000000 0.004949 -0.069906 -0.000890 -0.135282 11.000000 0.044000
1686.000000 0.004867 -0.070528 -0.004504 -0.133245 11.000000 0.044000
1687.000000 0.004808 -0.071219 -0.009330 -0.132180 11.000000 0.044000
1688.000000 0.004826 -0.071874 -0.006862 -0.133250 11.000000 0.044000
1689.000000 0.004802 -0.072495 -0.003897 -0.130363 11.000000 0.044000
1690.000000 0.004741 -0.073184 -0.006259 -0.130562 11.000000 0.044000
1691.000000 0.004716 -0.073803 -0.007506 -0.130627 11.000000 0.044000
1692.000000 0.004654 -0.074492 -0.008211 -0.130610 11.000000 0.044000
1693.000000 0.004651 -0.075179 -0.007457 -0.133917 11.000000 0.044000
1694.000000 0.004648 -0.075866 -0.004186 -0.135531 11.000000 0.044000
1695.000000 0.004561 -0.076485 -0.006682 -0.132979 11.000000 0.044000
1696.000000 0.004515 -0.077137 -0.010060 -0.129968 11.000000 0.044000
1697.000000 0.004487 -0.077754 -0.008878 -0.128375 11.000000 0.044000
1698.000000 0.004439 -0.078405 -0.008332 -0.127519 11.000000 0.044000
1699.000000 0.004392 -0.079056 -0.009008 -0.128725 11.000000 0.044000
1700.000000 0.004343 -0.079706 -0.009409 -0.129295 11.000000 0.044000
1701.000000 0.004253 -0.080322 -0.011729 -0.127884 11.000000 0.044000
1702.000000 0.004245 -0.081005 -0.010905 -0.128777 11.000000 0.044000
1703.000000 0.004153 -0.081620 -0.010545 -0.129193 11.000000 0.044000
1704.000000 0.004061 -0.082235 -0.014536 -0.126045 11.000000 0.044000
1705.000000 0.004028 -0.082849 -0.013641 -0.124383 11.000000 0.044000
1706.000000 0.003977 -0.083496 -0.011182 -0.125149 11.000000 0.044000
1707.000000 0.003901 -0.084075 -0.012036 -0.123849 11.000000 0.044000
1708.000000 0.003830 -0.084756 -0.013458 -0.124808 11.000000 0.044000
1709.000000 0.003753 -0.085335 -0.014229 -0.125264 11.000000 0.044000
1710.000000 0.003699 -0.085981 -0.013755 -0.123777 11.000000 0.044000
1711.000000 0.003645 -0.086626 -0.012430 -0.126300 11.000000 0.044000
1712.000000 0.003567 -0.087203 -0.012938 -0.124228 11.000000 0.044000
1713.000000 0.003450 -0.087848 -0.016264 -0.123140 11.000000 0.044000
1714.000000 0.003390 -0.088391 -0.017059 -0.120892 11.000000 0.044000
1715.000000 0.003291 -0.089001 -0.016590 -0.118036 11.000000 0.044000
1716.000000 0.003192 -0.089610 -0.018282 -0.119870 11.000000 0.044000
1717.000000 0.003111 -0.090186 -0.018253 -0.119105 11.000000 0.044000
1718.000000 0.003011 -0.090794 -0.018297 -0.118672 11.000000 0.044000
1719.000000 0.002971 -0.091403 -0.016294 -0.120059 11.000000 0.044000
1720.000000 0.002869 -0.092011 -0.015333 -0.120722 11.000000 0.044000
1721.000000 0.002829 -0.092618 -0.014886 -0.121020 11.000000 0.044000
1722.000000 0.002684 -0.093191 -0.016792 -0.119489 11.000000 0.044000
1723.000000 0.002620 -0.093731 -0.018917 -0.115379 11.000000 0.044000
1724.000000 0.002516 -0.094337 -0.017989 -0.114884 11.000000 0.044000
1725.000000 0.002411 -0.094943 -0.019486 -0.117897 11.000000 0.044000
1726.000000 0.002346 -0.095481 -0.018368 -0.116096 11.000000 0.044000
1727.000000 0.002240 -0.096086 -0.017859 -0.115134 11.000000 0.044000
1728.000000 0.002196 -0.096690 -0.016530 -0.117893 11.000000 0.044000
1729.000000 0.002109 -0.097261 -0.014937 -0.117612 11.000000 0.044000
1730.000000 0.001960 -0.097832 -0.019306 -0.115801 11.000000 0.044000
1731.000000 0.001830 -0.098368 -0.023658 -0.113208 11.000000 0.044000
1732.000000 0.001761 -0.098904 -0.021893 -0.110200 11.000000 0.044000
1733.000000 0.001630 -0.099440 -0.021046 -0.108633 11.000000 0.044000
1734.000000 0.001541 -0.100008 -0.021636 -0.109440 11.000000 0.044000
1735.000000 0.001451 -0.100577 -0.019907 -0.111446 11.000000 0.044000
1736.000000 0.001361 -0.101145 -0.019074 -0.112430 11.000000 0.044000
1737.000000 0.001270 -0.101712 -0.018697 -0.112893 11.000000 0.044000
1738.000000 0.001199 -0.102246 -0.017560 -0.111458 11.000000 0.044000
1739.000000 0.001107 -0.102813 -0.017029 -0.110688 11.000000 0.044000
1740.000000 0.000972 -0.103346 -0.019879 -0.110266 11.000000 0.044000
1741.000000 0.000857 -0.103846 -0.022464 -0.106757 11.000000 0.044000
1742.000000 0.000764 -0.104411 -0.021748 -0.106559 11.000000 0.044000
1743.000000 0.000691 -0.104944 -0.019337 -0.108054 11.000000 0.044000
1744.000000 0.000554 -0.105475 -0.020245 -0.107151 11.000000 0.044000
1745.000000 0.000459 -0.106040 -0.021752 -0.108282 11.000000 0.044000
1746.000000 0.000385 -0.106571 -0.019475 -0.108823 11.000000 0.044000
1747.000000 0.000310 -0.107101 -0.017352 -0.107437 11.000000 0.044000
1748.000000 0.000171 -0.107632 -0.019411 -0.106696 11.000000 0.044000
1749.000000 0.000053 -0.108129 -0.022587 -0.104664 11.000000 0.044000
1750.000000 -0.000066 -0.108625 -0.023241 -0.101974 11.000000 0.044000
1751.000000 -0.000186 -0.109121 -0.023615 -0.100573 11.000000 0.044000
1752.000000 -0.000263 -0.109650 -0.021757 -0.101447 11.000000 0.044000
1753.000000 -0.000383 -0.110146 -0.020852 -0.101861 11.000000 0.044000
1754.000000 -0.000461 -0.110674 -0.020430 -0.102037 11.000000 0.044000
1755.000000 -0.000561 -0.111235 -0.019191 -0.105324 11.000000 0.044000
1756.000000 -0.000639 -0.111762 -0.018598 -0.106964 11.000000 0.044000
1757.000000 -0.000698 -0.112257 -0.016285 -0.104540 11.000000 0.044000
1758.000000 -0.000884 -0.112750 -0.020368 -0.101649 11.000000 0.044000
1759.000000 -0.000922 -0.113211 -0.021442 -0.098541 11.000000 0.044000
1760.000000 -0.001045 -0.113704 -0.018917 -0.096929 11.000000 0.044000
1761.000000 -0.001169 -0.114197 -0.021818 -0.097682 11.000000 0.044000
1762.000000 -0.001229 -0.114690 -0.020205 -0.098041 11.000000 0.044000
1763.000000 -0.001311 -0.115215 -0.017330 -0.099803 11.000000 0.044000
1764.000000 -0.001372 -0.115707 -0.015894 -0.100670 11.000000 0.044000
1765.000000 -0.001497 -0.116199 -0.017302 -0.099467 11.000000 0.044000
1766.000000 -0.001558 -0.116690 -0.018049 -0.098824 11.000000 0.044000
1767.000000 -0.001727 -0.117148 -0.020573 -0.096856 11.000000 0.044000
1768.000000 -0.001747 -0.117574 -0.019792 -0.092628 11.000000 0.044000
1769.000000 -0.001874 -0.118064 -0.017342 -0.092050 11.000000 0.044000
1770.000000 -0.001958 -0.118489 -0.019258 -0.091726 11.000000 0.044000
1771.000000 -0.002021 -0.118979 -0.017125 -0.091538 11.000000 0.044000
1772.000000 -0.002107 -0.119501 -0.016072 -0.096212 11.000000 0.044000
1773.000000 -0.002149 -0.119958 -0.014510 -0.096970 11.000000 0.044000
1774.000000 -0.002213 -0.120447 -0.012698 -0.095727 11.000000 0.044000
1775.000000 -0.002257 -0.120903 -0.011797 -0.095069 11.000000 0.044000
1776.000000 -0.002407 -0.121326 -0.015580 -0.091499 11.000000 0.044000
1777.000000 -0.002429 -0.121750 -0.016468 -0.088066 11.000000 0.044000
1778.000000 -0.002538 -0.122205 -0.014855 -0.087892 11.000000 0.044000
1779.000000 -0.002582 -0.122660 -0.015114 -0.089369 11.000000 0.044000
1780.000000 -0.002627 -0.123115 -0.012109 -0.090106 11.000000 0.044000
1781.000000 -0.002714 -0.123537 -0.012710 -0.088857 11.000000 0.044000
1782.000000 -0.002716 -0.124024 -0.010933 -0.089790 11.000000 0.044000
1783.000000 -0.002762 -0.124478 -0.007949 -0.091839 11.000000 0.044000
1784.000000 -0.002893 -0.124866 -0.012776 -0.088065 11.000000 0.044000
1785.000000 -0.002939 -0.125320 -0.015261 -0.086115 11.000000 0.044000
1786.000000 -0.002985 -0.125676 -0.012297 -0.083538 11.000000 0.044000
1787.000000 -0.003031 -0.126129 -0.010813 -0.082196 11.000000 0.044000
1788.000000 -0.003078 -0.126582 -0.010116 -0.086247 11.000000 0.044000
1789.000000 -0.003102 -0.127002 -0.008707 -0.086706 11.000000 0.044000
1790.000000 -0.003128 -0.127422 -0.006935 -0.085337 11.000000 0.044000
1791.000000 -0.003132 -0.127906 -0.005020 -0.087781 11.000000 0.044000
1792.000000 -0.003179 -0.128358 -0.005147 -0.090577 11.000000 0.044000
1793.000000 -0.003226 -0.128713 -0.007292 -0.085648 11.000000 0.044000
1794.000000 -0.003252 -0.129132 -0.007326 -0.081536 11.000000 0.044000
1795.000000 -0.003278 -0.129551 -0.006330 -0.082586 11.000000 0.044000
1796.000000 -0.003283 -0.129937 -0.004753 -0.081527 11.000000 0.044000
1797.000000 -0.003309 -0.130356 -0.003970 -0.080963 11.000000 0.044000
1798.000000 -0.003336 -0.130774 -0.004675 -0.082226 11.000000 0.044000
1799.000000 -0.003363 -0.131192 -0.005054 -0.082845 11.000000 0.044000
1800.000000 -0.003347 -0.131642 -0.003149 -0.084720 11.000000 0.044000
1801.000000 -0.003352 -0.132027 -0.001102 -0.084087 11.000000 0.044000
1802.000000 -0.003423 -0.132412 -0.004316 -0.080573 11.000000 0.044000
1803.000000 -0.003385 -0.132829 -0.003846 -0.080345 11.000000 0.044000
1804.000000 -0.003368 -0.133182 0.000688 -0.078662 11.000000 0.044000
1805.000000 -0.003396 -0.133598 -0.000234 -0.077764 11.000000 0.044000
1806.000000 -0.003359 -0.134015 0.000310 -0.080431 11.000000 0.044000
1807.000000 -0.003387 -0.134431 0.000566 -0.081766 11.000000 0.044000
1808.000000 -0.003371 -0.134783 -0.000334 -0.079287 11.000000 0.044000
1809.000000 -0.003334 -0.135199 0.002415 -0.078015 11.000000 0.044000
1810.000000 -0.003320 -0.135647 0.003721 -0.082042 11.000000 0.044000
1811.000000 -0.003347 -0.135966 0.001231 -0.079367 11.000000 0.044000
1812.000000 -0.003354 -0.136349 -0.001073 -0.074846 11.000000 0.044000
1813.000000 -0.003272 -0.136700 0.003104 -0.074119 11.000000 0.044000
1814.000000 -0.003302 -0.137115 0.004106 -0.075283 11.000000 0.044000
1815.000000 -0.003286 -0.137466 0.001379 -0.075845 11.000000 0.044000
1816.000000 -0.003271 -0.137816 0.002192 -0.072999 11.000000 0.044000
1817.000000 -0.003278 -0.138198 0.001484 -0.073085 11.000000 0.044000
1818.000000 -0.003220 -0.138581 0.003245 -0.074680 11.000000 0.044000
1819.000000 -0.003227 -0.138962 0.004126 -0.075473 11.000000 0.044000
1820.000000 -0.003212 -0.139312 0.002438 -0.074290 11.000000 0.044000
1821.000000 -0.003198 -0.139662 0.002681 -0.072118 11.000000 0.044000
1822.000000 -0.003117 -0.140012 0.006046 -0.071008 11.000000 0.044000
1823.000000 -0.003125 -0.140393 0.006630 -0.071975 11.000000 0.044000
1824.000000 -0.003110 -0.140742 0.003673 -0.072436 11.000000 0.044000
1825.000000 -0.003030 -0.141091 0.006529 -0.071118 11.000000 0.044000
1826.000000 -0.003015 -0.141440 0.007973 -0.070429 11.000000 0.044000
1827.000000 -0.002957 -0.141820 0.007584 -0.071606 11.000000 0.044000
1828.000000 -0.002943 -0.142169 0.007375 -0.072189 11.000000 0.044000
1829.000000 -0.002973 -0.142485 0.002988 -0.069350 11.000000 0.044000
1830.000000 -0.002913 -0.142770 0.002996 -0.064799 11.000000 0.044000
1831.000000 -0.002899 -0.143118 0.005124 -0.064023 11.000000 0.044000
1832.000000 -0.002885 -0.143466 0.003953 -0.066702 11.000000 0.044000
1833.000000 -0.002871 -0.143813 0.003345 -0.068050 11.000000 0.044000
1834.000000 -0.002835 -0.144129 0.004156 -0.067178 11.000000 0.044000
1835.000000 -0.002755 -0.144477 0.007830 -0.066729 11.000000 0.044000
1836.000000 -0.002675 -0.144824 0.011838 -0.068038 11.000000 0.044000
1837.000000 -0.002661 -0.145171 0.010603 -0.068675 11.000000 0.044000
1838.000000 -0.002692 -0.145486 0.004553 -0.067419 11.000000 0.044000
1839.000000 -0.002632 -0.145770 0.003729 -0.063688 11.000000 0.044000
1840.000000 -0.002596 -0.146085 0.006574 -0.061784 11.000000 0.044000
1841.000000 -0.002560 -0.146400 0.006887 -0.062340 11.000000 0.044000
1842.000000 -0.002524 -0.146714 0.007041 -0.062609 11.000000 0.044000
1843.000000 -0.002511 -0.147060 0.005975 -0.064266 11.000000 0.044000
1844.000000 -0.002431 -0.147406 0.007573 -0.066641 11.000000 0.044000
1845.000000 -0.002395 -0.147720 0.009516 -0.066300 11.000000 0.044000
1846.000000 -0.002359 -0.148035 0.008356 -0.064565 11.000000 0.044000
1847.000000 -0.002367 -0.148317 0.005612 -0.062124 11.000000 0.044000
1848.000000 -0.002352 -0.148568 0.003202 -0.057791 11.000000 0.044000
1849.000000 -0.002316 -0.148882 0.004114 -0.057114 11.000000 0.044000
1850.000000 -0.002281 -0.149195 0.005580 -0.059834 11.000000 0.044000
1851.000000 -0.002245 -0.149509 0.006321 -0.061204 11.000000 0.044000
1852.000000 -0.002254 -0.149791 0.004542 -0.060348 11.000000 0.044000
1853.000000 -0.002174 -0.150135 0.005781 -0.061435 11.000000 0.044000
1854.000000 -0.002139 -0.150448 0.008555 -0.063517 11.000000 0.044000
1855.000000 -0.002104 -0.150761 0.007814 -0.063021 11.000000 0.044000
1856.000000 -0.002112 -0.151042 0.005277 -0.061219 11.000000 0.044000
1857.000000 -0.002074 -0.151261 0.004126 -0.055698 11.000000 0.044000
1858.000000 -0.002039 -0.151573 0.005684 -0.054409 11.000000 0.044000
1859.000000 -0.002048 -0.151854 0.004175 -0.056797 11.000000 0.044000
1860.000000 -0.002013 -0.152167 0.003400 -0.057998 11.000000 0.044000
1861.000000 -0.001978 -0.152479 0.005152 -0.060132 11.000000 0.044000
1862.000000 -0.001920 -0.152759 0.007193 -0.059681 11.000000 0.044000
1863.000000 -0.001885 -0.153071 0.008226 -0.059436 11.000000 0.044000
1864.000000 -0.001894 -0.153351 0.005439 -0.059291 11.000000 0.044000
1865.000000 -0.001927 -0.153663 0.000699 -0.059194 11.000000 0.044000
1866.000000 -0.001889 -0.153881 0.000591 -0.056093 11.000000 0.044000
1867.000000 -0.001854 -0.154192 0.003839 -0.054506 11.000000 0.044000
1868.000000 -0.001840 -0.154441 0.004335 -0.055212 11.000000 0.044000
1869.000000 -0.001806 -0.154752 0.004582 -0.055556 11.000000 0.044000
1870.000000 -0.001815 -0.155031 0.003543 -0.057241 11.000000 0.044000
1871.000000 -0.001737 -0.155373 0.005168 -0.059609 11.000000 0.044000
1872.000000 -0.001746 -0.155652 0.005987 -0.060805 11.000000 0.044000
1873.000000 -0.001689 -0.155932 0.005404 -0.058356 11.000000 0.044000
1874.000000 -0.001742 -0.156180 0.002935 -0.055574 11.000000 0.044000
1875.000000 -0.001685 -0.156459 0.001677 -0.054144 11.000000 0.044000
1876.000000 -0.001695 -0.156738 0.003187 -0.054930 11.000000 0.044000
1877.000000 -0.001661 -0.157048 0.002789 -0.056831 11.000000 0.044000
1878.000000 -0.001647 -0.157295 0.003744 -0.056276 11.000000 0.044000
1879.000000 -0.001657 -0.157574 0.002061 -0.054458 11.000000 0.044000
1880.000000 -0.001600 -0.157853 0.003364 -0.055042 11.000000 0.044000
1881.000000 -0.001590 -0.158193 0.005015 -0.058357 11.000000 0.044000
1882.000000 -0.001600 -0.158471 0.002519 -0.060027 11.000000 0.044000
1883.000000 -0.001655 -0.158718 -0.001924 -0.056316 11.000000 0.044000
1884.000000 -0.001618 -0.158934 -0.001851 -0.051395 11.000000 0.044000
1885.000000 -0.001628 -0.159212 0.000342 -0.050395 11.000000 0.044000
1886.000000 -0.001571 -0.159490 0.002454 -0.052904 11.000000 0.044000
1887.000000 -0.001606 -0.159798 0.002346 -0.055676 11.000000 0.044000
1888.000000 -0.001616 -0.160076 -0.001053 -0.057070 11.000000 0.044000
1889.000000 -0.001559 -0.160353 0.001723 -0.056266 11.000000 0.044000
1890.000000 -0.001570 -0.160630 0.003130 -0.055845 11.000000 0.044000
1891.000000 -0.001537 -0.160938 0.002667 -0.057123 11.000000 0.044000
1892.000000 -0.001593 -0.161184 0.000253 -0.056252 11.000000 0.044000
1893.000000 -0.001580 -0.161431 -0.001973 -0.052778 11.000000 0.044000
1894.000000 -0.001567 -0.161677 0.000233 -0.051007 11.000000 0.044000
1895.000000 -0.001534 -0.161984 0.002343 -0.053107 11.000000 0.044000
1896.000000 -0.001522 -0.162230 0.003414 -0.054169 11.000000 0.044000
1897.000000 -0.001533 -0.162506 0.001782 -0.053186 11.000000 0.044000
1898.000000 -0.001500 -0.162813 0.001935 -0.055684 11.000000 0.044000
1899.000000 -0.001536 -0.163120 0.000820 -0.058444 11.000000 0.044000
1900.000000 -0.001504 -0.163427 0.000247 -0.059834 11.000000 0.044000
1901.000000 -0.001560 -0.163672 -0.001046 -0.057526 11.000000 0.044000
1902.000000 -0.001523 -0.163886 -0.001510 -0.051835 11.000000 0.044000
1903.000000 -0.001491 -0.164193 0.002593 -0.051934 11.000000 0.044000
1904.000000 -0.001503 -0.164468 0.002307 -0.054972 11.000000 0.044000
1905.000000 -0.001515 -0.164744 -0.000021 -0.055002 11.000000 0.044000
1906.000000 -0.001527 -0.165019 -0.001215 -0.055005 11.000000 0.044000
1907.000000 -0.001495 -0.165325 0.000345 -0.056495 11.000000 0.044000
1908.000000 -0.001487 -0.165661 0.002118 -0.060236 11.000000 0.044000
1909.000000 -0.001500 -0.165936 0.000837 -0.060628 11.000000 0.044000
1910.000000 -0.001536 -0.166241 -0.002004 -0.059310 11.000000 0.044000
1911.000000 -0.001480 -0.166516 -0.000084 -0.058635 11.000000 0.044000
1912.000000 -0.001448 -0.166821 0.004257 -0.058282 11.000000 0.044000
1913.000000 -0.001461 -0.167095 0.003091 -0.058084 11.000000 0.044000
1914.000000 -0.001430 -0.167400 0.002491 -0.057968 11.000000 0.044000
1915.000000 -0.001422 -0.167735 0.003160 -0.060880 11.000000 0.044000
1916.000000 -0.001391 -0.168040 0.003496 -0.062349 11.000000 0.044000
1917.000000 -0.001384 -0.168374 0.003657 -0.063078 11.000000 0.044000
1918.000000 -0.001397 -0.168648 0.001550 -0.061944 11.000000 0.044000
1919.000000 -0.001390 -0.168982 0.000467 -0.061347 11.000000 0.044000
1920.000000 -0.001334 -0.169256 0.003296 -0.061038 11.000000 0.044000
1921.000000 -0.001372 -0.169560 0.002541 -0.059372 11.000000 0.044000
1922.000000 -0.001341 -0.169863 0.000952 -0.059995 11.000000 0.044000
1923.000000 -0.001310 -0.170167 0.003521 -0.060304 11.000000 0.044000
1924.000000 -0.001348 -0.170470 0.001432 -0.060440 11.000000 0.044000
1925.000000 -0.001297 -0.170833 0.001341 -0.063462 11.000000 0.044000
1926.000000 -0.001291 -0.171167 0.003470 -0.066473 11.000000 0.044000
1927.000000 -0.001305 -0.171439 0.001382 -0.063535 11.000000 0.044000
1928.000000 -0.001298 -0.171772 0.000308 -0.062020 11.000000 0.044000
1929.000000 -0.001268 -0.172074 0.001943 -0.062721 11.000000 0.044000
1930.000000 -0.001262 -0.172407 0.002765 -0.063060 11.000000 0.044000
1931.000000 -0.001231 -0.172709 0.003180 -0.063218 11.000000 0.044000
1932.000000 -0.001226 -0.173041 0.003381 -0.063279 11.000000 0.044000
1933.000000 -0.001195 -0.173343 0.003479 -0.063297 11.000000 0.044000
1934.000000 -0.001145 -0.173705 0.005711 -0.064765 11.000000 0.044000
1935.000000 -0.001164 -0.174067 0.004409 -0.068445 11.000000 0.044000
1936.000000 -0.001179 -0.174338 0.000570 -0.065871 11.000000 0.044000
1937.000000 -0.001149 -0.174639 0.001039 -0.061595 11.000000 0.044000
1938.000000 -0.001188 -0.174940 0.000050 -0.060876 11.000000 0.044000
1939.000000 -0.001183 -0.175271 -0.001680 -0.061965 11.000000 0.044000
1940.000000 -0.001178 -0.175601 -0.000378 -0.063979 11.000000 0.044000
1941.000000 -0.001193 -0.175872 -0.000697 -0.062046 11.000000 0.044000
1942.000000 -0.001163 -0.176172 0.000355 -0.059574 11.000000 0.044000
1943.000000 -0.001114 -0.176532 0.004052 -0.062714 11.000000 0.044000
1944.000000 -0.001134 -0.176892 0.003480 -0.067231 11.000000 0.044000
1945.000000 -0.001149 -0.177162 0.000012 -0.065105 11.000000 0.044000
1946.000000 -0.001120 -0.177462 0.000687 -0.061070 11.000000 0.044000
1947.000000 -0.001135 -0.177731 0.001022 -0.059004 11.000000 0.044000
1948.000000 -0.001131 -0.178061 -0.000041 -0.059399 11.000000 0.044000
1949.000000 -0.001172 -0.178360 -0.001820 -0.061051 11.000000 0.044000
1950.000000 -0.001168 -0.178689 -0.002736 -0.061874 11.000000 0.044000
1951.000000 -0.001138 -0.178988 0.000218 -0.062284 11.000000 0.044000
1952.000000 -0.001109 -0.179287 0.002947 -0.061014 11.000000 0.044000
1953.000000 -0.001131 -0.179645 0.001865 -0.063269 11.000000 0.044000
1954.000000 -0.001192 -0.179883 -0.003096 -0.061478 11.000000 0.044000
1955.000000 -0.001208 -0.180152 -0.005369 -0.056163 11.000000 0.044000
1956.000000 -0.001179 -0.180450 -0.002130 -0.056373 11.000000 0.044000
1957.000000 -0.001220 -0.180748 -0.001725 -0.057924 11.000000 0.044000
1958.000000 -0.001262 -0.181046 -0.004966 -0.058693 11.000000 0.044000
1959.000000 -0.001233 -0.181343 -0.003185 -0.059075 11.000000 0.044000
1960.000000 -0.001230 -0.181671 -0.000084 -0.060714 11.000000 0.044000
1961.000000 -0.001247 -0.181938 -0.000714 -0.060075 11.000000 0.044000
1962.000000 -0.001244 -0.182265 -0.001045 -0.059730 5.000000 0.044000
1963.000000 -0.001305 -0.182503 -0.003427 -0.058087 5.000000 0.044000
1964.000000 -0.001322 -0.182770 -0.005613 -0.054322 5.000000 0.044000
1965.000000 -0.001294 -0.183067 -0.002322 -0.055308 5.000000 0.044000
1966.000000 -0.001336 -0.183363 -0.001899 -0.057248 5.000000 0.044000
1967.000000 -0.001353 -0.183630 -0.003895 -0.056766 5.000000 0.044000
1968.000000 -0.001396 -0.183926 -0.004925 -0.056504 5.000000 0.044000
1969.000000 -0.001413 -0.184193 -0.005456 -0.056359 5.000000 0.044000
1970.000000 -0.001456 -0.184489 -0.005739 -0.056269 5.000000 0.044000
1971.000000 -0.001473 -0.184755 -0.005889 -0.056212 5.000000 0.044000
1972.000000 -0.001536 -0.184991 -0.006937 -0.053270 5.000000 0.044000
1973.000000 -0.001528 -0.185228 -0.006226 -0.050315 5.000000 0.044000
1974.000000 -0.001571 -0.185523 -0.004915 -0.051694 5.000000 0.044000
1975.000000 -0.001589 -0.185789 -0.005503 -0.053830 5.000000 0.044000
1976.000000 -0.001652 -0.186025 -0.006772 -0.052011 5.000000 0.044000
1977.000000 -0.001669 -0.186291 -0.007426 -0.051071 5.000000 0.044000
1978.000000 -0.001687 -0.186556 -0.005556 -0.052032 5.000000 0.044000
1979.000000 -0.001705 -0.186821 -0.004610 -0.052509 5.000000 0.044000
1980.000000 -0.001794 -0.187086 -0.007607 -0.052730 5.000000 0.044000
1981.000000 -0.001857 -0.187322 -0.011353 -0.051383 5.000000 0.044000
1982.000000 -0.001870 -0.187498 -0.009498 -0.046371 5.000000 0.044000
1983.000000 -0.001888 -0.187763 -0.006349 -0.045253 5.000000 0.044000
1984.000000 -0.001952 -0.187998 -0.007266 -0.047554 5.000000 0.044000
1985.000000 -0.001970 -0.188263 -0.007741 -0.048712 5.000000 0.044000
1986.000000 -0.002034 -0.188498 -0.007992 -0.049292 5.000000 0.044000
1987.000000 -0.001982 -0.188762 -0.004649 -0.049585 5.000000 0.044000
1988.000000 -0.002020 -0.188968 -0.001693 -0.048291 5.000000 0.044000
1989.000000 -0.002109 -0.189232 -0.007148 -0.047598 5.000000 0.044000
1990.000000 -0.002219 -0.189437 -0.013414 -0.047228 5.000000 0.044000
1991.000000 -0.002231 -0.189613 -0.012821 -0.042731 5.000000 0.044000
1992.000000 -0.002270 -0.189818 -0.009048 -0.040442 5.000000 0.044000
1993.000000 -0.002308 -0.190023 -0.008394 -0.040702 5.000000 0.044000
1994.000000 -0.002347 -0.190228 -0.008066 -0.040827 5.000000 0.044000
1995.000000 -0.002411 -0.190462 -0.009173 -0.042312 5.000000 0.044000
1996.000000 -0.002405 -0.190696 -0.007525 -0.044502 5.000000 0.044000
1997.000000 -0.002488 -0.190871 -0.007643 -0.042739 5.000000 0.044000
1998.000000 -0.002527 -0.191076 -0.009925 -0.040390 5.000000 0.044000
1999.000000 -0.002611 -0.191251 -0.011095 -0.039188 5.000000 0.044000
2000.000000 -0.002624 -0.191426 -0.010425 -0.037142 5.000000 0.044000
2001.000000 -0.002683 -0.191572 -0.008819 -0.034667 5.000000 0.044000
2002.000000 -0.002722 -0.191777 -0.009275 -0.034826 5.000000 0.044000
2003.000000 -0.002806 -0.191952 -0.010785 -0.036328 5.000000 0.044000
2004.000000 -0.002845 -0.192156 -0.011560 -0.037085 5.000000 0.044000
2005.000000 -0.002858 -0.192331 -0.008468 -0.037480 5.000000 0.044000
2006.000000 -0.002943 -0.192505 -0.009119 -0.036234 5.000000 0.044000
2007.000000 -0.002956 -0.192680 -0.009452 -0.035595 5.000000 0.044000
2008.000000 -0.003060 -0.192797 -0.010573 -0.032403 5.000000 0.044000
2009.000000 -0.003093 -0.192913 -0.012090 -0.027912 5.000000 0.044000
2010.000000 -0.003151 -0.193058 -0.010648 -0.027058 5.000000 0.044000
2011.000000 -0.003210 -0.193204 -0.011192 -0.028042 5.000000 0.044000
2012.000000 -0.003269 -0.193349 -0.011474 -0.028539 5.000000 0.044000
2013.000000 -0.003328 -0.193495 -0.011621 -0.028788 5.000000 0.044000
2014.000000 -0.003315 -0.193640 -0.008202 -0.028927 5.000000 0.044000
2015.000000 -0.003420 -0.193756 -0.008684 -0.027557 5.000000 0.044000
2016.000000 -0.003452 -0.193872 -0.011151 -0.025420 5.000000 0.044000
2017.000000 -0.003557 -0.193988 -0.012413 -0.024327 5.000000 0.044000
2018.000000 -0.003564 -0.194075 -0.011777 -0.022350 5.000000 0.044000
2019.000000 -0.003642 -0.194162 -0.010177 -0.019920 5.000000 0.044000
2020.000000 -0.003675 -0.194278 -0.010643 -0.020099 5.000000 0.044000
2021.000000 -0.003708 -0.194395 -0.008663 -0.021625 5.000000 0.044000
2022.000000 -0.003786 -0.194481 -0.009876 -0.020963 5.000000 0.044000
2023.000000 -0.003774 -0.194627 -0.008276 -0.022059 5.000000 0.044000
2024.000000 -0.003852 -0.194713 -0.007464 -0.022616 5.000000 0.044000
2025.000000 -0.003904 -0.194771 -0.010210 -0.018609 5.000000 0.044000
2026.000000 -0.003983 -0.194858 -0.011612 -0.016566 5.000000 0.044000
2027.000000 -0.004009 -0.194887 -0.011044 -0.014108 5.000000 0.044000
2028.000000 -0.004061 -0.194945 -0.009474 -0.011437 5.000000 0.044000
