# imt log
s logheadsize 000234
s logcolumns 7
s logname /home/testac/lgames/fitts/20180718_Wed/run1.115943.dat
s logversion 2.0
s logdate "Wed Jul 18 11:59:43 EDT 2018"
s logidate 1531929583

# begin user data

# end user data

#####
508.000000 0.209954 0.003460 -0.000000 0.000000 0.000000 0.000000
509.000000 0.209954 0.003460 -0.000000 0.000000 0.000000 0.000000
510.000000 0.209954 0.003460 -0.000000 0.000000 0.000000 0.000000
511.000000 0.209954 0.003460 -0.000000 0.000000 7.000000 0.064000
512.000000 0.209954 0.003460 -0.000000 0.000000 7.000000 0.064000
513.000000 0.209954 0.003460 -0.000000 0.000000 7.000000 0.064000
514.000000 0.209954 0.003460 -0.000000 0.000000 7.000000 0.064000
515.000000 0.209954 0.003460 -0.000000 0.000000 7.000000 0.064000
516.000000 0.209954 0.003460 -0.000000 0.000000 7.000000 0.064000
517.000000 0.209954 0.003460 -0.000000 0.000000 7.000000 0.064000
518.000000 0.209954 0.003460 -0.000000 0.000000 7.000000 0.064000
519.000000 0.209954 0.003460 -0.000000 0.000000 7.000000 0.064000
520.000000 0.209954 0.003460 -0.000000 0.000000 7.000000 0.064000
521.000000 0.209954 0.003460 -0.000000 0.000000 7.000000 0.064000
522.000000 0.209954 0.003460 -0.000000 0.000000 7.000000 0.064000
523.000000 0.209954 0.003460 -0.000000 0.000000 7.000000 0.064000
524.000000 0.209954 0.003460 -0.000000 0.000000 7.000000 0.064000
525.000000 0.209954 0.003460 -0.000000 0.000000 7.000000 0.064000
526.000000 0.209954 0.003460 -0.000000 0.000000 7.000000 0.064000
527.000000 0.209954 0.003460 -0.000000 0.000000 7.000000 0.064000
528.000000 0.209954 0.003460 -0.000000 0.000000 7.000000 0.064000
529.000000 0.209954 0.003460 -0.000000 0.000000 7.000000 0.064000
530.000000 0.209954 0.003460 -0.000000 0.000000 7.000000 0.064000
531.000000 0.209954 0.003460 -0.000000 0.000000 7.000000 0.064000
532.000000 0.209954 0.003460 -0.000000 0.000000 7.000000 0.064000
533.000000 0.209954 0.003460 -0.000000 0.000000 7.000000 0.064000
534.000000 0.209954 0.003460 -0.000000 0.000000 7.000000 0.064000
535.000000 0.209954 0.003460 -0.000000 0.000000 7.000000 0.064000
536.000000 0.209954 0.003460 -0.000000 0.000000 7.000000 0.064000
537.000000 0.209954 0.003460 -0.000000 0.000000 7.000000 0.064000
538.000000 0.209954 0.003460 -0.000000 0.000000 7.000000 0.064000
539.000000 0.209954 0.003460 -0.000000 0.000000 7.000000 0.064000
540.000000 0.209954 0.003460 -0.000000 0.000000 7.000000 0.064000
541.000000 0.209954 0.003460 -0.000000 0.000000 7.000000 0.064000
542.000000 0.209954 0.003460 -0.000000 0.000000 7.000000 0.064000
543.000000 0.209954 0.003460 -0.000000 0.000000 7.000000 0.064000
544.000000 0.209954 0.003460 -0.000000 0.000000 7.000000 0.064000
545.000000 0.209954 0.003460 -0.000000 0.000000 7.000000 0.064000
546.000000 0.209954 0.003460 -0.000000 0.000000 7.000000 0.064000
547.000000 0.209954 0.003460 -0.000000 0.000000 7.000000 0.064000
548.000000 0.209954 0.003460 -0.000000 0.000000 7.000000 0.064000
549.000000 0.209954 0.003460 -0.000000 0.000000 7.000000 0.064000
550.000000 0.209954 0.003460 -0.000000 0.000000 7.000000 0.064000
551.000000 0.209954 0.003460 -0.000000 0.000000 7.000000 0.064000
552.000000 0.209954 0.003460 -0.000000 0.000000 7.000000 0.064000
553.000000 0.209954 0.003460 -0.000000 0.000000 7.000000 0.064000
554.000000 0.209954 0.003460 -0.000000 0.000000 7.000000 0.064000
555.000000 0.209954 0.003460 -0.000000 0.000000 7.000000 0.064000
556.000000 0.209954 0.003460 -0.000000 0.000000 7.000000 0.064000
557.000000 0.209954 0.003460 -0.000000 0.000000 7.000000 0.064000
558.000000 0.209954 0.003460 -0.000000 0.000000 7.000000 0.064000
559.000000 0.209954 0.003460 -0.000000 0.000000 7.000000 0.064000
560.000000 0.209954 0.003460 -0.000000 0.000000 7.000000 0.064000
561.000000 0.209954 0.003460 -0.000000 0.000000 7.000000 0.064000
562.000000 0.209954 0.003460 -0.000000 0.000000 7.000000 0.064000
563.000000 0.209954 0.003460 -0.000000 0.000000 7.000000 0.064000
564.000000 0.209954 0.003460 -0.000000 0.000000 7.000000 0.064000
565.000000 0.209954 0.003460 -0.000000 0.000000 7.000000 0.064000
566.000000 0.209954 0.003460 -0.000000 0.000000 7.000000 0.064000
567.000000 0.209954 0.003460 -0.000000 0.000000 7.000000 0.064000
568.000000 0.209954 0.003460 -0.000000 0.000000 7.000000 0.064000
569.000000 0.209954 0.003460 -0.000000 0.000000 7.000000 0.064000
570.000000 0.209954 0.003460 -0.000000 0.000000 7.000000 0.064000
571.000000 0.209954 0.003460 -0.000000 0.000000 7.000000 0.064000
572.000000 0.209954 0.003460 -0.000000 0.000000 7.000000 0.064000
573.000000 0.209954 0.003460 -0.000000 0.000000 7.000000 0.064000
574.000000 0.209954 0.003460 -0.000000 0.000000 7.000000 0.064000
575.000000 0.209954 0.003460 -0.000000 0.000000 7.000000 0.064000
576.000000 0.209954 0.003460 -0.000000 0.000000 7.000000 0.064000
577.000000 0.209954 0.003460 -0.000000 0.000000 7.000000 0.064000
578.000000 0.209954 0.003460 -0.000000 0.000000 7.000000 0.064000
579.000000 0.209954 0.003460 -0.000000 0.000000 7.000000 0.064000
580.000000 0.209954 0.003460 -0.000000 0.000000 7.000000 0.064000
581.000000 0.209954 0.003460 -0.000000 0.000000 7.000000 0.064000
582.000000 0.209954 0.003460 -0.000000 0.000000 7.000000 0.064000
583.000000 0.209954 0.003460 -0.000000 0.000000 7.000000 0.064000
584.000000 0.209954 0.003460 -0.000000 0.000000 7.000000 0.064000
585.000000 0.209954 0.003460 -0.000000 0.000000 7.000000 0.064000
586.000000 0.209954 0.003460 -0.000000 0.000000 7.000000 0.064000
587.000000 0.209954 0.003460 -0.000000 0.000000 7.000000 0.064000
588.000000 0.209954 0.003460 -0.000000 0.000000 7.000000 0.064000
589.000000 0.209954 0.003460 -0.000000 0.000000 7.000000 0.064000
590.000000 0.209954 0.003460 -0.000000 0.000000 7.000000 0.064000
591.000000 0.209954 0.003460 -0.000000 0.000000 7.000000 0.064000
592.000000 0.209954 0.003460 -0.000000 0.000000 7.000000 0.064000
593.000000 0.209954 0.003460 -0.000000 0.000000 7.000000 0.064000
594.000000 0.209954 0.003460 -0.000000 0.000000 7.000000 0.064000
595.000000 0.209954 0.003460 -0.000000 0.000000 7.000000 0.064000
596.000000 0.209954 0.003460 -0.000000 0.000000 7.000000 0.064000
597.000000 0.209954 0.003460 -0.000000 0.000000 7.000000 0.064000
598.000000 0.209954 0.003460 -0.000000 0.000000 7.000000 0.064000
599.000000 0.209954 0.003460 -0.000000 0.000000 7.000000 0.064000
600.000000 0.209954 0.003460 -0.000000 0.000000 7.000000 0.064000
601.000000 0.209954 0.003460 -0.000000 0.000000 7.000000 0.064000
602.000000 0.209954 0.003460 -0.000000 0.000000 7.000000 0.064000
603.000000 0.209954 0.003460 -0.000000 0.000000 7.000000 0.064000
604.000000 0.209954 0.003460 -0.000000 0.000000 7.000000 0.064000
605.000000 0.209954 0.003460 -0.000000 0.000000 7.000000 0.064000
606.000000 0.209954 0.003460 -0.000000 0.000000 7.000000 0.064000
607.000000 0.209954 0.003460 -0.000000 0.000000 7.000000 0.064000
608.000000 0.209954 0.003460 -0.000000 0.000000 7.000000 0.064000
609.000000 0.209954 0.003460 -0.000000 0.000000 7.000000 0.064000
610.000000 0.209954 0.003460 -0.000000 0.000000 7.000000 0.064000
611.000000 0.209954 0.003460 -0.000000 0.000000 7.000000 0.064000
612.000000 0.209954 0.003460 -0.000000 0.000000 7.000000 0.064000
613.000000 0.209954 0.003460 -0.000000 0.000000 7.000000 0.064000
614.000000 0.209954 0.003460 -0.000000 0.000000 7.000000 0.064000
615.000000 0.209954 0.003460 -0.000000 0.000000 7.000000 0.064000
616.000000 0.209954 0.003460 -0.000000 0.000000 7.000000 0.064000
617.000000 0.209954 0.003460 -0.000000 0.000000 7.000000 0.064000
618.000000 0.209954 0.003460 -0.000000 0.000000 7.000000 0.064000
619.000000 0.209954 0.003460 -0.000000 0.000000 7.000000 0.064000
620.000000 0.209954 0.003460 -0.000000 0.000000 7.000000 0.064000
621.000000 0.209954 0.003460 -0.000000 0.000000 7.000000 0.064000
622.000000 0.209954 0.003460 -0.000000 0.000000 7.000000 0.064000
623.000000 0.209954 0.003460 -0.000000 0.000000 7.000000 0.064000
624.000000 0.209954 0.003460 -0.000000 0.000000 7.000000 0.064000
625.000000 0.209954 0.003460 -0.000000 0.000000 7.000000 0.064000
626.000000 0.209954 0.003460 -0.000000 0.000000 7.000000 0.064000
627.000000 0.209954 0.003460 -0.000000 0.000000 7.000000 0.064000
628.000000 0.209954 0.003460 -0.000000 0.000000 7.000000 0.064000
629.000000 0.209954 0.003460 -0.000000 0.000000 7.000000 0.064000
630.000000 0.209954 0.003460 -0.000000 0.000000 7.000000 0.064000
631.000000 0.209954 0.003460 -0.000000 0.000000 7.000000 0.064000
632.000000 0.209954 0.003460 -0.000000 0.000000 7.000000 0.064000
633.000000 0.209954 0.003460 -0.000000 0.000000 7.000000 0.064000
634.000000 0.209954 0.003460 -0.000000 0.000000 7.000000 0.064000
635.000000 0.209954 0.003460 -0.000000 0.000000 7.000000 0.064000
636.000000 0.209954 0.003460 -0.000000 0.000000 7.000000 0.064000
637.000000 0.209954 0.003460 -0.000000 0.000000 7.000000 0.064000
638.000000 0.209954 0.003460 -0.000000 0.000000 7.000000 0.064000
639.000000 0.209954 0.003460 -0.000000 0.000000 7.000000 0.064000
640.000000 0.209954 0.003460 -0.000000 0.000000 7.000000 0.064000
641.000000 0.209954 0.003460 -0.000000 0.000000 7.000000 0.064000
642.000000 0.209954 0.003460 -0.000000 0.000000 7.000000 0.064000
643.000000 0.209954 0.003460 -0.000000 0.000000 7.000000 0.064000
644.000000 0.209954 0.003460 -0.000000 0.000000 7.000000 0.064000
645.000000 0.209954 0.003460 -0.000000 0.000000 7.000000 0.064000
646.000000 0.209954 0.003460 -0.000000 0.000000 7.000000 0.064000
647.000000 0.209954 0.003460 -0.000000 0.000000 7.000000 0.064000
648.000000 0.209954 0.003460 -0.000000 0.000000 7.000000 0.064000
649.000000 0.209954 0.003460 -0.000000 0.000000 7.000000 0.064000
650.000000 0.209954 0.003460 -0.000000 0.000000 7.000000 0.064000
651.000000 0.209954 0.003460 -0.000000 0.000000 7.000000 0.064000
652.000000 0.209954 0.003460 -0.000000 0.000000 7.000000 0.064000
653.000000 0.209954 0.003460 -0.000000 0.000000 7.000000 0.064000
654.000000 0.209954 0.003460 -0.000000 0.000000 7.000000 0.064000
655.000000 0.209954 0.003460 -0.000000 0.000000 7.000000 0.064000
656.000000 0.209954 0.003460 -0.000000 0.000000 7.000000 0.064000
657.000000 0.209954 0.003460 -0.000000 0.000000 7.000000 0.064000
658.000000 0.209954 0.003460 -0.000000 0.000000 7.000000 0.064000
659.000000 0.209954 0.003460 -0.000000 0.000000 7.000000 0.064000
660.000000 0.209954 0.003460 -0.000000 0.000000 7.000000 0.064000
661.000000 0.209954 0.003460 -0.000000 0.000000 7.000000 0.064000
662.000000 0.209954 0.003460 -0.000000 0.000000 7.000000 0.064000
663.000000 0.209954 0.003460 -0.000000 0.000000 7.000000 0.064000
664.000000 0.209954 0.003460 -0.000000 0.000000 7.000000 0.064000
665.000000 0.209954 0.003460 -0.000000 0.000000 7.000000 0.064000
666.000000 0.209954 0.003460 -0.000000 0.000000 7.000000 0.064000
667.000000 0.209954 0.003460 -0.000000 0.000000 7.000000 0.064000
668.000000 0.209954 0.003460 -0.000000 0.000000 7.000000 0.064000
669.000000 0.209954 0.003460 -0.000000 0.000000 7.000000 0.064000
670.000000 0.209954 0.003460 -0.000000 0.000000 7.000000 0.064000
671.000000 0.209954 0.003460 -0.000000 0.000000 7.000000 0.064000
672.000000 0.209954 0.003460 -0.000000 0.000000 7.000000 0.064000
673.000000 0.209954 0.003460 -0.000000 0.000000 7.000000 0.064000
674.000000 0.209954 0.003460 -0.000000 0.000000 7.000000 0.064000
675.000000 0.209954 0.003460 -0.000000 0.000000 7.000000 0.064000
676.000000 0.209954 0.003460 -0.000000 0.000000 7.000000 0.064000
677.000000 0.209954 0.003460 -0.000000 0.000000 7.000000 0.064000
678.000000 0.209954 0.003460 -0.000000 0.000000 7.000000 0.064000
679.000000 0.209954 0.003460 -0.000000 0.000000 7.000000 0.064000
680.000000 0.209954 0.003460 -0.000000 0.000000 7.000000 0.064000
681.000000 0.209954 0.003460 -0.000000 0.000000 7.000000 0.064000
682.000000 0.209954 0.003460 -0.000000 0.000000 7.000000 0.064000
683.000000 0.209954 0.003460 -0.000000 0.000000 7.000000 0.064000
684.000000 0.209954 0.003460 -0.000000 0.000000 7.000000 0.064000
685.000000 0.209954 0.003460 -0.000000 0.000000 7.000000 0.064000
686.000000 0.209954 0.003460 -0.000000 0.000000 7.000000 0.064000
687.000000 0.209954 0.003460 -0.000000 0.000000 7.000000 0.064000
688.000000 0.209954 0.003460 -0.000000 0.000000 7.000000 0.064000
689.000000 0.209954 0.003460 -0.000000 0.000000 7.000000 0.064000
690.000000 0.209954 0.003460 -0.000000 0.000000 7.000000 0.064000
691.000000 0.209954 0.003460 -0.000000 0.000000 7.000000 0.064000
692.000000 0.209954 0.003460 -0.000000 0.000000 7.000000 0.064000
693.000000 0.209954 0.003460 -0.000000 0.000000 7.000000 0.064000
694.000000 0.209954 0.003460 -0.000000 0.000000 7.000000 0.064000
695.000000 0.209954 0.003460 -0.000000 0.000000 7.000000 0.064000
696.000000 0.209954 0.003460 -0.000000 0.000000 7.000000 0.064000
697.000000 0.209954 0.003460 -0.000000 0.000000 7.000000 0.064000
698.000000 0.209954 0.003460 -0.000000 0.000000 7.000000 0.064000
699.000000 0.209954 0.003460 -0.000000 0.000000 7.000000 0.064000
700.000000 0.209954 0.003460 -0.000000 0.000000 7.000000 0.064000
701.000000 0.209954 0.003460 -0.000000 0.000000 7.000000 0.064000
702.000000 0.209954 0.003460 -0.000000 0.000000 7.000000 0.064000
703.000000 0.209954 0.003460 -0.000000 0.000000 7.000000 0.064000
704.000000 0.209954 0.003460 -0.000000 0.000000 7.000000 0.064000
705.000000 0.209954 0.003460 -0.000000 0.000000 7.000000 0.064000
706.000000 0.209954 0.003460 -0.000000 0.000000 7.000000 0.064000
707.000000 0.209954 0.003460 -0.000000 0.000000 7.000000 0.064000
708.000000 0.209954 0.003460 -0.000000 0.000000 7.000000 0.064000
709.000000 0.209954 0.003460 -0.000000 0.000000 7.000000 0.064000
710.000000 0.209954 0.003460 -0.000000 0.000000 7.000000 0.064000
711.000000 0.209954 0.003460 -0.000000 0.000000 7.000000 0.064000
712.000000 0.209954 0.003460 -0.000000 0.000000 7.000000 0.064000
713.000000 0.209954 0.003460 -0.000000 0.000000 7.000000 0.064000
714.000000 0.209954 0.003460 -0.000000 0.000000 7.000000 0.064000
715.000000 0.209954 0.003460 -0.000000 0.000000 7.000000 0.064000
716.000000 0.209954 0.003460 -0.000000 0.000000 7.000000 0.064000
717.000000 0.209954 0.003460 -0.000000 0.000000 7.000000 0.064000
718.000000 0.209954 0.003460 -0.000000 0.000000 7.000000 0.064000
719.000000 0.209954 0.003460 -0.000000 0.000000 7.000000 0.064000
720.000000 0.209954 0.003460 -0.000000 0.000000 7.000000 0.064000
721.000000 0.209954 0.003460 -0.000000 0.000000 7.000000 0.064000
722.000000 0.209954 0.003460 -0.000000 0.000000 7.000000 0.064000
723.000000 0.209954 0.003460 -0.000000 0.000000 7.000000 0.064000
724.000000 0.209954 0.003460 -0.000000 0.000000 7.000000 0.064000
725.000000 0.209954 0.003460 -0.000000 0.000000 7.000000 0.064000
726.000000 0.209954 0.003460 -0.000000 0.000000 7.000000 0.064000
727.000000 0.209954 0.003460 -0.000000 0.000000 7.000000 0.064000
728.000000 0.209954 0.003460 -0.000000 0.000000 7.000000 0.064000
729.000000 0.209954 0.003460 -0.000000 0.000000 7.000000 0.064000
730.000000 0.209954 0.003460 -0.000000 0.000000 7.000000 0.064000
731.000000 0.209954 0.003460 -0.000000 0.000000 7.000000 0.064000
732.000000 0.209954 0.003460 -0.000000 0.000000 7.000000 0.064000
733.000000 0.209954 0.003460 -0.000000 0.000000 7.000000 0.064000
734.000000 0.209954 0.003460 -0.000000 0.000000 7.000000 0.064000
735.000000 0.209954 0.003460 -0.000000 0.000000 7.000000 0.064000
736.000000 0.209954 0.003460 -0.000000 0.000000 7.000000 0.064000
737.000000 0.209954 0.003460 -0.000000 0.000000 7.000000 0.064000
738.000000 0.209954 0.003460 -0.000000 0.000000 7.000000 0.064000
739.000000 0.209954 0.003460 -0.000000 0.000000 7.000000 0.064000
740.000000 0.209954 0.003460 -0.000000 0.000000 7.000000 0.064000
741.000000 0.209954 0.003460 -0.000000 0.000000 7.000000 0.064000
742.000000 0.209954 0.003460 -0.000000 0.000000 7.000000 0.064000
743.000000 0.209954 0.003460 -0.000000 0.000000 7.000000 0.064000
744.000000 0.209954 0.003460 -0.000000 0.000000 7.000000 0.064000
745.000000 0.209954 0.003460 -0.000000 0.000000 7.000000 0.064000
746.000000 0.209954 0.003460 -0.000000 0.000000 7.000000 0.064000
747.000000 0.209954 0.003460 -0.000000 0.000000 7.000000 0.064000
748.000000 0.209954 0.003460 -0.000000 0.000000 7.000000 0.064000
749.000000 0.209954 0.003460 -0.000000 0.000000 7.000000 0.064000
750.000000 0.209954 0.003460 -0.000000 0.000000 7.000000 0.064000
751.000000 0.209954 0.003460 -0.000000 0.000000 7.000000 0.064000
752.000000 0.209954 0.003460 -0.000000 0.000000 7.000000 0.064000
753.000000 0.209954 0.003460 -0.000000 0.000000 7.000000 0.064000
754.000000 0.209954 0.003460 -0.000000 0.000000 7.000000 0.064000
755.000000 0.209954 0.003460 -0.000000 0.000000 7.000000 0.064000
756.000000 0.209954 0.003460 -0.000000 0.000000 7.000000 0.064000
757.000000 0.209954 0.003460 -0.000000 0.000000 7.000000 0.064000
758.000000 0.209954 0.003460 -0.000000 0.000000 7.000000 0.064000
759.000000 0.209954 0.003460 -0.000000 0.000000 7.000000 0.064000
760.000000 0.209954 0.003460 -0.000000 0.000000 7.000000 0.064000
761.000000 0.209954 0.003460 -0.000000 0.000000 7.000000 0.064000
762.000000 0.209954 0.003460 -0.000000 0.000000 7.000000 0.064000
763.000000 0.209954 0.003460 -0.000000 0.000000 7.000000 0.064000
764.000000 0.209954 0.003460 -0.000000 0.000000 7.000000 0.064000
765.000000 0.209954 0.003460 -0.000000 0.000000 7.000000 0.064000
766.000000 0.209954 0.003460 -0.000000 0.000000 7.000000 0.064000
767.000000 0.209954 0.003460 -0.000000 0.000000 7.000000 0.064000
768.000000 0.209954 0.003460 -0.000000 0.000000 7.000000 0.064000
769.000000 0.209954 0.003460 -0.000000 0.000000 7.000000 0.064000
770.000000 0.209954 0.003460 -0.000000 0.000000 7.000000 0.064000
771.000000 0.209954 0.003460 -0.000000 0.000000 7.000000 0.064000
772.000000 0.209954 0.003460 -0.000000 0.000000 7.000000 0.064000
773.000000 0.209954 0.003460 -0.000000 0.000000 7.000000 0.064000
774.000000 0.209954 0.003460 -0.000000 0.000000 7.000000 0.064000
775.000000 0.209954 0.003460 -0.000000 0.000000 7.000000 0.064000
776.000000 0.209954 0.003460 -0.000000 0.000000 7.000000 0.064000
777.000000 0.209954 0.003460 -0.000000 0.000000 7.000000 0.064000
778.000000 0.209954 0.003460 -0.000000 0.000000 7.000000 0.064000
779.000000 0.209954 0.003460 -0.000000 0.000000 7.000000 0.064000
780.000000 0.209954 0.003460 -0.000000 0.000000 7.000000 0.064000
781.000000 0.209954 0.003460 -0.000000 0.000000 7.000000 0.064000
782.000000 0.209954 0.003460 -0.000000 0.000000 7.000000 0.064000
783.000000 0.209954 0.003460 -0.000000 0.000000 7.000000 0.064000
784.000000 0.209954 0.003460 -0.000000 0.000000 7.000000 0.064000
785.000000 0.209954 0.003460 -0.000000 0.000000 7.000000 0.064000
786.000000 0.209954 0.003460 -0.000000 0.000000 7.000000 0.064000
787.000000 0.209954 0.003460 -0.000000 0.000000 7.000000 0.064000
788.000000 0.209954 0.003460 -0.000000 0.000000 7.000000 0.064000
789.000000 0.209954 0.003460 -0.000000 0.000000 7.000000 0.064000
790.000000 0.209954 0.003460 -0.000000 0.000000 7.000000 0.064000
791.000000 0.209954 0.003460 -0.000000 0.000000 7.000000 0.064000
792.000000 0.209954 0.003460 -0.000000 0.000000 7.000000 0.064000
793.000000 0.209954 0.003460 -0.000000 0.000000 7.000000 0.064000
794.000000 0.209954 0.003460 -0.000000 0.000000 7.000000 0.064000
795.000000 0.209954 0.003460 -0.000000 0.000000 7.000000 0.064000
796.000000 0.209954 0.003460 -0.000000 0.000000 7.000000 0.064000
797.000000 0.209954 0.003460 -0.000000 0.000000 7.000000 0.064000
798.000000 0.209954 0.003460 -0.000000 0.000000 7.000000 0.064000
799.000000 0.209954 0.003460 -0.000000 0.000000 7.000000 0.064000
800.000000 0.209954 0.003460 -0.000000 0.000000 7.000000 0.064000
801.000000 0.209954 0.003460 -0.000000 0.000000 7.000000 0.064000
802.000000 0.209954 0.003460 -0.000000 0.000000 7.000000 0.064000
803.000000 0.209954 0.003460 -0.000000 0.000000 7.000000 0.064000
804.000000 0.209954 0.003460 -0.000000 0.000000 7.000000 0.064000
805.000000 0.209954 0.003460 -0.000000 0.000000 7.000000 0.064000
806.000000 0.209954 0.003460 -0.000000 0.000000 7.000000 0.064000
807.000000 0.209954 0.003460 -0.000000 0.000000 7.000000 0.064000
808.000000 0.209954 0.003460 -0.000000 0.000000 7.000000 0.064000
809.000000 0.209954 0.003460 -0.000000 0.000000 7.000000 0.064000
810.000000 0.209954 0.003460 -0.000000 0.000000 7.000000 0.064000
811.000000 0.209954 0.003460 -0.000000 0.000000 7.000000 0.064000
812.000000 0.209954 0.003460 -0.000000 0.000000 7.000000 0.064000
813.000000 0.209954 0.003460 -0.000000 0.000000 7.000000 0.064000
814.000000 0.209954 0.003460 -0.000000 0.000000 7.000000 0.064000
815.000000 0.209954 0.003460 -0.000000 0.000000 7.000000 0.064000
816.000000 0.209954 0.003460 -0.000000 0.000000 7.000000 0.064000
817.000000 0.209954 0.003460 -0.000000 0.000000 7.000000 0.064000
818.000000 0.209954 0.003460 -0.000000 0.000000 7.000000 0.064000
819.000000 0.209954 0.003460 -0.000000 0.000000 7.000000 0.064000
820.000000 0.209954 0.003460 -0.000000 0.000000 7.000000 0.064000
821.000000 0.209954 0.003460 -0.000000 0.000000 7.000000 0.064000
822.000000 0.209954 0.003460 -0.000000 0.000000 7.000000 0.064000
823.000000 0.209954 0.003460 -0.000000 0.000000 7.000000 0.064000
824.000000 0.209954 0.003460 -0.000000 0.000000 7.000000 0.064000
825.000000 0.209954 0.003460 -0.000000 0.000000 7.000000 0.064000
826.000000 0.209954 0.003460 -0.000000 0.000000 7.000000 0.064000
827.000000 0.209954 0.003460 -0.000000 0.000000 7.000000 0.064000
828.000000 0.209954 0.003460 -0.000000 0.000000 7.000000 0.064000
829.000000 0.209954 0.003460 -0.000000 0.000000 7.000000 0.064000
830.000000 0.209954 0.003460 -0.000000 0.000000 7.000000 0.064000
831.000000 0.209954 0.003460 -0.000000 0.000000 7.000000 0.064000
832.000000 0.209954 0.003460 -0.000000 0.000000 7.000000 0.064000
833.000000 0.209954 0.003460 -0.000000 0.000000 7.000000 0.064000
834.000000 0.209954 0.003460 -0.000000 0.000000 7.000000 0.064000
835.000000 0.209954 0.003460 -0.000000 0.000000 7.000000 0.064000
836.000000 0.209954 0.003460 -0.000000 0.000000 7.000000 0.064000
837.000000 0.209954 0.003460 -0.000000 0.000000 7.000000 0.064000
838.000000 0.209954 0.003460 -0.000000 0.000000 7.000000 0.064000
839.000000 0.209954 0.003460 -0.000000 0.000000 7.000000 0.064000
840.000000 0.209954 0.003460 -0.000000 0.000000 7.000000 0.064000
841.000000 0.209954 0.003460 -0.000000 0.000000 7.000000 0.064000
842.000000 0.209954 0.003460 -0.000000 0.000000 7.000000 0.064000
843.000000 0.209954 0.003460 -0.000000 0.000000 7.000000 0.064000
844.000000 0.209954 0.003460 -0.000000 0.000000 7.000000 0.064000
845.000000 0.209954 0.003460 -0.000000 0.000000 7.000000 0.064000
846.000000 0.209954 0.003460 -0.000000 0.000000 7.000000 0.064000
847.000000 0.209954 0.003460 -0.000000 0.000000 7.000000 0.064000
848.000000 0.209954 0.003460 -0.000000 0.000000 7.000000 0.064000
849.000000 0.209954 0.003460 -0.000000 0.000000 7.000000 0.064000
850.000000 0.209954 0.003460 -0.000000 0.000000 7.000000 0.064000
851.000000 0.209954 0.003460 -0.000000 0.000000 7.000000 0.064000
852.000000 0.209954 0.003460 -0.000000 0.000000 7.000000 0.064000
853.000000 0.209954 0.003460 -0.000000 0.000000 7.000000 0.064000
854.000000 0.209954 0.003460 -0.000000 0.000000 7.000000 0.064000
855.000000 0.209954 0.003460 -0.000000 0.000000 7.000000 0.064000
856.000000 0.209954 0.003460 -0.000000 0.000000 7.000000 0.064000
857.000000 0.209954 0.003460 -0.000000 0.000000 7.000000 0.064000
858.000000 0.209954 0.003460 -0.000000 0.000000 7.000000 0.064000
859.000000 0.209954 0.003460 -0.000000 0.000000 7.000000 0.064000
860.000000 0.209954 0.003460 -0.000000 0.000000 7.000000 0.064000
861.000000 0.209954 0.003460 -0.000000 0.000000 7.000000 0.064000
862.000000 0.209954 0.003460 -0.000000 0.000000 7.000000 0.064000
863.000000 0.209954 0.003460 -0.000000 0.000000 7.000000 0.064000
864.000000 0.209954 0.003460 -0.000000 0.000000 7.000000 0.064000
865.000000 0.209954 0.003460 -0.000000 0.000000 7.000000 0.064000
866.000000 0.209954 0.003460 -0.000000 0.000000 7.000000 0.064000
867.000000 0.209954 0.003460 -0.000000 0.000000 7.000000 0.064000
868.000000 0.209954 0.003460 -0.000000 0.000000 7.000000 0.064000
869.000000 0.209954 0.003460 -0.000000 0.000000 7.000000 0.064000
870.000000 0.209954 0.003460 -0.000000 0.000000 7.000000 0.064000
871.000000 0.209954 0.003460 -0.000000 0.000000 7.000000 0.064000
872.000000 0.209954 0.003460 -0.000000 0.000000 7.000000 0.064000
873.000000 0.209954 0.003460 -0.000000 0.000000 7.000000 0.064000
874.000000 0.209954 0.003460 -0.000000 0.000000 7.000000 0.064000
875.000000 0.209954 0.003460 -0.000000 0.000000 7.000000 0.064000
876.000000 0.209954 0.003460 -0.000000 0.000000 7.000000 0.064000
877.000000 0.209954 0.003460 -0.000000 0.000000 7.000000 0.064000
878.000000 0.209954 0.003460 -0.000000 0.000000 7.000000 0.064000
879.000000 0.209954 0.003460 -0.000000 0.000000 7.000000 0.064000
880.000000 0.209954 0.003460 -0.000000 0.000000 7.000000 0.064000
881.000000 0.209954 0.003460 -0.000000 0.000000 7.000000 0.064000
882.000000 0.209954 0.003460 -0.000000 0.000000 7.000000 0.064000
883.000000 0.209954 0.003460 -0.000000 0.000000 7.000000 0.064000
884.000000 0.209954 0.003460 -0.000000 0.000000 7.000000 0.064000
885.000000 0.209954 0.003460 -0.000000 0.000000 7.000000 0.064000
886.000000 0.209954 0.003460 -0.000000 0.000000 7.000000 0.064000
887.000000 0.209954 0.003460 -0.000000 0.000000 7.000000 0.064000
888.000000 0.209954 0.003460 -0.000000 0.000000 7.000000 0.064000
889.000000 0.209954 0.003460 -0.000000 0.000000 7.000000 0.064000
890.000000 0.209954 0.003460 -0.000000 0.000000 7.000000 0.064000
891.000000 0.209954 0.003460 -0.000000 0.000000 7.000000 0.064000
892.000000 0.209954 0.003460 -0.000000 0.000000 7.000000 0.064000
893.000000 0.209954 0.003460 -0.000000 0.000000 7.000000 0.064000
894.000000 0.209954 0.003460 -0.000000 0.000000 7.000000 0.064000
895.000000 0.209954 0.003460 -0.000000 0.000000 7.000000 0.064000
896.000000 0.209954 0.003460 -0.000000 0.000000 7.000000 0.064000
897.000000 0.209954 0.003460 -0.000000 0.000000 7.000000 0.064000
898.000000 0.209954 0.003460 -0.000000 0.000000 7.000000 0.064000
899.000000 0.209954 0.003460 -0.000000 0.000000 7.000000 0.064000
900.000000 0.209954 0.003460 -0.000000 0.000000 7.000000 0.064000
901.000000 0.209954 0.003460 -0.000000 0.000000 7.000000 0.064000
902.000000 0.209954 0.003460 -0.000000 0.000000 7.000000 0.064000
903.000000 0.209954 0.003460 -0.000000 0.000000 7.000000 0.064000
904.000000 0.209954 0.003460 -0.000000 0.000000 7.000000 0.064000
905.000000 0.209954 0.003460 -0.000000 0.000000 7.000000 0.064000
906.000000 0.209954 0.003460 -0.000000 0.000000 7.000000 0.064000
907.000000 0.209954 0.003460 -0.000000 0.000000 7.000000 0.064000
908.000000 0.209954 0.003460 -0.000000 0.000000 7.000000 0.064000
909.000000 0.209954 0.003460 -0.000000 0.000000 7.000000 0.064000
910.000000 0.209954 0.003460 -0.000000 0.000000 7.000000 0.064000
911.000000 0.209954 0.003460 -0.000000 0.000000 7.000000 0.064000
912.000000 0.209954 0.003460 -0.000000 0.000000 7.000000 0.064000
913.000000 0.209954 0.003460 -0.000000 0.000000 7.000000 0.064000
914.000000 0.209954 0.003460 -0.000000 0.000000 7.000000 0.064000
915.000000 0.209954 0.003460 -0.000000 0.000000 7.000000 0.064000
916.000000 0.209954 0.003460 -0.000000 0.000000 7.000000 0.064000
917.000000 0.209954 0.003460 -0.000000 0.000000 7.000000 0.064000
918.000000 0.209954 0.003460 -0.000000 0.000000 7.000000 0.064000
919.000000 0.209954 0.003460 -0.000000 0.000000 7.000000 0.064000
920.000000 0.209954 0.003460 -0.000000 0.000000 7.000000 0.064000
921.000000 0.209954 0.003460 -0.000000 0.000000 7.000000 0.064000
922.000000 0.209954 0.003460 -0.000000 0.000000 7.000000 0.064000
923.000000 0.209954 0.003460 -0.000000 0.000000 7.000000 0.064000
924.000000 0.209954 0.003460 -0.000000 0.000000 7.000000 0.064000
925.000000 0.209954 0.003460 -0.000000 0.000000 7.000000 0.064000
926.000000 0.209954 0.003460 -0.000000 0.000000 7.000000 0.064000
927.000000 0.209954 0.003460 -0.000000 0.000000 7.000000 0.064000
928.000000 0.209954 0.003460 -0.000000 0.000000 7.000000 0.064000
929.000000 0.209954 0.003460 -0.000000 0.000000 7.000000 0.064000
930.000000 0.209954 0.003460 -0.000000 0.000000 7.000000 0.064000
931.000000 0.209954 0.003460 -0.000000 0.000000 7.000000 0.064000
932.000000 0.209954 0.003460 -0.000000 0.000000 7.000000 0.064000
933.000000 0.209954 0.003460 -0.000000 0.000000 7.000000 0.064000
934.000000 0.209954 0.003460 -0.000000 0.000000 7.000000 0.064000
935.000000 0.209954 0.003460 -0.000000 0.000000 7.000000 0.064000
936.000000 0.209954 0.003460 -0.000000 0.000000 7.000000 0.064000
937.000000 0.209954 0.003460 -0.000000 0.000000 7.000000 0.064000
938.000000 0.209954 0.003460 -0.000000 0.000000 7.000000 0.064000
939.000000 0.209954 0.003460 -0.000000 0.000000 7.000000 0.064000
940.000000 0.209954 0.003460 -0.000000 0.000000 7.000000 0.064000
941.000000 0.209954 0.003460 -0.000000 0.000000 7.000000 0.064000
942.000000 0.209954 0.003460 -0.000000 0.000000 7.000000 0.064000
943.000000 0.209954 0.003460 -0.000000 0.000000 7.000000 0.064000
944.000000 0.209954 0.003460 -0.000000 0.000000 7.000000 0.064000
945.000000 0.209954 0.003460 -0.000000 0.000000 7.000000 0.064000
946.000000 0.209954 0.003460 -0.000000 0.000000 7.000000 0.064000
947.000000 0.209954 0.003460 -0.000000 0.000000 7.000000 0.064000
948.000000 0.209954 0.003460 -0.000000 0.000000 7.000000 0.064000
949.000000 0.209954 0.003460 -0.000000 0.000000 7.000000 0.064000
950.000000 0.209954 0.003460 -0.000000 0.000000 7.000000 0.064000
951.000000 0.209954 0.003460 -0.000000 0.000000 7.000000 0.064000
952.000000 0.209954 0.003460 -0.000000 0.000000 7.000000 0.064000
953.000000 0.209954 0.003460 -0.000000 0.000000 7.000000 0.064000
954.000000 0.209954 0.003460 -0.000000 0.000000 7.000000 0.064000
955.000000 0.209954 0.003460 -0.000000 0.000000 7.000000 0.064000
956.000000 0.209954 0.003460 -0.000000 0.000000 7.000000 0.064000
957.000000 0.209954 0.003460 -0.000000 0.000000 7.000000 0.064000
958.000000 0.209954 0.003460 -0.000000 0.000000 7.000000 0.064000
959.000000 0.209954 0.003460 -0.000000 0.000000 7.000000 0.064000
960.000000 0.209954 0.003460 -0.000000 0.000000 7.000000 0.064000
961.000000 0.209954 0.003460 -0.000000 0.000000 7.000000 0.064000
962.000000 0.209954 0.003460 -0.000000 0.000000 7.000000 0.064000
963.000000 0.209954 0.003460 -0.000000 0.000000 7.000000 0.064000
964.000000 0.209954 0.003460 -0.000000 0.000000 7.000000 0.064000
965.000000 0.209954 0.003460 -0.000000 0.000000 7.000000 0.064000
966.000000 0.209954 0.003460 -0.000000 0.000000 7.000000 0.064000
967.000000 0.209954 0.003460 -0.000000 0.000000 7.000000 0.064000
968.000000 0.209954 0.003460 -0.000000 0.000000 7.000000 0.064000
969.000000 0.209954 0.003460 -0.000000 0.000000 7.000000 0.064000
970.000000 0.209954 0.003460 -0.000000 0.000000 7.000000 0.064000
971.000000 0.209954 0.003460 -0.000000 0.000000 7.000000 0.064000
972.000000 0.209954 0.003460 -0.000000 0.000000 7.000000 0.064000
973.000000 0.209954 0.003460 -0.000000 0.000000 7.000000 0.064000
974.000000 0.209954 0.003460 -0.000000 0.000000 7.000000 0.064000
975.000000 0.209954 0.003460 -0.000000 0.000000 7.000000 0.064000
976.000000 0.209954 0.003460 -0.000000 0.000000 7.000000 0.064000
977.000000 0.209954 0.003460 -0.000000 0.000000 7.000000 0.064000
978.000000 0.209954 0.003460 -0.000000 0.000000 7.000000 0.064000
979.000000 0.209954 0.003460 -0.000000 0.000000 7.000000 0.064000
980.000000 0.209954 0.003460 -0.000000 0.000000 7.000000 0.064000
981.000000 0.209954 0.003460 -0.000000 0.000000 7.000000 0.064000
982.000000 0.209954 0.003460 -0.000000 0.000000 7.000000 0.064000
983.000000 0.209954 0.003460 -0.000000 0.000000 7.000000 0.064000
984.000000 0.209954 0.003460 -0.000000 0.000000 7.000000 0.064000
985.000000 0.209954 0.003460 -0.000000 0.000000 7.000000 0.064000
986.000000 0.209954 0.003460 -0.000000 0.000000 7.000000 0.064000
987.000000 0.209954 0.003460 -0.000000 0.000000 7.000000 0.064000
988.000000 0.209954 0.003460 -0.000000 0.000000 7.000000 0.064000
989.000000 0.209954 0.003460 -0.000000 0.000000 7.000000 0.064000
990.000000 0.209954 0.003460 -0.000000 0.000000 7.000000 0.064000
991.000000 0.209954 0.003460 -0.000000 0.000000 7.000000 0.064000
992.000000 0.209954 0.003460 -0.000000 0.000000 7.000000 0.064000
993.000000 0.209954 0.003460 -0.000000 0.000000 7.000000 0.064000
994.000000 0.209954 0.003460 -0.000000 0.000000 7.000000 0.064000
995.000000 0.209954 0.003460 -0.000000 0.000000 7.000000 0.064000
996.000000 0.209954 0.003460 -0.000000 0.000000 7.000000 0.064000
997.000000 0.209954 0.003460 -0.000000 0.000000 7.000000 0.064000
998.000000 0.209954 0.003460 -0.000000 0.000000 7.000000 0.064000
999.000000 0.209954 0.003460 -0.000000 0.000000 7.000000 0.064000
1000.000000 0.209954 0.003460 -0.000000 0.000000 7.000000 0.064000
1001.000000 0.209954 0.003460 -0.000000 0.000000 7.000000 0.064000
1002.000000 0.209954 0.003460 -0.000000 0.000000 7.000000 0.064000
1003.000000 0.209954 0.003460 -0.000000 0.000000 7.000000 0.064000
1004.000000 0.209954 0.003460 -0.000000 0.000000 7.000000 0.064000
1005.000000 0.209954 0.003460 -0.000000 0.000000 7.000000 0.064000
1006.000000 0.209954 0.003460 -0.000000 0.000000 7.000000 0.064000
1007.000000 0.209954 0.003460 -0.000000 0.000000 7.000000 0.064000
1008.000000 0.209954 0.003460 -0.000000 0.000000 7.000000 0.064000
1009.000000 0.209954 0.003460 -0.000000 0.000000 7.000000 0.064000
1010.000000 0.209954 0.003460 -0.000000 0.000000 7.000000 0.064000
1011.000000 0.209954 0.003460 -0.000000 0.000000 7.000000 0.064000
1012.000000 0.209954 0.003460 -0.000000 0.000000 7.000000 0.064000
1013.000000 0.209954 0.003460 -0.000000 0.000000 7.000000 0.064000
1014.000000 0.209954 0.003460 -0.000000 0.000000 7.000000 0.064000
1015.000000 0.209954 0.003460 -0.000000 0.000000 7.000000 0.064000
1016.000000 0.209954 0.003460 -0.000000 0.000000 7.000000 0.064000
1017.000000 0.209954 0.003460 -0.000000 0.000000 7.000000 0.064000
1018.000000 0.209954 0.003460 -0.000000 0.000000 7.000000 0.064000
1019.000000 0.209954 0.003460 -0.000000 0.000000 7.000000 0.064000
1020.000000 0.209954 0.003460 -0.000000 0.000000 7.000000 0.064000
1021.000000 0.209954 0.003460 -0.000000 0.000000 7.000000 0.064000
1022.000000 0.209954 0.003460 -0.000000 0.000000 7.000000 0.064000
1023.000000 0.209954 0.003460 -0.000000 0.000000 7.000000 0.064000
1024.000000 0.209954 0.003460 -0.000000 0.000000 7.000000 0.064000
1025.000000 0.209954 0.003460 -0.000000 0.000000 7.000000 0.064000
1026.000000 0.209954 0.003460 -0.000000 0.000000 7.000000 0.064000
1027.000000 0.209954 0.003460 -0.000000 0.000000 7.000000 0.064000
1028.000000 0.209954 0.003460 -0.000000 0.000000 7.000000 0.064000
1029.000000 0.209954 0.003460 -0.000000 0.000000 7.000000 0.064000
1030.000000 0.209954 0.003460 -0.000000 0.000000 7.000000 0.064000
1031.000000 0.209954 0.003460 -0.000000 0.000000 7.000000 0.064000
1032.000000 0.209954 0.003460 -0.000000 0.000000 7.000000 0.064000
1033.000000 0.209954 0.003460 -0.000000 0.000000 7.000000 0.064000
1034.000000 0.209954 0.003460 -0.000000 0.000000 7.000000 0.064000
1035.000000 0.209954 0.003460 -0.000000 0.000000 7.000000 0.064000
1036.000000 0.209954 0.003460 -0.000000 0.000000 7.000000 0.064000
1037.000000 0.209954 0.003460 -0.000000 0.000000 7.000000 0.064000
1038.000000 0.209954 0.003460 -0.000000 0.000000 7.000000 0.064000
1039.000000 0.209954 0.003460 -0.000000 0.000000 7.000000 0.064000
1040.000000 0.209954 0.003460 -0.000000 0.000000 7.000000 0.064000
1041.000000 0.209954 0.003460 -0.000000 0.000000 7.000000 0.064000
1042.000000 0.209954 0.003460 -0.000000 0.000000 7.000000 0.064000
1043.000000 0.209954 0.003460 -0.000000 0.000000 7.000000 0.064000
1044.000000 0.209954 0.003460 -0.000000 0.000000 7.000000 0.064000
1045.000000 0.209954 0.003460 -0.000000 0.000000 7.000000 0.064000
1046.000000 0.209954 0.003460 -0.000000 0.000000 7.000000 0.064000
1047.000000 0.209954 0.003460 -0.000000 0.000000 7.000000 0.064000
1048.000000 0.209954 0.003460 -0.000000 0.000000 7.000000 0.064000
1049.000000 0.209954 0.003460 -0.000000 0.000000 7.000000 0.064000
1050.000000 0.209954 0.003460 -0.000000 0.000000 7.000000 0.064000
1051.000000 0.209954 0.003460 -0.000000 0.000000 7.000000 0.064000
1052.000000 0.209954 0.003460 -0.000000 0.000000 7.000000 0.064000
1053.000000 0.209954 0.003460 -0.000000 0.000000 7.000000 0.064000
1054.000000 0.209954 0.003460 -0.000000 0.000000 7.000000 0.064000
1055.000000 0.209954 0.003460 -0.000000 0.000000 7.000000 0.064000
1056.000000 0.209954 0.003460 -0.000000 0.000000 7.000000 0.064000
1057.000000 0.209954 0.003460 -0.000000 0.000000 7.000000 0.064000
1058.000000 0.209954 0.003460 -0.000000 0.000000 7.000000 0.064000
1059.000000 0.209954 0.003460 -0.000000 0.000000 7.000000 0.064000
1060.000000 0.209954 0.003460 -0.000000 0.000000 7.000000 0.064000
1061.000000 0.209954 0.003460 -0.000000 0.000000 7.000000 0.064000
1062.000000 0.209954 0.003460 -0.000000 0.000000 7.000000 0.064000
1063.000000 0.209954 0.003460 -0.000000 0.000000 7.000000 0.064000
1064.000000 0.209954 0.003460 -0.000000 0.000000 7.000000 0.064000
1065.000000 0.209954 0.003460 -0.000000 0.000000 7.000000 0.064000
1066.000000 0.209954 0.003460 -0.000000 0.000000 7.000000 0.064000
1067.000000 0.209954 0.003460 -0.000000 0.000000 7.000000 0.064000
1068.000000 0.209954 0.003460 -0.000000 0.000000 7.000000 0.064000
1069.000000 0.209954 0.003460 -0.000000 0.000000 7.000000 0.064000
1070.000000 0.209954 0.003460 -0.000000 0.000000 7.000000 0.064000
1071.000000 0.209954 0.003460 -0.000000 0.000000 7.000000 0.064000
1072.000000 0.209954 0.003460 -0.000000 0.000000 7.000000 0.064000
1073.000000 0.209954 0.003460 -0.000000 0.000000 7.000000 0.064000
1074.000000 0.209954 0.003460 -0.000000 0.000000 7.000000 0.064000
1075.000000 0.209954 0.003460 -0.000000 0.000000 7.000000 0.064000
1076.000000 0.209954 0.003460 -0.000000 0.000000 7.000000 0.064000
1077.000000 0.209954 0.003460 -0.000000 0.000000 7.000000 0.064000
1078.000000 0.209954 0.003460 -0.000000 0.000000 7.000000 0.064000
1079.000000 0.209954 0.003460 -0.000000 0.000000 7.000000 0.064000
1080.000000 0.209954 0.003460 -0.000000 0.000000 7.000000 0.064000
1081.000000 0.209954 0.003460 -0.000000 0.000000 7.000000 0.064000
1082.000000 0.209954 0.003460 -0.000000 0.000000 7.000000 0.064000
1083.000000 0.209954 0.003460 -0.000000 0.000000 7.000000 0.064000
1084.000000 0.209954 0.003460 -0.000000 0.000000 7.000000 0.064000
1085.000000 0.209954 0.003460 -0.000000 0.000000 7.000000 0.064000
1086.000000 0.209954 0.003460 -0.000000 0.000000 7.000000 0.064000
1087.000000 0.209954 0.003460 -0.000000 0.000000 7.000000 0.064000
1088.000000 0.209954 0.003460 -0.000000 0.000000 7.000000 0.064000
1089.000000 0.209954 0.003460 -0.000000 0.000000 7.000000 0.064000
1090.000000 0.209954 0.003460 -0.000000 0.000000 7.000000 0.064000
1091.000000 0.209954 0.003460 -0.000000 0.000000 7.000000 0.064000
1092.000000 0.209954 0.003460 -0.000000 0.000000 7.000000 0.064000
1093.000000 0.209954 0.003460 -0.000000 0.000000 7.000000 0.064000
1094.000000 0.209954 0.003460 -0.000000 0.000000 7.000000 0.064000
1095.000000 0.209954 0.003460 -0.000000 0.000000 7.000000 0.064000
1096.000000 0.209954 0.003460 -0.000000 0.000000 7.000000 0.064000
1097.000000 0.209954 0.003460 -0.000000 0.000000 7.000000 0.064000
1098.000000 0.209954 0.003460 -0.000000 0.000000 7.000000 0.064000
1099.000000 0.209954 0.003460 -0.000000 0.000000 7.000000 0.064000
1100.000000 0.209954 0.003460 -0.000000 0.000000 7.000000 0.064000
1101.000000 0.209954 0.003460 -0.000000 0.000000 7.000000 0.064000
1102.000000 0.209954 0.003460 -0.000000 0.000000 7.000000 0.064000
1103.000000 0.209954 0.003460 -0.000000 0.000000 7.000000 0.064000
1104.000000 0.209954 0.003460 -0.000000 0.000000 7.000000 0.064000
1105.000000 0.209954 0.003460 -0.000000 0.000000 7.000000 0.064000
1106.000000 0.209954 0.003460 -0.000000 0.000000 7.000000 0.064000
1107.000000 0.209954 0.003460 -0.000000 0.000000 7.000000 0.064000
1108.000000 0.209954 0.003460 -0.000000 0.000000 7.000000 0.064000
1109.000000 0.209954 0.003460 -0.000000 0.000000 7.000000 0.064000
1110.000000 0.209954 0.003460 -0.000000 0.000000 7.000000 0.064000
1111.000000 0.209954 0.003460 -0.000000 0.000000 7.000000 0.064000
1112.000000 0.209954 0.003460 -0.000000 -0.000000 7.000000 0.064000
1113.000000 0.209954 0.003460 -0.000000 -0.000000 7.000000 0.064000
1114.000000 0.209954 0.003460 -0.000000 -0.000000 7.000000 0.064000
1115.000000 0.209954 0.003460 -0.000000 -0.000000 7.000000 0.064000
1116.000000 0.209954 0.003460 -0.000000 -0.000000 7.000000 0.064000
1117.000000 0.209954 0.003460 -0.000000 -0.000000 7.000000 0.064000
1118.000000 0.209954 0.003460 -0.000000 -0.000000 7.000000 0.064000
1119.000000 0.209954 0.003460 -0.000000 -0.000000 7.000000 0.064000
1120.000000 0.209954 0.003460 -0.000000 -0.000000 7.000000 0.064000
1121.000000 0.209954 0.003460 -0.000000 -0.000000 7.000000 0.064000
1122.000000 0.209954 0.003460 -0.000000 -0.000000 7.000000 0.064000
1123.000000 0.209954 0.003460 -0.000000 -0.000000 7.000000 0.064000
1124.000000 0.209954 0.003460 -0.000000 -0.000000 7.000000 0.064000
1125.000000 0.209954 0.003460 -0.000000 -0.000000 7.000000 0.064000
1126.000000 0.209954 0.003460 -0.000000 -0.000000 7.000000 0.064000
1127.000000 0.209954 0.003460 -0.000000 -0.000000 7.000000 0.064000
1128.000000 0.209954 0.003460 -0.000000 -0.000000 7.000000 0.064000
1129.000000 0.209954 0.003460 -0.000000 -0.000000 7.000000 0.064000
1130.000000 0.209954 0.003460 -0.000000 -0.000000 7.000000 0.064000
1131.000000 0.209954 0.003460 -0.000000 -0.000000 7.000000 0.064000
1132.000000 0.209954 0.003460 -0.000000 -0.000000 7.000000 0.064000
1133.000000 0.209954 0.003460 -0.000000 -0.000000 7.000000 0.064000
1134.000000 0.209954 0.003460 -0.000000 -0.000000 7.000000 0.064000
1135.000000 0.209954 0.003460 -0.000000 -0.000000 7.000000 0.064000
1136.000000 0.209954 0.003460 -0.000000 -0.000000 7.000000 0.064000
1137.000000 0.209954 0.003460 -0.000000 -0.000000 7.000000 0.064000
1138.000000 0.209954 0.003460 -0.000000 -0.000000 7.000000 0.064000
1139.000000 0.209954 0.003460 -0.000000 -0.000000 7.000000 0.064000
1140.000000 0.209954 0.003460 -0.000000 -0.000000 7.000000 0.064000
1141.000000 0.209954 0.003460 -0.000000 -0.000000 7.000000 0.064000
1142.000000 0.209954 0.003460 -0.000000 -0.000000 7.000000 0.064000
1143.000000 0.209954 0.003460 -0.000000 -0.000000 7.000000 0.064000
1144.000000 0.209954 0.003460 -0.000000 -0.000000 7.000000 0.064000
1145.000000 0.209954 0.003460 -0.000000 -0.000000 7.000000 0.064000
1146.000000 0.209954 0.003460 -0.000000 -0.000000 7.000000 0.064000
1147.000000 0.209954 0.003460 -0.000000 -0.000000 7.000000 0.064000
1148.000000 0.209954 0.003460 -0.000000 -0.000000 7.000000 0.064000
1149.000000 0.209954 0.003460 -0.000000 -0.000000 7.000000 0.064000
1150.000000 0.209954 0.003460 -0.000000 -0.000000 7.000000 0.064000
1151.000000 0.209954 0.003460 -0.000000 -0.000000 7.000000 0.064000
1152.000000 0.209954 0.003460 -0.000000 -0.000000 7.000000 0.064000
1153.000000 0.209954 0.003460 -0.000000 -0.000000 7.000000 0.064000
1154.000000 0.209954 0.003460 -0.000000 -0.000000 7.000000 0.064000
1155.000000 0.209954 0.003460 -0.000000 -0.000000 7.000000 0.064000
1156.000000 0.209954 0.003460 -0.000000 -0.000000 7.000000 0.064000
1157.000000 0.209954 0.003460 -0.000000 -0.000000 7.000000 0.064000
1158.000000 0.209954 0.003460 -0.000000 -0.000000 7.000000 0.064000
1159.000000 0.209954 0.003460 -0.000000 -0.000000 7.000000 0.064000
1160.000000 0.209954 0.003460 -0.000000 -0.000000 7.000000 0.064000
1161.000000 0.209954 0.003460 -0.000000 -0.000000 7.000000 0.064000
1162.000000 0.209954 0.003460 -0.000000 -0.000000 7.000000 0.064000
1163.000000 0.209954 0.003460 -0.000000 -0.000000 7.000000 0.064000
1164.000000 0.209954 0.003460 -0.000000 -0.000000 7.000000 0.064000
1165.000000 0.209954 0.003460 -0.000000 -0.000000 7.000000 0.064000
1166.000000 0.209954 0.003460 -0.000000 -0.000000 7.000000 0.064000
1167.000000 0.209954 0.003460 -0.000000 -0.000000 7.000000 0.064000
1168.000000 0.209954 0.003460 -0.000000 -0.000000 7.000000 0.064000
1169.000000 0.209954 0.003460 -0.000000 -0.000000 7.000000 0.064000
1170.000000 0.209954 0.003460 -0.000000 -0.000000 7.000000 0.064000
1171.000000 0.209954 0.003460 -0.000000 -0.000000 7.000000 0.064000
1172.000000 0.209954 0.003460 -0.000000 -0.000000 7.000000 0.064000
1173.000000 0.209954 0.003460 -0.000000 -0.000000 7.000000 0.064000
1174.000000 0.209954 0.003460 -0.000000 -0.000000 7.000000 0.064000
1175.000000 0.209954 0.003460 -0.000000 -0.000000 7.000000 0.064000
1176.000000 0.209954 0.003460 -0.000000 -0.000000 7.000000 0.064000
1177.000000 0.209954 0.003460 -0.000000 -0.000000 7.000000 0.064000
1178.000000 0.209954 0.003460 -0.000000 -0.000000 7.000000 0.064000
1179.000000 0.209954 0.003460 -0.000000 -0.000000 7.000000 0.064000
1180.000000 0.209954 0.003460 -0.000000 -0.000000 7.000000 0.064000
1181.000000 0.209954 0.003460 -0.000000 -0.000000 7.000000 0.064000
1182.000000 0.209954 0.003460 -0.000000 -0.000000 7.000000 0.064000
1183.000000 0.209954 0.003460 -0.000000 -0.000000 7.000000 0.064000
1184.000000 0.209954 0.003460 -0.000000 -0.000000 7.000000 0.064000
1185.000000 0.209954 0.003460 -0.000000 -0.000000 7.000000 0.064000
1186.000000 0.209954 0.003460 -0.000000 -0.000000 7.000000 0.064000
1187.000000 0.209954 0.003460 -0.000000 -0.000000 7.000000 0.064000
1188.000000 0.209954 0.003460 -0.000000 -0.000000 7.000000 0.064000
1189.000000 0.209954 0.003460 -0.000000 -0.000000 7.000000 0.064000
1190.000000 0.209954 0.003460 -0.000000 -0.000000 7.000000 0.064000
1191.000000 0.209954 0.003460 -0.000000 -0.000000 7.000000 0.064000
1192.000000 0.209954 0.003460 -0.000000 -0.000000 7.000000 0.064000
1193.000000 0.209954 0.003460 -0.000000 -0.000000 7.000000 0.064000
1194.000000 0.209954 0.003460 -0.000000 -0.000000 7.000000 0.064000
1195.000000 0.209954 0.003460 -0.000000 -0.000000 7.000000 0.064000
1196.000000 0.209954 0.003460 -0.000000 -0.000000 7.000000 0.064000
1197.000000 0.209954 0.003460 -0.000000 -0.000000 7.000000 0.064000
1198.000000 0.209954 0.003460 -0.000000 -0.000000 7.000000 0.064000
1199.000000 0.209954 0.003460 -0.000000 -0.000000 7.000000 0.064000
1200.000000 0.209954 0.003460 -0.000000 -0.000000 7.000000 0.064000
1201.000000 0.209954 0.003460 -0.000000 -0.000000 7.000000 0.064000
1202.000000 0.209954 0.003460 -0.000000 -0.000000 7.000000 0.064000
1203.000000 0.209954 0.003460 -0.000000 -0.000000 7.000000 0.064000
1204.000000 0.209954 0.003460 -0.000000 -0.000000 7.000000 0.064000
1205.000000 0.209954 0.003460 -0.000000 -0.000000 7.000000 0.064000
1206.000000 0.209954 0.003460 -0.000000 -0.000000 7.000000 0.064000
1207.000000 0.209954 0.003460 -0.000000 -0.000000 7.000000 0.064000
1208.000000 0.209954 0.003460 -0.000000 -0.000000 7.000000 0.064000
1209.000000 0.209954 0.003460 -0.000000 -0.000000 7.000000 0.064000
1210.000000 0.209954 0.003460 -0.000000 -0.000000 7.000000 0.064000
1211.000000 0.209954 0.003460 -0.000000 -0.000000 7.000000 0.064000
1212.000000 0.209954 0.003460 -0.000000 -0.000000 7.000000 0.064000
1213.000000 0.209954 0.003460 -0.000000 -0.000000 7.000000 0.064000
1214.000000 0.209954 0.003460 -0.000000 -0.000000 7.000000 0.064000
1215.000000 0.209954 0.003460 -0.000000 -0.000000 7.000000 0.064000
1216.000000 0.209954 0.003460 -0.000000 -0.000000 7.000000 0.064000
1217.000000 0.209954 0.003460 -0.000000 -0.000000 7.000000 0.064000
1218.000000 0.209954 0.003460 -0.000000 -0.000000 7.000000 0.064000
1219.000000 0.209954 0.003460 -0.000000 -0.000000 7.000000 0.064000
1220.000000 0.209954 0.003460 -0.000000 -0.000000 7.000000 0.064000
1221.000000 0.209954 0.003460 -0.000000 -0.000000 7.000000 0.064000
1222.000000 0.209954 0.003460 -0.000000 -0.000000 7.000000 0.064000
1223.000000 0.209954 0.003460 -0.000000 -0.000000 7.000000 0.064000
1224.000000 0.209954 0.003460 -0.000000 -0.000000 7.000000 0.064000
1225.000000 0.209954 0.003460 -0.000000 -0.000000 7.000000 0.064000
1226.000000 0.209954 0.003460 -0.000000 -0.000000 7.000000 0.064000
1227.000000 0.209954 0.003460 -0.000000 -0.000000 7.000000 0.064000
1228.000000 0.209954 0.003460 -0.000000 -0.000000 7.000000 0.064000
1229.000000 0.209954 0.003460 -0.000000 -0.000000 7.000000 0.064000
1230.000000 0.209954 0.003460 -0.000000 -0.000000 7.000000 0.064000
1231.000000 0.209954 0.003460 -0.000000 -0.000000 7.000000 0.064000
1232.000000 0.209954 0.003460 -0.000000 -0.000000 7.000000 0.064000
1233.000000 0.209954 0.003460 -0.000000 -0.000000 7.000000 0.064000
1234.000000 0.209954 0.003460 -0.000000 -0.000000 7.000000 0.064000
1235.000000 0.209954 0.003460 -0.000000 -0.000000 7.000000 0.064000
1236.000000 0.209954 0.003460 -0.000000 -0.000000 7.000000 0.064000
1237.000000 0.209954 0.003460 -0.000000 -0.000000 7.000000 0.064000
1238.000000 0.209954 0.003460 -0.000000 -0.000000 7.000000 0.064000
1239.000000 0.209954 0.003460 -0.000000 -0.000000 7.000000 0.064000
1240.000000 0.209954 0.003460 -0.000000 -0.000000 7.000000 0.064000
1241.000000 0.209954 0.003460 -0.000000 -0.000000 7.000000 0.064000
1242.000000 0.209954 0.003460 -0.000000 -0.000000 7.000000 0.064000
1243.000000 0.209954 0.003460 -0.000000 -0.000000 7.000000 0.064000
1244.000000 0.209954 0.003460 -0.000000 -0.000000 7.000000 0.064000
1245.000000 0.209954 0.003460 -0.000000 -0.000000 7.000000 0.064000
1246.000000 0.209954 0.003460 -0.000000 -0.000000 7.000000 0.064000
1247.000000 0.209954 0.003460 -0.000000 -0.000000 7.000000 0.064000
1248.000000 0.209954 0.003460 -0.000000 -0.000000 7.000000 0.064000
1249.000000 0.209954 0.003460 -0.000000 -0.000000 7.000000 0.064000
1250.000000 0.209954 0.003460 -0.000000 -0.000000 7.000000 0.064000
1251.000000 0.209954 0.003460 -0.000000 -0.000000 7.000000 0.064000
1252.000000 0.209954 0.003460 -0.000000 -0.000000 7.000000 0.064000
1253.000000 0.209954 0.003460 -0.000000 -0.000000 7.000000 0.064000
1254.000000 0.209954 0.003460 -0.000000 -0.000000 7.000000 0.064000
1255.000000 0.209954 0.003460 -0.000000 -0.000000 7.000000 0.064000
1256.000000 0.209954 0.003460 -0.000000 -0.000000 7.000000 0.064000
1257.000000 0.209954 0.003460 -0.000000 -0.000000 7.000000 0.064000
1258.000000 0.209954 0.003460 -0.000000 -0.000000 7.000000 0.064000
1259.000000 0.209954 0.003460 -0.000000 -0.000000 7.000000 0.064000
1260.000000 0.209954 0.003460 -0.000000 -0.000000 7.000000 0.064000
1261.000000 0.209954 0.003460 -0.000000 -0.000000 7.000000 0.064000
1262.000000 0.209954 0.003460 -0.000000 -0.000000 7.000000 0.064000
1263.000000 0.209954 0.003460 -0.000000 -0.000000 7.000000 0.064000
1264.000000 0.209954 0.003460 -0.000000 -0.000000 7.000000 0.064000
1265.000000 0.209954 0.003460 -0.000000 -0.000000 7.000000 0.064000
1266.000000 0.209954 0.003460 -0.000000 -0.000000 7.000000 0.064000
1267.000000 0.209954 0.003460 -0.000000 -0.000000 7.000000 0.064000
1268.000000 0.209954 0.003460 -0.000000 -0.000000 7.000000 0.064000
1269.000000 0.209954 0.003460 -0.000000 -0.000000 7.000000 0.064000
1270.000000 0.209954 0.003460 -0.000000 -0.000000 7.000000 0.064000
1271.000000 0.209954 0.003460 -0.000000 -0.000000 7.000000 0.064000
1272.000000 0.209954 0.003460 -0.000000 -0.000000 7.000000 0.064000
1273.000000 0.209954 0.003460 -0.000000 -0.000000 7.000000 0.064000
1274.000000 0.209954 0.003460 -0.000000 -0.000000 7.000000 0.064000
1275.000000 0.209954 0.003460 -0.000000 -0.000000 7.000000 0.064000
1276.000000 0.209954 0.003460 -0.000000 -0.000000 7.000000 0.064000
1277.000000 0.209954 0.003460 -0.000000 -0.000000 7.000000 0.064000
1278.000000 0.209954 0.003460 -0.000000 -0.000000 7.000000 0.064000
1279.000000 0.209954 0.003460 -0.000000 -0.000000 7.000000 0.064000
1280.000000 0.209954 0.003460 -0.000000 -0.000000 7.000000 0.064000
1281.000000 0.209954 0.003460 -0.000000 -0.000000 7.000000 0.064000
1282.000000 0.209954 0.003460 -0.000000 -0.000000 7.000000 0.064000
1283.000000 0.209954 0.003460 -0.000000 -0.000000 7.000000 0.064000
1284.000000 0.209954 0.003460 -0.000000 -0.000000 7.000000 0.064000
1285.000000 0.209954 0.003460 -0.000000 -0.000000 7.000000 0.064000
1286.000000 0.209954 0.003460 -0.000000 -0.000000 7.000000 0.064000
1287.000000 0.209954 0.003460 -0.000000 -0.000000 7.000000 0.064000
1288.000000 0.209954 0.003460 -0.000000 -0.000000 7.000000 0.064000
1289.000000 0.209954 0.003460 -0.000000 -0.000000 7.000000 0.064000
1290.000000 0.209954 0.003460 -0.000000 -0.000000 7.000000 0.064000
1291.000000 0.209954 0.003460 -0.000000 -0.000000 7.000000 0.064000
1292.000000 0.209954 0.003460 -0.000000 -0.000000 7.000000 0.064000
1293.000000 0.209954 0.003460 -0.000000 -0.000000 7.000000 0.064000
1294.000000 0.209954 0.003460 -0.000000 -0.000000 7.000000 0.064000
1295.000000 0.209954 0.003460 -0.000000 -0.000000 7.000000 0.064000
1296.000000 0.209954 0.003460 -0.000000 -0.000000 7.000000 0.064000
1297.000000 0.209954 0.003460 -0.000000 -0.000000 7.000000 0.064000
1298.000000 0.209954 0.003460 -0.000000 -0.000000 7.000000 0.064000
1299.000000 0.209954 0.003460 -0.000000 -0.000000 7.000000 0.064000
1300.000000 0.209954 0.003460 -0.000000 -0.000000 7.000000 0.064000
1301.000000 0.209954 0.003460 -0.000000 -0.000000 7.000000 0.064000
1302.000000 0.209954 0.003460 -0.000000 -0.000000 7.000000 0.064000
1303.000000 0.209954 0.003460 -0.000000 -0.000000 7.000000 0.064000
1304.000000 0.209954 0.003460 -0.000000 -0.000000 7.000000 0.064000
1305.000000 0.209954 0.003460 -0.000000 -0.000000 7.000000 0.064000
1306.000000 0.209954 0.003460 -0.000000 -0.000000 7.000000 0.064000
1307.000000 0.209954 0.003460 -0.000000 -0.000000 7.000000 0.064000
1308.000000 0.209954 0.003460 -0.000000 -0.000000 7.000000 0.064000
1309.000000 0.209954 0.003460 -0.000000 -0.000000 7.000000 0.064000
1310.000000 0.209954 0.003460 -0.000000 -0.000000 7.000000 0.064000
1311.000000 0.209954 0.003460 -0.000000 -0.000000 7.000000 0.064000
1312.000000 0.209954 0.003460 -0.000000 -0.000000 7.000000 0.064000
1313.000000 0.209954 0.003460 -0.000000 -0.000000 7.000000 0.064000
1314.000000 0.209954 0.003460 -0.000000 -0.000000 7.000000 0.064000
1315.000000 0.209954 0.003460 -0.000000 -0.000000 7.000000 0.064000
1316.000000 0.209954 0.003460 -0.000000 -0.000000 7.000000 0.064000
1317.000000 0.209954 0.003460 -0.000000 -0.000000 7.000000 0.064000
1318.000000 0.209954 0.003460 -0.000000 -0.000000 7.000000 0.064000
1319.000000 0.209954 0.003460 -0.000000 -0.000000 7.000000 0.064000
1320.000000 0.209954 0.003460 -0.000000 -0.000000 7.000000 0.064000
1321.000000 0.209954 0.003460 -0.000000 -0.000000 7.000000 0.064000
1322.000000 0.209954 0.003460 -0.000000 -0.000000 7.000000 0.064000
1323.000000 0.209954 0.003460 -0.000000 -0.000000 7.000000 0.064000
1324.000000 0.209954 0.003460 -0.000000 -0.000000 7.000000 0.064000
1325.000000 0.209954 0.003460 -0.000000 -0.000000 7.000000 0.064000
1326.000000 0.209954 0.003460 -0.000000 -0.000000 7.000000 0.064000
1327.000000 0.209954 0.003460 -0.000000 -0.000000 7.000000 0.064000
1328.000000 0.209954 0.003460 -0.000000 -0.000000 7.000000 0.064000
1329.000000 0.209954 0.003460 -0.000000 -0.000000 7.000000 0.064000
1330.000000 0.209954 0.003460 -0.000000 -0.000000 7.000000 0.064000
1331.000000 0.209954 0.003460 -0.000000 -0.000000 7.000000 0.064000
1332.000000 0.209954 0.003460 -0.000000 -0.000000 7.000000 0.064000
1333.000000 0.209954 0.003460 -0.000000 -0.000000 7.000000 0.064000
1334.000000 0.209954 0.003460 -0.000000 -0.000000 7.000000 0.064000
1335.000000 0.209954 0.003460 -0.000000 -0.000000 7.000000 0.064000
1336.000000 0.209954 0.003460 -0.000000 -0.000000 7.000000 0.064000
1337.000000 0.209954 0.003460 -0.000000 -0.000000 7.000000 0.064000
1338.000000 0.209954 0.003460 -0.000000 -0.000000 7.000000 0.064000
1339.000000 0.209954 0.003460 -0.000000 -0.000000 7.000000 0.064000
1340.000000 0.209954 0.003460 -0.000000 -0.000000 7.000000 0.064000
1341.000000 0.209954 0.003460 -0.000000 -0.000000 7.000000 0.064000
1342.000000 0.209954 0.003460 -0.000000 -0.000000 7.000000 0.064000
1343.000000 0.209954 0.003460 -0.000000 -0.000000 7.000000 0.064000
1344.000000 0.209954 0.003460 -0.000000 -0.000000 7.000000 0.064000
1345.000000 0.209954 0.003460 -0.000000 -0.000000 7.000000 0.064000
1346.000000 0.209954 0.003460 -0.000000 -0.000000 7.000000 0.064000
1347.000000 0.209954 0.003460 -0.000000 -0.000000 7.000000 0.064000
1348.000000 0.209954 0.003460 -0.000000 -0.000000 7.000000 0.064000
1349.000000 0.209954 0.003460 -0.000000 -0.000000 7.000000 0.064000
1350.000000 0.209954 0.003460 -0.000000 -0.000000 7.000000 0.064000
1351.000000 0.209954 0.003460 -0.000000 -0.000000 7.000000 0.064000
1352.000000 0.209954 0.003460 -0.000000 -0.000000 7.000000 0.064000
1353.000000 0.209954 0.003460 -0.000000 -0.000000 7.000000 0.064000
1354.000000 0.209954 0.003460 -0.000000 -0.000000 7.000000 0.064000
1355.000000 0.209954 0.003460 -0.000000 -0.000000 7.000000 0.064000
1356.000000 0.209954 0.003460 -0.000000 -0.000000 7.000000 0.064000
1357.000000 0.209954 0.003460 -0.000000 -0.000000 7.000000 0.064000
1358.000000 0.209954 0.003460 -0.000000 -0.000000 7.000000 0.064000
1359.000000 0.209954 0.003460 -0.000000 -0.000000 7.000000 0.064000
1360.000000 0.209954 0.003460 -0.000000 -0.000000 7.000000 0.064000
1361.000000 0.209954 0.003460 -0.000000 -0.000000 7.000000 0.064000
1362.000000 0.209954 0.003460 -0.000000 -0.000000 7.000000 0.064000
1363.000000 0.209954 0.003460 -0.000000 -0.000000 7.000000 0.064000
1364.000000 0.209954 0.003460 -0.000000 -0.000000 7.000000 0.064000
1365.000000 0.209954 0.003460 -0.000000 -0.000000 7.000000 0.064000
1366.000000 0.209954 0.003460 -0.000000 -0.000000 7.000000 0.064000
1367.000000 0.209954 0.003460 -0.000000 -0.000000 7.000000 0.064000
1368.000000 0.209954 0.003460 -0.000000 -0.000000 7.000000 0.064000
1369.000000 0.209954 0.003460 -0.000000 -0.000000 7.000000 0.064000
1370.000000 0.209954 0.003460 -0.000000 -0.000000 7.000000 0.064000
1371.000000 0.209954 0.003460 -0.000000 -0.000000 7.000000 0.064000
1372.000000 0.209954 0.003460 -0.000000 -0.000000 7.000000 0.064000
1373.000000 0.209954 0.003460 -0.000000 -0.000000 7.000000 0.064000
1374.000000 0.209954 0.003460 -0.000000 -0.000000 7.000000 0.064000
