# imt log
s logheadsize 000234
s logcolumns 7
s logname /home/testac/lgames/fitts/20180718_Wed/run1.131225.dat
s logversion 2.0
s logdate "Wed Jul 18 13:12:25 EDT 2018"
s logidate 1531933945

# begin user data

# end user data

#####
959.000000 0.029527 0.011007 -0.102844 0.031255 0.000000 0.000000
960.000000 0.029000 0.011126 -0.105527 0.031250 0.000000 0.000000
961.000000 0.028433 0.011281 -0.107374 0.029471 7.000000 0.033000
962.000000 0.027855 0.011399 -0.110824 0.028494 7.000000 0.033000
963.000000 0.027318 0.011482 -0.111064 0.024499 7.000000 0.033000
964.000000 0.026689 0.011599 -0.113690 0.022413 7.000000 0.033000
965.000000 0.026123 0.011756 -0.116494 0.024962 7.000000 0.033000
966.000000 0.025505 0.011911 -0.117369 0.028176 7.000000 0.033000
967.000000 0.024877 0.012030 -0.120837 0.027929 7.000000 0.033000
968.000000 0.024279 0.012076 -0.121631 0.022471 7.000000 0.033000
969.000000 0.023652 0.012196 -0.122007 0.019765 7.000000 0.033000
970.000000 0.023014 0.012280 -0.124184 0.020188 7.000000 0.033000
971.000000 0.022324 0.012362 -0.128325 0.018551 7.000000 0.033000
972.000000 0.021727 0.012411 -0.128427 0.016047 7.000000 0.033000
973.000000 0.021101 0.012534 -0.125389 0.016784 7.000000 0.033000
974.000000 0.020412 0.012618 -0.128342 0.018885 7.000000 0.033000
975.000000 0.019764 0.012668 -0.130902 0.016362 7.000000 0.033000
976.000000 0.019065 0.012717 -0.132728 0.013337 7.000000 0.033000
977.000000 0.018406 0.012731 -0.134195 0.010040 7.000000 0.033000
978.000000 0.017759 0.012783 -0.132402 0.008524 7.000000 0.033000
979.000000 0.017100 0.012799 -0.131485 0.007830 7.000000 0.033000
980.000000 0.016390 0.012814 -0.134082 0.005659 7.000000 0.033000
981.000000 0.015772 0.012795 -0.133432 0.002864 7.000000 0.033000
982.000000 0.015114 0.012813 -0.130568 0.001596 7.000000 0.033000
983.000000 0.014444 0.012795 -0.131640 0.000959 7.000000 0.033000
984.000000 0.013735 0.012813 -0.134703 0.000662 7.000000 0.033000
985.000000 0.013105 0.012761 -0.134309 -0.001184 7.000000 0.033000
986.000000 0.012396 0.012781 -0.134098 -0.002028 7.000000 0.033000
987.000000 0.011715 0.012728 -0.136532 -0.002434 7.000000 0.033000
988.000000 0.011085 0.012678 -0.133856 -0.006112 7.000000 0.033000
989.000000 0.010404 0.012627 -0.132506 -0.007900 7.000000 0.033000
990.000000 0.009814 0.012542 -0.129881 -0.010530 7.000000 0.033000
991.000000 0.009144 0.012531 -0.127972 -0.009961 7.000000 0.033000
992.000000 0.008502 0.012446 -0.129550 -0.009641 7.000000 0.033000
993.000000 0.007860 0.012362 -0.128994 -0.013007 7.000000 0.033000
994.000000 0.007218 0.012279 -0.128732 -0.014646 7.000000 0.033000
995.000000 0.006576 0.012197 -0.128619 -0.015406 7.000000 0.033000
996.000000 0.005921 0.012079 -0.129175 -0.017534 7.000000 0.033000
997.000000 0.005278 0.011998 -0.129475 -0.018543 7.000000 0.033000
998.000000 0.004715 0.011845 -0.125196 -0.020771 7.000000 0.033000
999.000000 0.004111 0.011729 -0.121099 -0.023635 7.000000 0.033000
1000.000000 0.003519 0.011651 -0.120376 -0.021419 7.000000 0.033000
1001.000000 0.002915 0.011537 -0.120035 -0.020222 7.000000 0.033000
1002.000000 0.002310 0.011423 -0.120483 -0.021360 7.000000 0.033000
1003.000000 0.001706 0.011310 -0.120738 -0.021872 7.000000 0.033000
1004.000000 0.001140 0.011160 -0.118973 -0.023882 7.000000 0.033000
1005.000000 0.000562 0.010975 -0.116794 -0.028463 7.000000 0.033000
1006.000000 0.000008 0.010864 -0.115098 -0.028931 7.000000 0.033000
1007.000000 -0.000520 0.010679 -0.111744 -0.029119 7.000000 0.033000
1008.000000 -0.001087 0.010532 -0.110677 -0.030965 7.000000 0.033000
1009.000000 -0.001590 0.010423 -0.108926 -0.028244 7.000000 0.033000
1010.000000 -0.002131 0.010203 -0.106782 -0.030425 7.000000 0.033000
1011.000000 -0.002647 0.010058 -0.106334 -0.033298 7.000000 0.033000
1012.000000 -0.003125 0.009876 -0.102987 -0.032924 7.000000 0.033000
1013.000000 -0.003642 0.009731 -0.101309 -0.032684 7.000000 0.033000
1014.000000 -0.004172 0.009551 -0.103036 -0.032491 7.000000 0.033000
1015.000000 -0.004651 0.009370 -0.102037 -0.034176 7.000000 0.033000
1016.000000 -0.005091 0.009153 -0.097118 -0.036846 7.000000 0.033000
1017.000000 -0.005570 0.008973 -0.094646 -0.038162 7.000000 0.033000
1018.000000 -0.006024 0.008867 -0.094044 -0.033364 7.000000 0.033000
1019.000000 -0.006465 0.008651 -0.091873 -0.032712 7.000000 0.033000
1020.000000 -0.006906 0.008435 -0.090176 -0.037775 7.000000 0.033000
1021.000000 -0.007374 0.008294 -0.090603 -0.036681 7.000000 0.033000
1022.000000 -0.007803 0.008115 -0.090212 -0.034289 7.000000 0.033000
1023.000000 -0.008233 0.007937 -0.088140 -0.034871 7.000000 0.033000
1024.000000 -0.008663 0.007760 -0.087117 -0.035132 7.000000 0.033000
1025.000000 -0.009015 0.007507 -0.082838 -0.038919 7.000000 0.033000
1026.000000 -0.009433 0.007367 -0.080027 -0.039018 7.000000 0.033000
1027.000000 -0.009798 0.007226 -0.079210 -0.033614 7.000000 0.033000
1028.000000 -0.010191 0.007012 -0.077588 -0.034465 7.000000 0.033000
1029.000000 -0.010531 0.006798 -0.075553 -0.038514 7.000000 0.033000
1030.000000 -0.010898 0.006658 -0.073220 -0.036964 7.000000 0.033000
1031.000000 -0.011239 0.006444 -0.072066 -0.036151 7.000000 0.033000
1032.000000 -0.011606 0.006304 -0.071496 -0.035711 7.000000 0.033000
1033.000000 -0.011948 0.006090 -0.071241 -0.035463 7.000000 0.033000
1034.000000 -0.012199 0.005838 -0.065467 -0.040867 7.000000 0.033000
1035.000000 -0.012515 0.005698 -0.061207 -0.040019 7.000000 0.033000
1036.000000 -0.012792 0.005521 -0.060281 -0.035935 7.000000 0.033000
1037.000000 -0.013107 0.005381 -0.059825 -0.033834 7.000000 0.033000
1038.000000 -0.013399 0.005167 -0.060295 -0.034534 7.000000 0.033000
1039.000000 -0.013662 0.005026 -0.057985 -0.034941 7.000000 0.033000
1040.000000 -0.013902 0.004812 -0.054274 -0.035200 7.000000 0.033000
1041.000000 -0.014180 0.004635 -0.053079 -0.037103 7.000000 0.033000
1042.000000 -0.014406 0.004457 -0.051811 -0.036276 7.000000 0.033000
1043.000000 -0.014594 0.004241 -0.046735 -0.037767 7.000000 0.033000
1044.000000 -0.014820 0.004063 -0.044167 -0.038516 7.000000 0.033000
1045.000000 -0.014995 0.003884 -0.042190 -0.037106 7.000000 0.033000
1046.000000 -0.015183 0.003669 -0.039320 -0.038233 7.000000 0.033000
1047.000000 -0.015344 0.003526 -0.037180 -0.037019 7.000000 0.033000
1048.000000 -0.015518 0.003348 -0.035421 -0.034609 7.000000 0.033000
1049.000000 -0.015732 0.003207 -0.037107 -0.033298 7.000000 0.033000
1050.000000 -0.015868 0.002990 -0.036100 -0.034481 7.000000 0.033000
1051.000000 -0.016030 0.002848 -0.033025 -0.035153 7.000000 0.033000
1052.000000 -0.016114 0.002630 -0.028899 -0.035567 7.000000 0.033000
1053.000000 -0.016199 0.002412 -0.023043 -0.039488 7.000000 0.033000
1054.000000 -0.016308 0.002268 -0.021256 -0.037845 7.000000 0.033000
1055.000000 -0.016378 0.002087 -0.019661 -0.035224 7.000000 0.033000
1056.000000 -0.016463 0.001869 -0.017672 -0.037521 7.000000 0.033000
1057.000000 -0.016520 0.001724 -0.015967 -0.036911 7.000000 0.033000
1058.000000 -0.016591 0.001542 -0.014412 -0.034816 7.000000 0.033000
1059.000000 -0.016648 0.001397 -0.013624 -0.033748 7.000000 0.033000
1060.000000 -0.016719 0.001216 -0.013231 -0.033200 7.000000 0.033000
1061.000000 -0.016776 0.001071 -0.013035 -0.032919 7.000000 0.033000
1062.000000 -0.016833 0.000926 -0.012242 -0.030995 7.000000 0.033000
1063.000000 -0.016861 0.000853 -0.010438 -0.026459 7.000000 0.033000
1064.000000 -0.016918 0.000708 -0.009525 -0.024146 7.000000 0.033000
1065.000000 -0.016961 0.000599 -0.009763 -0.024744 7.000000 0.033000
1066.000000 -0.016913 0.000451 -0.004717 -0.025207 7.000000 0.033000
1067.000000 -0.016841 0.000229 0.003501 -0.031010 7.000000 0.033000
1068.000000 -0.016793 0.000081 0.007691 -0.033963 7.000000 0.033000
1069.000000 -0.016759 -0.000104 0.007940 -0.033609 7.000000 0.033000
1070.000000 -0.016749 -0.000214 0.006182 -0.031573 7.000000 0.033000
1071.000000 -0.016662 -0.000400 0.007875 -0.030610 7.000000 0.033000
1072.000000 -0.016586 -0.000476 0.012032 -0.028421 7.000000 0.033000
1073.000000 -0.016499 -0.000662 0.014152 -0.027301 7.000000 0.033000
1074.000000 -0.016398 -0.000811 0.016417 -0.030358 13.000000 0.033000
1075.000000 -0.016297 -0.000961 0.018278 -0.030135 13.000000 0.033000
1076.000000 -0.016181 -0.001074 0.019934 -0.028242 13.000000 0.033000
1077.000000 -0.016042 -0.001261 0.022671 -0.029123 13.000000 0.033000
1078.000000 -0.015941 -0.001411 0.023364 -0.031345 13.000000 0.033000
1079.000000 -0.015864 -0.001486 0.020645 -0.026998 13.000000 0.033000
1080.000000 -0.015710 -0.001637 0.021859 -0.024852 13.000000 0.033000
1081.000000 -0.015594 -0.001751 0.024370 -0.025606 13.000000 0.033000
1082.000000 -0.015440 -0.001901 0.025656 -0.025983 13.000000 0.033000
1083.000000 -0.015324 -0.002014 0.026313 -0.026173 13.000000 0.033000
1084.000000 -0.015170 -0.002165 0.026655 -0.026263 13.000000 0.033000
1085.000000 -0.015016 -0.002316 0.028726 -0.028150 13.000000 0.033000
1086.000000 -0.014861 -0.002466 0.029788 -0.029106 13.000000 0.033000
1087.000000 -0.014678 -0.002545 0.031742 -0.026034 13.000000 0.033000
1088.000000 -0.014533 -0.002585 0.032252 -0.019068 13.000000 0.033000
1089.000000 -0.014403 -0.002662 0.029917 -0.015447 13.000000 0.033000
1090.000000 -0.014220 -0.002740 0.030626 -0.015439 13.000000 0.033000
1091.000000 -0.014037 -0.002817 0.033590 -0.015496 13.000000 0.033000
1092.000000 -0.013853 -0.002895 0.035105 -0.015518 13.000000 0.033000
1093.000000 -0.013694 -0.002899 0.034681 -0.011906 13.000000 0.033000
1094.000000 -0.013458 -0.002978 0.037071 -0.010119 13.000000 0.033000
1095.000000 -0.013260 -0.003020 0.040189 -0.011043 13.000000 0.033000
1096.000000 -0.013009 -0.003062 0.042483 -0.009723 13.000000 0.033000
1097.000000 -0.012836 -0.003030 0.042446 -0.005430 13.000000 0.033000
1098.000000 -0.012652 -0.003107 0.039134 -0.004954 13.000000 0.033000
1099.000000 -0.012440 -0.003112 0.039347 -0.006541 13.000000 0.033000
1100.000000 -0.012228 -0.003117 0.040853 -0.003785 13.000000 0.033000
1101.000000 -0.012030 -0.003157 0.040926 -0.004152 13.000000 0.033000
1102.000000 -0.011804 -0.003126 0.041656 -0.002551 13.000000 0.033000
1103.000000 -0.011553 -0.003168 0.044633 -0.001779 13.000000 0.033000
1104.000000 -0.011341 -0.003172 0.045453 -0.003157 13.000000 0.033000
1105.000000 -0.011100 -0.003104 0.045348 0.001544 13.000000 0.033000
1106.000000 -0.010913 -0.003034 0.044075 0.007558 13.000000 0.033000
1107.000000 -0.010701 -0.003038 0.042041 0.007069 13.000000 0.033000
1108.000000 -0.010489 -0.003043 0.042220 0.003215 13.000000 0.033000
1109.000000 -0.010262 -0.003010 0.043000 0.003043 13.000000 0.033000
1110.000000 -0.010036 -0.002978 0.044086 0.004745 13.000000 0.033000
1111.000000 -0.009757 -0.002946 0.047235 0.005581 13.000000 0.033000
1112.000000 -0.009492 -0.002951 0.050751 0.004191 13.000000 0.033000
1113.000000 -0.009266 -0.002918 0.049939 0.003537 13.000000 0.033000
1114.000000 -0.008987 -0.002886 0.050209 0.005001 13.000000 0.033000
1115.000000 -0.008800 -0.002816 0.048427 0.007577 13.000000 0.033000
1116.000000 -0.008574 -0.002783 0.044917 0.008940 13.000000 0.033000
1117.000000 -0.008295 -0.002750 0.047638 0.007784 13.000000 0.033000
1118.000000 -0.008055 -0.002681 0.049700 0.008990 13.000000 0.033000
1119.000000 -0.007776 -0.002648 0.050748 0.009619 13.000000 0.033000
1120.000000 -0.007551 -0.002615 0.050597 0.008163 13.000000 0.033000
1121.000000 -0.007272 -0.002582 0.050517 0.007436 13.000000 0.033000
1122.000000 -0.006993 -0.002549 0.053071 0.007045 13.000000 0.033000
1123.000000 -0.006740 -0.002442 0.053118 0.010464 13.000000 0.033000
1124.000000 -0.006500 -0.002372 0.051216 0.014034 13.000000 0.033000
1125.000000 -0.006236 -0.002375 0.050816 0.010474 13.000000 0.033000
1126.000000 -0.005971 -0.002378 0.051859 0.005068 13.000000 0.033000
1127.000000 -0.005678 -0.002308 0.053732 0.005906 13.000000 0.033000
1128.000000 -0.005400 -0.002274 0.055356 0.008134 13.000000 0.033000
1129.000000 -0.005122 -0.002240 0.055507 0.007496 13.000000 0.033000
1130.000000 -0.004843 -0.002206 0.055580 0.007184 13.000000 0.033000
1131.000000 -0.004551 -0.002135 0.056279 0.008831 13.000000 0.033000
1132.000000 -0.004312 -0.002064 0.054701 0.011490 13.000000 0.033000
1133.000000 -0.004034 -0.002029 0.053226 0.011069 13.000000 0.033000
1134.000000 -0.003756 -0.001995 0.054399 0.009059 13.000000 0.033000
1135.000000 -0.003478 -0.001960 0.054993 0.008049 13.000000 0.033000
1136.000000 -0.003199 -0.001925 0.055293 0.007548 13.000000 0.033000
1137.000000 -0.002921 -0.001890 0.055442 0.007307 13.000000 0.033000
1138.000000 -0.002604 -0.001892 0.057450 0.005397 13.000000 0.033000
1139.000000 -0.002273 -0.001856 0.061064 0.004432 13.000000 0.033000
1140.000000 -0.001981 -0.001784 0.061622 0.007552 13.000000 0.033000
1141.000000 -0.001743 -0.001712 0.057370 0.010963 13.000000 0.033000
1142.000000 -0.001465 -0.001676 0.054542 0.010920 13.000000 0.033000
1143.000000 -0.001201 -0.001677 0.054381 0.007315 13.000000 0.033000
1144.000000 -0.000883 -0.001677 0.056237 0.003697 13.000000 0.033000
1145.000000 -0.000605 -0.001641 0.057834 0.003662 13.000000 0.033000
1146.000000 -0.000328 -0.001605 0.056705 0.005456 13.000000 0.033000
1147.000000 -0.000050 -0.001568 0.056126 0.006384 13.000000 0.033000
1148.000000 0.000267 -0.001568 0.057772 0.005079 13.000000 0.033000
1149.000000 0.000558 -0.001495 0.059252 0.006226 13.000000 0.033000
1150.000000 0.000836 -0.001458 0.058060 0.008618 13.000000 0.033000
1151.000000 0.001153 -0.001457 0.058748 0.006265 13.000000 0.033000
1152.000000 0.001417 -0.001456 0.058451 0.003280 13.000000 0.033000
1153.000000 0.001695 -0.001419 0.056350 0.003564 13.000000 0.033000
1154.000000 0.001972 -0.001381 0.055922 0.005520 13.000000 0.033000
1155.000000 0.002290 -0.001380 0.057651 0.004746 13.000000 0.033000
1156.000000 0.002554 -0.001379 0.057888 0.002564 13.000000 0.033000
1157.000000 0.002871 -0.001377 0.058010 0.001472 13.000000 0.033000
1158.000000 0.003149 -0.001339 0.058709 0.002728 13.000000 0.033000
1159.000000 0.003426 -0.001301 0.057110 0.005166 13.000000 0.033000
1160.000000 0.003703 -0.001263 0.056291 0.006422 13.000000 0.033000
1161.000000 0.003967 -0.001261 0.055236 0.005273 13.000000 0.033000
1162.000000 0.004232 -0.001259 0.054060 0.002899 13.000000 0.033000
1163.000000 0.004536 -0.001293 0.055420 -0.000075 13.000000 0.033000
1164.000000 0.004813 -0.001254 0.056744 0.000225 13.000000 0.033000
1165.000000 0.005117 -0.001288 0.057425 0.000395 13.000000 0.033000
1166.000000 0.005394 -0.001249 0.057765 0.000495 13.000000 0.033000
1167.000000 0.005672 -0.001209 0.056611 0.004140 13.000000 0.033000
1168.000000 0.005936 -0.001206 0.055390 0.004205 13.000000 0.033000
1169.000000 0.006200 -0.001204 0.054136 0.002448 13.000000 0.033000
1170.000000 0.006451 -0.001237 0.052870 -0.000241 13.000000 0.033000
1171.000000 0.006716 -0.001234 0.052225 -0.001598 13.000000 0.033000
1172.000000 0.006993 -0.001194 0.053151 0.001332 13.000000 0.033000
1173.000000 0.007257 -0.001191 0.053623 0.002838 13.000000 0.033000
1174.000000 0.007561 -0.001223 0.055203 0.000047 13.000000 0.033000
1175.000000 0.007825 -0.001220 0.056008 -0.001363 13.000000 0.033000
1176.000000 0.008090 -0.001216 0.054453 -0.000301 13.000000 0.033000
1177.000000 0.008314 -0.001176 0.051689 0.002016 13.000000 0.033000
1178.000000 0.008578 -0.001172 0.050281 0.003209 13.000000 0.033000
1179.000000 0.008830 -0.001204 0.050912 0.000255 13.000000 0.033000
1180.000000 0.009094 -0.001200 0.051234 -0.001237 13.000000 0.033000
1181.000000 0.009358 -0.001196 0.052019 -0.000178 13.000000 0.033000
1182.000000 0.009610 -0.001228 0.051802 -0.001434 13.000000 0.033000
1183.000000 0.009874 -0.001223 0.051691 -0.002061 13.000000 0.033000
1184.000000 0.010138 -0.001218 0.052253 -0.000561 13.000000 0.033000
1185.000000 0.010375 -0.001141 0.051176 0.003781 13.000000 0.033000
1186.000000 0.010599 -0.001100 0.048649 0.007762 13.000000 0.033000
1187.000000 0.010850 -0.001132 0.048108 0.004425 13.000000 0.033000
1188.000000 0.011102 -0.001163 0.049195 -0.000831 13.000000 0.033000
1189.000000 0.011354 -0.001195 0.049753 -0.003496 13.000000 0.033000
1190.000000 0.011618 -0.001189 0.050652 -0.003033 13.000000 0.033000
1191.000000 0.011829 -0.001185 0.049131 -0.001035 13.000000 0.033000
1192.000000 0.012093 -0.001179 0.048356 -0.000003 13.000000 0.033000
1193.000000 0.012358 -0.001173 0.050551 0.000591 13.000000 0.033000
1194.000000 0.012622 -0.001167 0.051670 0.000907 13.000000 0.033000
1195.000000 0.012793 -0.001127 0.047663 0.002762 13.000000 0.033000
1196.000000 0.013045 -0.001157 0.045016 0.001909 13.000000 0.033000
1197.000000 0.013256 -0.001152 0.045649 -0.000269 13.000000 0.033000
1198.000000 0.013508 -0.001183 0.045976 -0.001366 13.000000 0.033000
1199.000000 0.013731 -0.001141 0.046745 -0.000106 13.000000 0.033000
1200.000000 0.013955 -0.001098 0.045755 0.004105 13.000000 0.033000
1201.000000 0.014207 -0.001129 0.046634 0.002703 13.000000 0.033000
1202.000000 0.014459 -0.001159 0.048466 -0.001557 13.000000 0.033000
1203.000000 0.014723 -0.001152 0.050004 -0.001902 13.000000 0.033000
1204.000000 0.014906 -0.001074 0.047407 0.003226 13.000000 0.033000
1205.000000 0.015146 -0.001140 0.044886 0.002224 13.000000 0.033000
1206.000000 0.015357 -0.001134 0.044988 -0.001836 13.000000 0.033000
1207.000000 0.015581 -0.001092 0.044249 0.001474 13.000000 0.033000
1208.000000 0.015833 -0.001121 0.045867 0.001431 13.000000 0.033000
1209.000000 0.016056 -0.001078 0.046686 0.001418 13.000000 0.033000
1210.000000 0.016308 -0.001107 0.047108 0.001423 13.000000 0.033000
1211.000000 0.016560 -0.001136 0.048720 -0.002115 13.000000 0.033000
1212.000000 0.016784 -0.001093 0.048141 -0.000357 13.000000 0.033000
1213.000000 0.016954 -0.001051 0.043854 0.004014 13.000000 0.033000
1214.000000 0.017206 -0.001080 0.043072 0.002703 13.000000 0.033000
1215.000000 0.017418 -0.001073 0.044669 0.000307 13.000000 0.033000
1216.000000 0.017682 -0.001065 0.046077 0.000915 13.000000 0.033000
1217.000000 0.017893 -0.001058 0.046794 0.001233 13.000000 0.033000
1218.000000 0.018157 -0.001049 0.047159 0.001408 13.000000 0.033000
1219.000000 0.018410 -0.001078 0.049347 -0.000223 13.000000 0.033000
1220.000000 0.018662 -0.001106 0.049874 -0.002859 13.000000 0.033000
1221.000000 0.018885 -0.001061 0.048728 -0.000647 13.000000 0.033000
1222.000000 0.019108 -0.001017 0.046729 0.004034 13.000000 0.033000
1223.000000 0.019349 -0.001082 0.046541 0.001067 13.000000 0.033000
1224.000000 0.019572 -0.001038 0.046441 -0.000437 13.000000 0.033000
1225.000000 0.019824 -0.001065 0.046981 0.000627 13.000000 0.033000
1226.000000 0.020047 -0.001020 0.047252 0.001177 13.000000 0.033000
1227.000000 0.020300 -0.001048 0.047394 0.001470 13.000000 0.033000
1228.000000 0.020564 -0.001038 0.049470 -0.000092 13.000000 0.033000
1229.000000 0.020828 -0.001028 0.051112 0.000945 13.000000 0.033000
1230.000000 0.021092 -0.001018 0.051949 0.001485 13.000000 0.033000
1231.000000 0.021315 -0.000973 0.050362 0.003489 13.000000 0.033000
1232.000000 0.021556 -0.001037 0.048398 0.000881 13.000000 0.033000
1233.000000 0.021820 -0.001026 0.049405 -0.002154 13.000000 0.033000
1234.000000 0.022084 -0.001016 0.051079 -0.000047 13.000000 0.033000
1235.000000 0.022348 -0.001005 0.051931 0.001039 13.000000 0.033000
1236.000000 0.022612 -0.000994 0.052365 0.001605 13.000000 0.033000
1237.000000 0.022864 -0.001021 0.052011 0.000084 13.000000 0.033000
1238.000000 0.023170 -0.001045 0.053848 -0.002388 13.000000 0.033000
1239.000000 0.023404 -0.000961 0.053912 0.001717 13.000000 0.033000
1240.000000 0.023669 -0.000950 0.051930 0.005535 13.000000 0.033000
1241.000000 0.023921 -0.000976 0.051790 0.002134 13.000000 0.033000
1242.000000 0.024185 -0.000964 0.051718 0.000414 13.000000 0.033000
1243.000000 0.024502 -0.000950 0.054844 0.001493 13.000000 0.033000
1244.000000 0.024766 -0.000938 0.056436 0.002055 13.000000 0.033000
1245.000000 0.025071 -0.000961 0.056680 0.000536 13.000000 0.033000
1246.000000 0.025377 -0.000984 0.058829 -0.001927 13.000000 0.033000
1247.000000 0.025653 -0.000935 0.058465 0.000360 13.000000 0.033000
1248.000000 0.025917 -0.000922 0.056257 0.003241 13.000000 0.033000
1249.000000 0.026234 -0.000907 0.057154 0.003024 13.000000 0.033000
1250.000000 0.026527 -0.000966 0.059078 -0.000597 13.000000 0.033000
1251.000000 0.026844 -0.000951 0.060056 -0.002423 13.000000 0.033000
1252.000000 0.027108 -0.000938 0.059093 0.000182 13.000000 0.033000
1253.000000 0.027425 -0.000923 0.058600 0.001528 13.000000 0.033000
1254.000000 0.027742 -0.000907 0.060939 0.002361 13.000000 0.033000
1255.000000 0.028101 -0.000925 0.064162 0.001114 13.000000 0.033000
1256.000000 0.028429 -0.000872 0.066358 0.002325 13.000000 0.033000
1257.000000 0.028734 -0.000892 0.064892 0.002824 13.000000 0.033000
1258.000000 0.029051 -0.000876 0.063585 0.001269 13.000000 0.033000
1259.000000 0.029357 -0.000896 0.062924 0.000493 13.000000 0.033000
1260.000000 0.029726 -0.000876 0.065175 0.000261 13.000000 0.033000
1261.000000 0.030043 -0.000859 0.066876 0.001989 13.000000 0.033000
1262.000000 0.030360 -0.000842 0.065151 0.002746 13.000000 0.033000
1263.000000 0.030719 -0.000859 0.066313 0.001469 13.000000 0.033000
1264.000000 0.031088 -0.000838 0.069493 0.000988 13.000000 0.033000
1265.000000 0.031458 -0.000817 0.071663 0.002598 13.000000 0.033000
1266.000000 0.031775 -0.000799 0.070177 0.003287 13.000000 0.033000
1267.000000 0.032144 -0.000777 0.069418 0.003663 13.000000 0.033000
1268.000000 0.032492 -0.000830 0.070537 0.000365 13.000000 0.033000
1269.000000 0.032862 -0.000808 0.071104 -0.001289 13.000000 0.033000
1270.000000 0.033231 -0.000786 0.072483 0.001555 13.000000 0.033000
1271.000000 0.033590 -0.000801 0.072644 0.001195 13.000000 0.033000
1272.000000 0.033959 -0.000778 0.072724 0.001037 13.000000 0.033000
1273.000000 0.034371 -0.000790 0.075359 0.001147 13.000000 0.033000
1274.000000 0.034751 -0.000729 0.077233 0.003062 13.000000 0.033000
1275.000000 0.035121 -0.000706 0.076136 0.005732 13.000000 0.033000
1276.000000 0.035532 -0.000716 0.077094 0.003621 13.000000 0.033000
1277.000000 0.035891 -0.000729 0.077050 0.000733 13.000000 0.033000
1278.000000 0.036303 -0.000739 0.077032 -0.000706 13.000000 0.033000
1279.000000 0.036672 -0.000715 0.077554 0.000418 13.000000 0.033000
1280.000000 0.037084 -0.000724 0.077824 0.001023 13.000000 0.033000
1281.000000 0.037453 -0.000699 0.077958 0.001353 13.000000 0.033000
1282.000000 0.037918 -0.000704 0.080620 0.001739 13.000000 0.033000
1283.000000 0.038340 -0.000674 0.084562 0.002146 13.000000 0.033000
1284.000000 0.038720 -0.000611 0.082439 0.005691 13.000000 0.033000
1285.000000 0.039132 -0.000619 0.080835 0.005691 13.000000 0.033000
1286.000000 0.039533 -0.000663 0.081042 0.000391 13.000000 0.033000
1287.000000 0.039955 -0.000633 0.081668 -0.000439 13.000000 0.033000
1288.000000 0.040378 -0.000602 0.083030 0.002845 13.000000 0.033000
1289.000000 0.040789 -0.000609 0.083206 0.002711 13.000000 0.033000
1290.000000 0.041254 -0.000611 0.085367 0.001036 13.000000 0.033000
1291.000000 0.041676 -0.000579 0.086984 0.002053 13.000000 0.033000
1292.000000 0.042151 -0.000543 0.088321 0.004453 13.000000 0.033000
1293.000000 0.042531 -0.000477 0.086920 0.007340 13.000000 0.033000
1294.000000 0.042985 -0.000515 0.085189 0.005169 13.000000 0.033000
1295.000000 0.043397 -0.000519 0.085872 0.000612 13.000000 0.033000
1296.000000 0.043830 -0.000448 0.085157 0.003643 13.000000 0.033000
1297.000000 0.044284 -0.000485 0.086882 0.003590 13.000000 0.033000
1298.000000 0.044748 -0.000485 0.089333 0.000127 13.000000 0.033000
1299.000000 0.045223 -0.000446 0.091593 0.002089 13.000000 0.033000
1300.000000 0.045688 -0.000444 0.092748 0.003127 13.000000 0.033000
1301.000000 0.046163 -0.000404 0.093332 0.003697 13.000000 0.033000
1302.000000 0.046543 -0.000336 0.089449 0.007262 13.000000 0.033000
1303.000000 0.047017 -0.000295 0.087468 0.009120 13.000000 0.033000
1304.000000 0.047472 -0.000330 0.090144 0.005012 13.000000 0.033000
1305.000000 0.047937 -0.000326 0.091012 0.001114 13.000000 0.033000
1306.000000 0.048412 -0.000285 0.092445 0.002859 13.000000 0.033000
1307.000000 0.048886 -0.000243 0.093666 0.005635 13.000000 0.033000
1308.000000 0.049404 -0.000233 0.096384 0.005483 13.000000 0.033000
1309.000000 0.049869 -0.000228 0.097279 0.003597 13.000000 0.033000
1310.000000 0.050343 -0.000185 0.095635 0.004289 13.000000 0.033000
1311.000000 0.050775 -0.000108 0.093178 0.008129 13.000000 0.033000
1312.000000 0.051293 -0.000097 0.094028 0.008527 13.000000 0.033000
1313.000000 0.051748 -0.000128 0.095599 0.003462 13.000000 0.033000
1314.000000 0.052265 -0.000116 0.096402 0.000933 13.000000 0.033000
1315.000000 0.052750 -0.000033 0.098249 0.005231 13.000000 0.033000
1316.000000 0.053267 -0.000020 0.099192 0.007471 13.000000 0.033000
1317.000000 0.053775 -0.000044 0.100828 0.003360 13.000000 0.033000
1318.000000 0.054259 0.000040 0.100019 0.004754 13.000000 0.033000
1319.000000 0.054777 0.000055 0.100088 0.007363 13.000000 0.033000
1320.000000 0.055251 0.000102 0.099641 0.006880 13.000000 0.033000
1321.000000 0.055759 0.000080 0.098951 0.004830 13.000000 0.033000
1322.000000 0.056243 0.000166 0.099057 0.005678 13.000000 0.033000
1323.000000 0.056761 0.000183 0.099586 0.008011 13.000000 0.033000
1324.000000 0.057278 0.000199 0.101504 0.005810 13.000000 0.033000
1325.000000 0.057806 0.000255 0.102942 0.006592 13.000000 0.033000
1326.000000 0.058323 0.000273 0.103678 0.007039 13.000000 0.033000
1327.000000 0.058841 0.000291 0.103590 0.005461 13.000000 0.033000
1328.000000 0.059368 0.000348 0.104002 0.006561 13.000000 0.033000
1329.000000 0.059895 0.000405 0.104666 0.009026 13.000000 0.033000
1330.000000 0.060369 0.000457 0.102415 0.010037 13.000000 0.033000
1331.000000 0.060886 0.000477 0.100813 0.008747 13.000000 0.033000
1332.000000 0.061457 0.000504 0.104710 0.006865 13.000000 0.033000
1333.000000 0.061974 0.000525 0.106698 0.005954 13.000000 0.033000
1334.000000 0.062501 0.000585 0.105573 0.007106 13.000000 0.033000
1335.000000 0.063071 0.000613 0.107584 0.008046 13.000000 0.033000
1336.000000 0.063598 0.000674 0.108601 0.008574 13.000000 0.033000
1337.000000 0.064125 0.000735 0.106977 0.010451 13.000000 0.033000
1338.000000 0.064599 0.000790 0.103562 0.011143 13.000000 0.033000
1339.000000 0.065160 0.000783 0.103527 0.008140 13.000000 0.033000
1340.000000 0.065686 0.000846 0.106084 0.006965 13.000000 0.033000
1341.000000 0.066204 0.000871 0.105248 0.007965 13.000000 0.033000
1342.000000 0.066739 0.000973 0.105243 0.010386 13.000000 0.033000
1343.000000 0.067257 0.000999 0.105244 0.011667 13.000000 0.033000
1344.000000 0.067827 0.001032 0.106955 0.008975 13.000000 0.033000
1345.000000 0.068353 0.001098 0.108254 0.009512 13.000000 0.033000
1346.000000 0.068879 0.001163 0.106759 0.011376 13.000000 0.033000
1347.000000 0.069405 0.001230 0.105991 0.012375 13.000000 0.033000
1348.000000 0.069923 0.001258 0.105174 0.011068 13.000000 0.033000
1349.000000 0.070449 0.001326 0.104750 0.010452 13.000000 0.033000
1350.000000 0.070966 0.001356 0.104537 0.010185 13.000000 0.033000
1351.000000 0.071492 0.001424 0.104420 0.010099 13.000000 0.033000
1352.000000 0.072062 0.001462 0.106941 0.010452 13.000000 0.033000
1353.000000 0.072588 0.001531 0.108217 0.010680 13.000000 0.033000
1354.000000 0.073105 0.001563 0.106291 0.010503 13.000000 0.033000
1355.000000 0.073640 0.001671 0.105707 0.012328 13.000000 0.033000
1356.000000 0.074121 0.001773 0.103646 0.016682 13.000000 0.033000
1357.000000 0.074630 0.001768 0.101371 0.013349 13.000000 0.033000
1358.000000 0.075208 0.001847 0.104946 0.010548 13.000000 0.033000
1359.000000 0.075681 0.001912 0.105004 0.012537 13.000000 0.033000
1360.000000 0.076251 0.001954 0.104626 0.011746 13.000000 0.033000
1361.000000 0.076776 0.002028 0.107002 0.011748 13.000000 0.033000
1362.000000 0.077301 0.002101 0.106032 0.013307 13.000000 0.033000
1363.000000 0.077819 0.002138 0.105138 0.012280 13.000000 0.033000
1364.000000 0.078299 0.002243 0.102491 0.013298 13.000000 0.033000
1365.000000 0.078824 0.002318 0.101534 0.015736 13.000000 0.033000
1366.000000 0.079341 0.002356 0.102829 0.013658 13.000000 0.033000
1367.000000 0.079858 0.002394 0.103095 0.010778 13.000000 0.033000
1368.000000 0.080391 0.002509 0.104001 0.013102 13.000000 0.033000
1369.000000 0.080916 0.002587 0.104846 0.016206 13.000000 0.033000
1370.000000 0.081433 0.002626 0.104498 0.014094 13.000000 0.033000
1371.000000 0.081958 0.002705 0.104313 0.013067 13.000000 0.033000
1372.000000 0.082483 0.002783 0.104597 0.014465 13.000000 0.033000
1373.000000 0.082955 0.002855 0.102163 0.014826 13.000000 0.033000
1374.000000 0.083479 0.002935 0.100915 0.015061 13.000000 0.033000
1375.000000 0.083996 0.002977 0.102472 0.013748 13.000000 0.033000
1376.000000 0.084520 0.003057 0.103256 0.013129 13.000000 0.033000
1377.000000 0.085037 0.003101 0.103657 0.012862 13.000000 0.033000
1378.000000 0.085561 0.003182 0.103852 0.012776 13.000000 0.033000
1379.000000 0.086086 0.003265 0.104317 0.014655 13.000000 0.033000
1380.000000 0.086602 0.003309 0.104183 0.013786 13.000000 0.033000
1381.000000 0.087126 0.003392 0.104105 0.013393 13.000000 0.033000
1382.000000 0.087605 0.003506 0.102218 0.016571 13.000000 0.033000
1383.000000 0.088122 0.003552 0.100890 0.016364 13.000000 0.033000
1384.000000 0.088638 0.003599 0.102052 0.012969 13.000000 0.033000
1385.000000 0.089162 0.003684 0.102999 0.013166 13.000000 0.033000
1386.000000 0.089678 0.003731 0.103482 0.013314 13.000000 0.033000
1387.000000 0.090195 0.003779 0.103367 0.011561 13.000000 0.033000
1388.000000 0.090673 0.003896 0.101441 0.014036 13.000000 0.033000
1389.000000 0.091242 0.003953 0.103027 0.015785 13.000000 0.033000
1390.000000 0.091758 0.004003 0.105690 0.013396 13.000000 0.033000
1391.000000 0.092237 0.004120 0.102604 0.015112 13.000000 0.033000
1392.000000 0.092753 0.004171 0.101032 0.016035 13.000000 0.033000
1393.000000 0.093262 0.004183 0.101755 0.011351 13.000000 0.033000
1394.000000 0.093740 0.004302 0.100237 0.012324 13.000000 0.033000
1395.000000 0.094263 0.004392 0.100149 0.016628 13.000000 0.033000
1396.000000 0.094779 0.004445 0.101978 0.015553 13.000000 0.033000
1397.000000 0.095295 0.004497 0.102566 0.013174 13.000000 0.033000
1398.000000 0.095863 0.004560 0.105428 0.012471 13.000000 0.033000
1399.000000 0.096334 0.004643 0.104653 0.013578 13.000000 0.033000
1400.000000 0.096804 0.004726 0.099461 0.015157 13.000000 0.033000
1401.000000 0.097320 0.004781 0.099042 0.014583 13.000000 0.033000
1402.000000 0.097836 0.004836 0.101055 0.012915 13.000000 0.033000
1403.000000 0.098359 0.004930 0.102404 0.013997 13.000000 0.033000
1404.000000 0.098875 0.004986 0.103091 0.014596 13.000000 0.033000
1405.000000 0.099390 0.005043 0.103108 0.013068 13.000000 0.033000
1406.000000 0.099906 0.005100 0.103116 0.012337 13.000000 0.033000
1407.000000 0.100422 0.005158 0.103118 0.012013 13.000000 0.033000
1408.000000 0.100944 0.005254 0.103434 0.013780 13.000000 0.033000
1409.000000 0.101414 0.005342 0.101348 0.016126 13.000000 0.033000
1410.000000 0.101982 0.005410 0.102521 0.015976 13.000000 0.033000
1411.000000 0.102446 0.005460 0.102799 0.014049 13.000000 0.033000
1412.000000 0.103007 0.005492 0.102627 0.011245 13.000000 0.033000
1413.000000 0.103522 0.005552 0.105097 0.010347 13.000000 0.033000
1414.000000 0.103992 0.005642 0.101857 0.012723 13.000000 0.033000
1415.000000 0.104560 0.005713 0.102762 0.014483 13.000000 0.033000
1416.000000 0.105075 0.005775 0.105467 0.014033 13.000000 0.033000
1417.000000 0.105597 0.005876 0.104586 0.015245 13.000000 0.033000
1418.000000 0.106066 0.005968 0.101879 0.017288 13.000000 0.033000
1419.000000 0.106628 0.006003 0.102449 0.015116 13.000000 0.033000
1420.000000 0.107143 0.006067 0.104989 0.012670 13.000000 0.033000
1421.000000 0.107652 0.006093 0.103732 0.010968 13.000000 0.033000
1422.000000 0.108174 0.006196 0.103381 0.012037 13.000000 0.033000
1423.000000 0.108695 0.006300 0.103793 0.016404 13.000000 0.033000
1424.000000 0.109256 0.006338 0.105965 0.015425 13.000000 0.033000
1425.000000 0.109771 0.006405 0.106772 0.013085 13.000000 0.033000
1426.000000 0.110292 0.006510 0.105207 0.015202 13.000000 0.033000
1427.000000 0.110761 0.006606 0.102138 0.017686 13.000000 0.033000
1428.000000 0.111323 0.006646 0.102550 0.015756 13.000000 0.033000
1429.000000 0.111884 0.006686 0.107293 0.012099 13.000000 0.033000
1430.000000 0.112405 0.006794 0.107720 0.013537 13.000000 0.033000
1431.000000 0.112920 0.006863 0.105668 0.015678 13.000000 0.033000
1432.000000 0.113481 0.006906 0.106609 0.013579 13.000000 0.033000
1433.000000 0.114001 0.007015 0.107359 0.014447 13.000000 0.033000
1434.000000 0.114568 0.007097 0.108019 0.016839 13.000000 0.033000
1435.000000 0.115129 0.007141 0.110351 0.014874 13.000000 0.033000
1436.000000 0.115603 0.007279 0.106971 0.016607 13.000000 0.033000
1437.000000 0.116164 0.007324 0.105255 0.017550 13.000000 0.033000
1438.000000 0.116731 0.007408 0.108927 0.015399 13.000000 0.033000
1439.000000 0.117246 0.007482 0.108517 0.015692 13.000000 0.033000
1440.000000 0.117812 0.007567 0.108303 0.015902 13.000000 0.033000
1441.000000 0.118379 0.007653 0.110739 0.016620 13.000000 0.033000
1442.000000 0.118940 0.007701 0.111716 0.015153 13.000000 0.033000
1443.000000 0.119465 0.007854 0.110173 0.017678 13.000000 0.033000
1444.000000 0.120032 0.007942 0.109647 0.020917 13.000000 0.033000
1445.000000 0.120551 0.008057 0.109103 0.020720 13.000000 0.033000
1446.000000 0.121112 0.008107 0.108571 0.018786 13.000000 0.033000
1447.000000 0.121678 0.008197 0.110582 0.016535 13.000000 0.033000
1448.000000 0.122244 0.008287 0.111859 0.017341 13.000000 0.033000
1449.000000 0.122811 0.008377 0.112504 0.017810 13.000000 0.033000
1450.000000 0.123382 0.008507 0.113070 0.020003 13.000000 0.033000
1451.000000 0.123896 0.008587 0.110810 0.020584 13.000000 0.033000
1452.000000 0.124508 0.008653 0.111705 0.017747 13.000000 0.033000
1453.000000 0.125079 0.008784 0.114939 0.018838 13.000000 0.033000
1454.000000 0.125598 0.008904 0.111977 0.022055 13.000000 0.033000
1455.000000 0.126159 0.008960 0.109983 0.019962 13.000000 0.033000
1456.000000 0.126729 0.009093 0.111494 0.019547 13.000000 0.033000
1457.000000 0.127295 0.009189 0.112501 0.021290 13.000000 0.033000
1458.000000 0.127860 0.009284 0.112768 0.020340 13.000000 0.033000
1459.000000 0.128430 0.009420 0.113125 0.021812 13.000000 0.033000
1460.000000 0.128996 0.009517 0.113302 0.022620 13.000000 0.033000
1461.000000 0.129608 0.009588 0.115468 0.019916 13.000000 0.033000
1462.000000 0.130131 0.009751 0.114470 0.021767 13.000000 0.033000
1463.000000 0.130653 0.009915 0.109548 0.027227 13.000000 0.033000
1464.000000 0.131261 0.009950 0.111221 0.023717 13.000000 0.033000
1465.000000 0.131826 0.010050 0.114153 0.018808 13.000000 0.033000
1466.000000 0.132395 0.010189 0.113765 0.021441 13.000000 0.033000
1467.000000 0.132960 0.010290 0.113562 0.022839 13.000000 0.033000
1468.000000 0.133529 0.010431 0.113441 0.023611 13.000000 0.033000
1469.000000 0.134093 0.010533 0.113374 0.024062 13.000000 0.033000
1470.000000 0.134705 0.010610 0.115444 0.021196 13.000000 0.033000
1471.000000 0.135274 0.010753 0.116696 0.021692 13.000000 0.033000
1472.000000 0.135795 0.010921 0.112878 0.026416 13.000000 0.033000
1473.000000 0.136355 0.010987 0.110516 0.025082 13.000000 0.033000
1474.000000 0.136919 0.011093 0.111421 0.021302 13.000000 0.033000
1475.000000 0.137488 0.011237 0.112281 0.023235 13.000000 0.033000
1476.000000 0.138052 0.011344 0.112712 0.024278 13.000000 0.033000
1477.000000 0.138616 0.011451 0.112721 0.022967 13.000000 0.033000
1478.000000 0.139183 0.011598 0.112910 0.024259 13.000000 0.033000
1479.000000 0.139747 0.011706 0.113001 0.024974 13.000000 0.033000
1480.000000 0.140267 0.011879 0.110689 0.026629 13.000000 0.033000
1481.000000 0.140831 0.011988 0.109506 0.027532 13.000000 0.033000
1482.000000 0.141442 0.012073 0.113381 0.023683 13.000000 0.033000
1483.000000 0.141957 0.012209 0.113004 0.023003 13.000000 0.033000
1484.000000 0.142568 0.012295 0.112812 0.022729 13.000000 0.033000
1485.000000 0.143084 0.012432 0.112699 0.022632 13.000000 0.033000
1486.000000 0.143647 0.012544 0.110293 0.023872 13.000000 0.033000
1487.000000 0.144214 0.012696 0.111576 0.025237 13.000000 0.033000
1488.000000 0.144780 0.012849 0.112395 0.027894 13.000000 0.033000
1489.000000 0.145291 0.012949 0.110103 0.026709 13.000000 0.033000
1490.000000 0.145858 0.013102 0.108917 0.026166 13.000000 0.033000
1491.000000 0.146417 0.013179 0.110664 0.024729 13.000000 0.033000
1492.000000 0.146931 0.013320 0.109014 0.023355 13.000000 0.033000
1493.000000 0.147494 0.013436 0.108340 0.024617 13.000000 0.033000
1494.000000 0.148056 0.013553 0.110339 0.024108 13.000000 0.033000
1495.000000 0.148570 0.013695 0.108990 0.025103 13.000000 0.033000
1496.000000 0.149132 0.013813 0.108295 0.025669 13.000000 0.033000
1497.000000 0.149695 0.013932 0.110287 0.024813 13.000000 0.033000
1498.000000 0.150160 0.014100 0.106569 0.026811 13.000000 0.033000
1499.000000 0.150671 0.014206 0.102151 0.027172 13.000000 0.033000
1500.000000 0.151233 0.014326 0.104607 0.025022 13.000000 0.033000
1501.000000 0.151743 0.014433 0.105854 0.023973 13.000000 0.033000
1502.000000 0.152304 0.014554 0.106480 0.023500 13.000000 0.033000
1503.000000 0.152818 0.014700 0.106939 0.025209 13.000000 0.033000
1504.000000 0.153328 0.014808 0.104651 0.025409 13.000000 0.033000
1505.000000 0.153838 0.014917 0.103326 0.023653 13.000000 0.033000
1506.000000 0.154351 0.015064 0.102786 0.024711 13.000000 0.033000
1507.000000 0.154815 0.015237 0.100273 0.028371 13.000000 0.033000
1508.000000 0.155325 0.015346 0.098840 0.028379 13.000000 0.033000
1509.000000 0.155832 0.015418 0.100191 0.023444 13.000000 0.033000
1510.000000 0.156293 0.015553 0.098496 0.022140 13.000000 0.033000
1511.000000 0.156754 0.015688 0.095393 0.024589 13.000000 0.033000
1512.000000 0.157263 0.015799 0.096177 0.024717 13.000000 0.033000
1513.000000 0.157772 0.015911 0.098942 0.023664 13.000000 0.033000
1514.000000 0.158233 0.016048 0.097964 0.024330 13.000000 0.033000
1515.000000 0.158694 0.016184 0.095079 0.025869 13.000000 0.033000
1516.000000 0.159152 0.016283 0.093471 0.024785 13.000000 0.033000
1517.000000 0.159564 0.016444 0.090257 0.025418 13.000000 0.033000
1518.000000 0.160021 0.016543 0.088616 0.025780 13.000000 0.033000
1519.000000 0.160479 0.016642 0.090025 0.022942 13.000000 0.033000
1520.000000 0.160937 0.016742 0.090738 0.021535 13.000000 0.033000
1521.000000 0.161394 0.016842 0.091097 0.020857 13.000000 0.033000
1522.000000 0.161806 0.017005 0.089004 0.023595 13.000000 0.033000
1523.000000 0.162263 0.017106 0.087933 0.025030 13.000000 0.033000
1524.000000 0.162720 0.017207 0.089644 0.022748 13.000000 0.033000
1525.000000 0.163080 0.017356 0.085732 0.023889 13.000000 0.033000
1526.000000 0.163486 0.017442 0.081233 0.023735 13.000000 0.033000
1527.000000 0.163892 0.017529 0.081206 0.020639 13.000000 0.033000
1528.000000 0.164347 0.017592 0.083581 0.017965 13.000000 0.033000
1529.000000 0.164707 0.017742 0.082503 0.019665 13.000000 0.033000
1530.000000 0.165113 0.017829 0.079561 0.021696 13.000000 0.033000
1531.000000 0.165570 0.017933 0.082836 0.020507 13.000000 0.033000
1532.000000 0.165924 0.018005 0.082002 0.019143 13.000000 0.033000
1533.000000 0.166332 0.018133 0.079175 0.019608 13.000000 0.033000
1534.000000 0.166640 0.018267 0.075438 0.022890 13.000000 0.033000
1535.000000 0.167046 0.018356 0.073424 0.022687 13.000000 0.033000
1536.000000 0.167447 0.018368 0.076984 0.016552 13.000000 0.033000
1537.000000 0.167804 0.018481 0.076394 0.014570 13.000000 0.033000
1538.000000 0.168159 0.018554 0.073799 0.016610 13.000000 0.033000
1539.000000 0.168515 0.018667 0.072468 0.017672 13.000000 0.033000
1540.000000 0.168921 0.018758 0.074284 0.019037 13.000000 0.033000
1541.000000 0.169275 0.018832 0.075108 0.017846 13.000000 0.033000
1542.000000 0.169630 0.018907 0.073027 0.016467 13.000000 0.033000
1543.000000 0.169888 0.019066 0.067250 0.019902 13.000000 0.033000
1544.000000 0.170243 0.019142 0.064305 0.021676 13.000000 0.033000
1545.000000 0.170644 0.019156 0.069824 0.015470 13.000000 0.033000
1546.000000 0.170947 0.019215 0.070139 0.011520 13.000000 0.033000
1547.000000 0.171302 0.019291 0.067988 0.012547 13.000000 0.033000
1548.000000 0.171605 0.019351 0.066890 0.013084 13.000000 0.033000
1549.000000 0.171959 0.019427 0.066328 0.013382 13.000000 0.033000
1550.000000 0.172314 0.019504 0.068533 0.014366 13.000000 0.033000
1551.000000 0.172619 0.019603 0.067244 0.015981 13.000000 0.033000
1552.000000 0.172873 0.019686 0.061684 0.017100 13.000000 0.033000
1553.000000 0.173175 0.019707 0.058681 0.013869 13.000000 0.033000
1554.000000 0.173527 0.019746 0.061966 0.010057 13.000000 0.033000
1555.000000 0.173830 0.019807 0.063724 0.010040 13.000000 0.033000
1556.000000 0.174133 0.019868 0.062210 0.011141 13.000000 0.033000
1557.000000 0.174437 0.019929 0.061436 0.011718 13.000000 0.033000
1558.000000 0.174738 0.019952 0.060962 0.010120 13.000000 0.033000
1559.000000 0.175041 0.020013 0.060718 0.009323 13.000000 0.033000
1560.000000 0.175345 0.020075 0.060674 0.010842 13.000000 0.033000
1561.000000 0.175597 0.020121 0.058158 0.010802 13.000000 0.033000
1562.000000 0.175848 0.020127 0.054310 0.008058 13.000000 0.033000
1563.000000 0.176102 0.020211 0.052422 0.008580 13.000000 0.033000
1564.000000 0.176403 0.020235 0.053954 0.009692 13.000000 0.033000
1565.000000 0.176705 0.020258 0.057073 0.007286 13.000000 0.033000
1566.000000 0.176957 0.020304 0.056247 0.007150 13.000000 0.033000
1567.000000 0.177259 0.020328 0.055828 0.007099 13.000000 0.033000
1568.000000 0.177561 0.020353 0.058032 0.006014 13.000000 0.033000
1569.000000 0.177813 0.020399 0.056738 0.006546 13.000000 0.033000
1570.000000 0.178016 0.020467 0.051241 0.008970 13.000000 0.033000
1571.000000 0.178266 0.020436 0.048302 0.006398 13.000000 0.033000
1572.000000 0.178567 0.020460 0.051640 0.002962 13.000000 0.033000
1573.000000 0.178818 0.020468 0.053415 0.003132 13.000000 0.033000
1574.000000 0.179069 0.020476 0.051832 0.002390 13.000000 0.033000
1575.000000 0.179271 0.020506 0.048605 0.003085 13.000000 0.033000
1576.000000 0.179571 0.020492 0.049386 0.002391 13.000000 0.033000
1577.000000 0.179822 0.020500 0.052205 0.000983 13.000000 0.033000
1578.000000 0.180075 0.020548 0.051288 0.003251 13.000000 0.033000
1579.000000 0.180275 0.020539 0.048335 0.003566 13.000000 0.033000
1580.000000 0.180525 0.020509 0.046698 -0.000080 13.000000 0.033000
1581.000000 0.180776 0.020517 0.048356 -0.001078 13.000000 0.033000
1582.000000 0.180977 0.020548 0.046844 0.001389 13.000000 0.033000
1583.000000 0.181227 0.020518 0.046012 0.000749 13.000000 0.033000
1584.000000 0.181478 0.020527 0.048013 -0.000623 13.000000 0.033000
1585.000000 0.181728 0.020497 0.049037 -0.001310 13.000000 0.033000
1586.000000 0.181978 0.020467 0.049497 -0.003557 13.000000 0.033000
1587.000000 0.182229 0.020477 0.049798 -0.002781 13.000000 0.033000
1588.000000 0.182380 0.020490 0.045099 -0.000279 13.000000 0.033000
1589.000000 0.182629 0.020422 0.042584 -0.002810 13.000000 0.033000
1590.000000 0.182829 0.020414 0.043730 -0.005146 13.000000 0.033000
1591.000000 0.183079 0.020385 0.044381 -0.004413 13.000000 0.033000
1592.000000 0.183330 0.020356 0.047144 -0.005076 13.000000 0.033000
1593.000000 0.183578 0.020288 0.048494 -0.007312 13.000000 0.033000
1594.000000 0.183829 0.020260 0.049186 -0.008439 13.000000 0.033000
1595.000000 0.184077 0.020192 0.049544 -0.009001 13.000000 0.033000
1596.000000 0.184329 0.020202 0.049789 -0.007366 13.000000 0.033000
1597.000000 0.184479 0.020178 0.045055 -0.004446 13.000000 0.033000
1598.000000 0.184727 0.020071 0.042467 -0.008675 13.000000 0.033000
1599.000000 0.184976 0.020004 0.046013 -0.012901 13.000000 0.033000
1600.000000 0.185226 0.019976 0.047946 -0.011222 13.000000 0.033000
1601.000000 0.185426 0.019930 0.046501 -0.009321 13.000000 0.033000
1602.000000 0.185675 0.019863 0.045710 -0.010249 13.000000 0.033000
1603.000000 0.185923 0.019758 0.047685 -0.013658 13.000000 0.033000
1604.000000 0.186173 0.019730 0.048755 -0.013472 13.000000 0.033000
1605.000000 0.186373 0.019685 0.046928 -0.010427 13.000000 0.033000
1606.000000 0.186671 0.019558 0.048321 -0.013711 13.000000 0.033000
1607.000000 0.186919 0.019453 0.051410 -0.018315 13.000000 0.033000
1608.000000 0.187168 0.019348 0.050555 -0.019617 13.000000 0.033000
1609.000000 0.187416 0.019243 0.050124 -0.020269 13.000000 0.033000
1610.000000 0.187664 0.019138 0.049909 -0.020590 13.000000 0.033000
1611.000000 0.187962 0.019013 0.052243 -0.021763 13.000000 0.033000
1612.000000 0.188261 0.018887 0.055877 -0.023369 13.000000 0.033000
1613.000000 0.188509 0.018783 0.055296 -0.023152 13.000000 0.033000
1614.000000 0.188708 0.018699 0.050125 -0.020988 13.000000 0.033000
1615.000000 0.189007 0.018574 0.049937 -0.020891 13.000000 0.033000
1616.000000 0.189255 0.018470 0.052285 -0.021852 13.000000 0.033000
1617.000000 0.189554 0.018346 0.053489 -0.022323 13.000000 0.033000
1618.000000 0.189852 0.018221 0.056550 -0.023564 13.000000 0.033000
1619.000000 0.190151 0.018097 0.058116 -0.024179 13.000000 0.033000
1620.000000 0.190450 0.017973 0.058922 -0.024475 13.000000 0.033000
1621.000000 0.190798 0.017828 0.061784 -0.025616 13.000000 0.033000
1622.000000 0.191095 0.017626 0.063130 -0.030000 13.000000 0.033000
1623.000000 0.191391 0.017425 0.061258 -0.035025 13.000000 0.033000
1624.000000 0.191689 0.017262 0.060371 -0.035659 13.000000 0.033000
1625.000000 0.191987 0.017100 0.059985 -0.034056 13.000000 0.033000
1626.000000 0.192284 0.016899 0.059734 -0.035132 13.000000 0.033000
1627.000000 0.192632 0.016717 0.062061 -0.036662 13.000000 0.033000
1628.000000 0.192979 0.016495 0.065701 -0.038421 13.000000 0.033000
1629.000000 0.193325 0.016275 0.067503 -0.041203 13.000000 0.033000
1630.000000 0.193672 0.016054 0.068429 -0.042597 13.000000 0.033000
1631.000000 0.194018 0.015795 0.068845 -0.045193 13.000000 0.033000
1632.000000 0.194314 0.015556 0.066547 -0.047413 13.000000 0.033000
1633.000000 0.194661 0.015336 0.065448 -0.046611 13.000000 0.033000
1634.000000 0.195008 0.015116 0.067410 -0.045264 13.000000 0.033000
1635.000000 0.195305 0.014917 0.065964 -0.043569 13.000000 0.033000
1636.000000 0.195701 0.014639 0.067623 -0.045574 13.000000 0.033000
1637.000000 0.196047 0.014381 0.070862 -0.049473 13.000000 0.033000
1638.000000 0.196394 0.014123 0.070065 -0.050447 13.000000 0.033000
1639.000000 0.196791 0.013884 0.072190 -0.049988 13.000000 0.033000
1640.000000 0.197136 0.013588 0.073209 -0.051642 13.000000 0.033000
1641.000000 0.197432 0.013351 0.068754 -0.052414 13.000000 0.033000
1642.000000 0.197780 0.013133 0.066628 -0.048964 13.000000 0.033000
1643.000000 0.198128 0.012916 0.068077 -0.046254 13.000000 0.033000
1644.000000 0.198425 0.012679 0.066292 -0.045789 13.000000 0.033000
1645.000000 0.198771 0.012423 0.065320 -0.047438 13.000000 0.033000
1646.000000 0.199168 0.012148 0.069750 -0.050196 13.000000 0.033000
1647.000000 0.199515 0.011892 0.072013 -0.051578 13.000000 0.033000
1648.000000 0.199861 0.011637 0.070712 -0.051287 13.000000 0.033000
1649.000000 0.200207 0.011343 0.069981 -0.053025 13.000000 0.033000
1650.000000 0.200504 0.011107 0.067150 -0.052928 13.000000 0.033000
1651.000000 0.200850 0.010853 0.065787 -0.050945 13.000000 0.033000
1652.000000 0.201199 0.010637 0.067635 -0.048968 13.000000 0.033000
1653.000000 0.201496 0.010403 0.066117 -0.046981 13.000000 0.033000
1654.000000 0.201843 0.010149 0.065276 -0.047854 13.000000 0.033000
1655.000000 0.202140 0.009914 0.064850 -0.048283 13.000000 0.033000
1656.000000 0.202537 0.009641 0.067106 -0.049428 13.000000 0.033000
1657.000000 0.202883 0.009349 0.070648 -0.052855 13.000000 0.033000
1658.000000 0.203178 0.009077 0.067445 -0.054583 13.000000 0.033000
1659.000000 0.203425 0.008863 0.060957 -0.051638 13.000000 0.033000
1660.000000 0.203773 0.008610 0.060202 -0.049156 13.000000 0.033000
1661.000000 0.204071 0.008416 0.062369 -0.046918 13.000000 0.033000
1662.000000 0.204369 0.008183 0.061008 -0.044811 13.000000 0.033000
1663.000000 0.204666 0.007950 0.060239 -0.045629 13.000000 0.033000
1664.000000 0.204913 0.007737 0.057378 -0.045090 13.000000 0.033000
1665.000000 0.205260 0.007485 0.058396 -0.045735 13.000000 0.033000
1666.000000 0.205559 0.007292 0.061471 -0.045083 13.000000 0.033000
1667.000000 0.205855 0.007021 0.060486 -0.045699 13.000000 0.033000
1668.000000 0.206051 0.006828 0.054959 -0.046036 13.000000 0.033000
1669.000000 0.206300 0.006654 0.049839 -0.041438 13.000000 0.033000
1670.000000 0.206597 0.006422 0.052178 -0.040956 13.000000 0.033000
1671.000000 0.206844 0.006210 0.053287 -0.042608 13.000000 0.033000
1672.000000 0.207093 0.006037 0.051467 -0.040592 13.000000 0.033000
1673.000000 0.207340 0.005825 0.050540 -0.039553 13.000000 0.033000
1674.000000 0.207589 0.005652 0.050071 -0.039013 13.000000 0.033000
1675.000000 0.207836 0.005440 0.049833 -0.038725 13.000000 0.033000
1676.000000 0.208033 0.005247 0.047151 -0.039550 13.000000 0.033000
1677.000000 0.208179 0.005073 0.040831 -0.038106 13.000000 0.033000
1678.000000 0.208430 0.004940 0.040266 -0.034470 13.000000 0.033000
1679.000000 0.208626 0.004747 0.042452 -0.033540 13.000000 0.033000
1680.000000 0.208825 0.004594 0.041005 -0.034039 13.000000 0.033000
1681.000000 0.209021 0.004401 0.040266 -0.034286 13.000000 0.033000
1682.000000 0.209220 0.004248 0.039892 -0.034404 13.000000 0.033000
1683.000000 0.209418 0.004095 0.039791 -0.032548 13.000000 0.033000
1684.000000 0.209615 0.003903 0.039650 -0.033503 13.000000 0.033000
1685.000000 0.209763 0.003768 0.037100 -0.033064 13.000000 0.033000
1686.000000 0.209860 0.003653 0.030933 -0.029086 13.000000 0.033000
1687.000000 0.210010 0.003558 0.027883 -0.025147 13.000000 0.033000
1688.000000 0.210158 0.003424 0.028808 -0.024057 13.000000 0.033000
1689.000000 0.210306 0.003289 0.029188 -0.025406 13.000000 0.033000
1690.000000 0.210403 0.003174 0.026902 -0.025172 13.000000 0.033000
1691.000000 0.210553 0.003079 0.025830 -0.023140 13.000000 0.033000
1692.000000 0.210701 0.002945 0.027764 -0.023019 13.000000 0.033000
1693.000000 0.210798 0.002830 0.026176 -0.023946 13.000000 0.033000
1694.000000 0.210896 0.002714 0.022886 -0.023500 13.000000 0.033000
1695.000000 0.210892 0.002637 0.016247 -0.021441 13.000000 0.033000
1696.000000 0.210993 0.002599 0.013053 -0.016572 13.000000 0.033000
1697.000000 0.211042 0.002542 0.013998 -0.013100 13.000000 0.033000
1698.000000 0.211139 0.002426 0.014293 -0.015146 13.000000 0.033000
1699.000000 0.211188 0.002369 0.014443 -0.016188 13.000000 0.033000
1700.000000 0.211236 0.002311 0.012132 -0.013894 13.000000 0.033000
1701.000000 0.211336 0.002235 0.013436 -0.013639 13.000000 0.033000
1702.000000 0.211334 0.002196 0.011618 -0.012596 13.000000 0.033000
1703.000000 0.211381 0.002100 0.008115 -0.013057 13.000000 0.033000
1704.000000 0.211328 0.002079 0.003849 -0.012378 13.000000 0.033000
1705.000000 0.211379 0.002061 0.001866 -0.008215 13.000000 0.033000
1706.000000 0.211379 0.002061 0.003432 -0.005100 13.000000 0.033000
1707.000000 0.211377 0.002022 0.001653 -0.004507 13.000000 0.033000
1708.000000 0.211425 0.001964 0.003133 -0.007027 13.000000 0.033000
1709.000000 0.211425 0.001964 0.003982 -0.006403 13.000000 0.033000
1710.000000 0.211423 0.001925 0.001933 -0.005171 13.000000 0.033000
1711.000000 0.211423 0.001925 0.000889 -0.004543 13.000000 0.033000
1712.000000 0.211421 0.001886 0.000357 -0.004223 4.000000 0.033000
1713.000000 0.211421 0.001886 0.000086 -0.004060 4.000000 0.033000
1714.000000 0.211421 0.001886 0.000044 -0.002069 4.000000 0.033000
1715.000000 0.211421 0.001886 0.000022 -0.001054 4.000000 0.033000
1716.000000 0.211421 0.001886 0.000011 -0.000537 4.000000 0.033000
1717.000000 0.211419 0.001847 -0.000090 -0.002182 4.000000 0.033000
1718.000000 0.211419 0.001847 -0.000142 -0.003020 4.000000 0.033000
1719.000000 0.211318 0.001885 -0.005034 0.000291 4.000000 0.033000
1720.000000 0.211268 0.001903 -0.010008 0.002894 4.000000 0.033000
1721.000000 0.211268 0.001903 -0.007580 0.002389 4.000000 0.033000
1722.000000 0.211217 0.001922 -0.006343 0.002133 4.000000 0.033000
1723.000000 0.211166 0.001941 -0.008193 0.002918 4.000000 0.033000
1724.000000 0.211116 0.001959 -0.009136 0.003319 4.000000 0.033000
1725.000000 0.211065 0.001978 -0.009616 0.003523 4.000000 0.033000
1726.000000 0.211015 0.001997 -0.009860 0.003628 4.000000 0.033000
1727.000000 0.210964 0.002015 -0.009984 0.003682 4.000000 0.033000
1728.000000 0.210863 0.002053 -0.012528 0.004628 4.000000 0.033000
1729.000000 0.210812 0.002072 -0.013823 0.005110 4.000000 0.033000
1730.000000 0.210812 0.002072 -0.009523 0.003521 4.000000 0.033000
1731.000000 0.210762 0.002090 -0.007332 0.002712 4.000000 0.033000
1732.000000 0.210762 0.002090 -0.006216 0.002299 4.000000 0.033000
1733.000000 0.210711 0.002109 -0.005647 0.002089 4.000000 0.033000
1734.000000 0.210661 0.002128 -0.007837 0.002901 4.000000 0.033000
1735.000000 0.210610 0.002146 -0.008952 0.003314 4.000000 0.033000
1736.000000 0.210560 0.002165 -0.009521 0.003526 4.000000 0.033000
1737.000000 0.210509 0.002184 -0.009810 0.003634 4.000000 0.033000
1738.000000 0.210458 0.002203 -0.009957 0.003690 4.000000 0.033000
1739.000000 0.210458 0.002203 -0.007553 0.002799 4.000000 0.033000
1740.000000 0.210458 0.002203 -0.003848 0.001426 4.000000 0.033000
1741.000000 0.210408 0.002221 -0.004440 0.001646 4.000000 0.033000
1742.000000 0.210408 0.002221 -0.004742 0.001758 4.000000 0.033000
1743.000000 0.210357 0.002240 -0.004895 0.001815 4.000000 0.033000
1744.000000 0.210357 0.002240 -0.004974 0.001844 4.000000 0.033000
1745.000000 0.210357 0.002240 -0.002534 0.000940 4.000000 0.033000
1746.000000 0.210307 0.002259 -0.003770 0.001398 4.000000 0.033000
1747.000000 0.210256 0.002278 -0.006879 0.002552 4.000000 0.033000
1748.000000 0.210307 0.002259 -0.003505 0.001300 4.000000 0.033000
1749.000000 0.210307 0.002259 0.000693 -0.000257 4.000000 0.033000
1750.000000 0.210307 0.002259 0.000353 -0.000131 4.000000 0.033000
1751.000000 0.210307 0.002259 0.000180 -0.000067 4.000000 0.033000
1752.000000 0.210307 0.002259 0.000092 -0.000034 4.000000 0.033000
1753.000000 0.210307 0.002259 0.000047 -0.000017 4.000000 0.033000
1754.000000 0.210307 0.002259 0.000024 -0.000009 4.000000 0.033000
1755.000000 0.210307 0.002259 0.000012 -0.000004 4.000000 0.033000
1756.000000 0.210307 0.002259 0.000006 -0.000002 4.000000 0.033000
1757.000000 0.210307 0.002259 0.000003 -0.000001 4.000000 0.033000
1758.000000 0.210307 0.002259 0.000002 -0.000001 4.000000 0.033000
1759.000000 0.210307 0.002259 0.000001 -0.000000 4.000000 0.033000
1760.000000 0.210307 0.002259 0.000000 -0.000000 4.000000 0.033000
1761.000000 0.210307 0.002259 0.000000 -0.000000 4.000000 0.033000
1762.000000 0.210307 0.002259 0.000000 -0.000000 4.000000 0.033000
1763.000000 0.210307 0.002259 0.000000 -0.000000 4.000000 0.033000
1764.000000 0.210307 0.002259 0.000000 -0.000000 4.000000 0.033000
1765.000000 0.210307 0.002259 0.000000 -0.000000 4.000000 0.033000
1766.000000 0.210307 0.002259 0.000000 -0.000000 4.000000 0.033000
1767.000000 0.210307 0.002259 0.000000 -0.000000 4.000000 0.033000
1768.000000 0.210307 0.002259 0.000000 -0.000000 4.000000 0.033000
1769.000000 0.210307 0.002259 0.000000 -0.000000 4.000000 0.033000
1770.000000 0.210307 0.002259 0.000000 -0.000000 4.000000 0.033000
1771.000000 0.210307 0.002259 0.000000 -0.000000 4.000000 0.033000
1772.000000 0.210307 0.002259 0.000000 -0.000000 4.000000 0.033000
1773.000000 0.210309 0.002298 0.000096 0.001908 4.000000 0.033000
1774.000000 0.210311 0.002337 0.000240 0.004789 4.000000 0.033000
1775.000000 0.210311 0.002337 0.000218 0.004348 4.000000 0.033000
1776.000000 0.210311 0.002337 0.000111 0.002215 4.000000 0.033000
1777.000000 0.210309 0.002298 -0.000039 -0.000780 4.000000 0.033000
1778.000000 0.210309 0.002298 -0.000116 -0.002306 4.000000 0.033000
1779.000000 0.210309 0.002298 -0.000059 -0.001175 4.000000 0.033000
1780.000000 0.210309 0.002298 -0.000030 -0.000598 4.000000 0.033000
1781.000000 0.210309 0.002298 -0.000015 -0.000305 4.000000 0.033000
1782.000000 0.210309 0.002298 -0.000008 -0.000155 4.000000 0.033000
1783.000000 0.210309 0.002298 -0.000004 -0.000079 4.000000 0.033000
1784.000000 0.210313 0.002376 0.000189 0.003776 4.000000 0.033000
1785.000000 0.210313 0.002376 0.000287 0.005741 4.000000 0.033000
1786.000000 0.210311 0.002337 0.000051 0.001017 4.000000 0.033000
1787.000000 0.210311 0.002337 -0.000070 -0.001390 4.000000 0.033000
1788.000000 0.210311 0.002337 -0.000035 -0.000708 4.000000 0.033000
1789.000000 0.210311 0.002337 -0.000018 -0.000361 4.000000 0.033000
1790.000000 0.210311 0.002337 -0.000009 -0.000184 4.000000 0.033000
1791.000000 0.210363 0.002357 0.002570 0.000895 4.000000 0.033000
1792.000000 0.210365 0.002396 0.003979 0.003354 4.000000 0.033000
1793.000000 0.210315 0.002414 -0.000357 0.004536 4.000000 0.033000
1794.000000 0.210313 0.002376 -0.002756 0.001322 4.000000 0.033000
1795.000000 0.210363 0.002357 0.000980 -0.002154 4.000000 0.033000
1796.000000 0.210363 0.002357 0.002979 -0.002017 4.000000 0.033000
1797.000000 0.210363 0.002357 0.001518 -0.001028 4.000000 0.033000
1798.000000 0.210363 0.002357 0.000773 -0.000524 4.000000 0.033000
1799.000000 0.210363 0.002357 0.000394 -0.000267 4.000000 0.033000
1800.000000 0.210363 0.002357 0.000201 -0.000136 4.000000 0.033000
1801.000000 0.210363 0.002357 0.000102 -0.000069 4.000000 0.033000
1802.000000 0.210363 0.002357 0.000052 -0.000035 4.000000 0.033000
1803.000000 0.210365 0.002396 0.000122 0.001890 4.000000 0.033000
1804.000000 0.210365 0.002396 0.000157 0.002872 4.000000 0.033000
1805.000000 0.210365 0.002396 0.000080 0.001463 4.000000 0.033000
1806.000000 0.210365 0.002396 0.000041 0.000745 4.000000 0.033000
1807.000000 0.210365 0.002396 0.000021 0.000380 4.000000 0.033000
1808.000000 0.210365 0.002396 0.000011 0.000194 4.000000 0.033000
1809.000000 0.210365 0.002396 0.000005 0.000099 4.000000 0.033000
1810.000000 0.210365 0.002396 0.000003 0.000050 4.000000 0.033000
1811.000000 0.210365 0.002396 0.000001 0.000026 4.000000 0.033000
1812.000000 0.210365 0.002396 0.000001 0.000013 4.000000 0.033000
1813.000000 0.210365 0.002396 0.000000 0.000007 4.000000 0.033000
1814.000000 0.210365 0.002396 0.000000 0.000003 4.000000 0.033000
1815.000000 0.210365 0.002396 0.000000 0.000002 4.000000 0.033000
1816.000000 0.210365 0.002396 0.000000 0.000001 4.000000 0.033000
1817.000000 0.210365 0.002396 0.000000 0.000000 4.000000 0.033000
1818.000000 0.210365 0.002396 0.000000 0.000000 4.000000 0.033000
1819.000000 0.210365 0.002396 0.000000 0.000000 4.000000 0.033000
1820.000000 0.210365 0.002396 0.000000 0.000000 4.000000 0.033000
1821.000000 0.210365 0.002396 0.000000 0.000000 4.000000 0.033000
1822.000000 0.210365 0.002396 0.000000 0.000000 4.000000 0.033000
1823.000000 0.210365 0.002396 0.000000 0.000000 4.000000 0.033000
1824.000000 0.210365 0.002396 0.000000 0.000000 4.000000 0.033000
1825.000000 0.210365 0.002396 0.000000 0.000000 4.000000 0.033000
1826.000000 0.210365 0.002396 0.000000 0.000000 4.000000 0.033000
1827.000000 0.210365 0.002396 0.000000 0.000000 4.000000 0.033000
1828.000000 0.210365 0.002396 0.000000 0.000000 4.000000 0.033000
1829.000000 0.210365 0.002396 0.000000 0.000000 4.000000 0.033000
1830.000000 0.210365 0.002396 0.000000 0.000000 4.000000 0.033000
1831.000000 0.210365 0.002396 0.000000 0.000000 4.000000 0.033000
1832.000000 0.210365 0.002396 0.000000 0.000000 4.000000 0.033000
1833.000000 0.210365 0.002396 0.000000 0.000000 4.000000 0.033000
1834.000000 0.210365 0.002396 0.000000 0.000000 4.000000 0.033000
1835.000000 0.210365 0.002396 0.000000 0.000000 4.000000 0.033000
1836.000000 0.210365 0.002396 0.000000 0.000000 4.000000 0.033000
1837.000000 0.210365 0.002396 0.000000 0.000000 4.000000 0.033000
1838.000000 0.210365 0.002396 0.000000 0.000000 4.000000 0.033000
1839.000000 0.210365 0.002396 0.000000 0.000000 4.000000 0.033000
1840.000000 0.210365 0.002396 0.000000 0.000000 4.000000 0.033000
1841.000000 0.210365 0.002396 0.000000 0.000000 4.000000 0.033000
1842.000000 0.210365 0.002396 0.000000 0.000000 4.000000 0.033000
1843.000000 0.210365 0.002396 0.000000 0.000000 4.000000 0.033000
1844.000000 0.210365 0.002396 0.000000 0.000000 4.000000 0.033000
1845.000000 0.210365 0.002396 0.000000 0.000000 4.000000 0.033000
1846.000000 0.210365 0.002396 0.000000 0.000000 4.000000 0.033000
1847.000000 0.210365 0.002396 0.000000 0.000000 4.000000 0.033000
1848.000000 0.210365 0.002396 0.000000 0.000000 4.000000 0.033000
1849.000000 0.210365 0.002396 0.000000 0.000000 4.000000 0.033000
1850.000000 0.210365 0.002396 0.000000 0.000000 4.000000 0.033000
1851.000000 0.210365 0.002396 0.000000 0.000000 4.000000 0.033000
1852.000000 0.210365 0.002396 0.000000 0.000000 4.000000 0.033000
1853.000000 0.210365 0.002396 0.000000 0.000000 4.000000 0.033000
1854.000000 0.210365 0.002396 0.000000 0.000000 4.000000 0.033000
1855.000000 0.210365 0.002396 0.000000 0.000000 4.000000 0.033000
1856.000000 0.210365 0.002396 0.000000 0.000000 4.000000 0.033000
1857.000000 0.210365 0.002396 0.000000 0.000000 4.000000 0.033000
1858.000000 0.210365 0.002396 0.000000 0.000000 4.000000 0.033000
1859.000000 0.210365 0.002396 0.000000 0.000000 4.000000 0.033000
1860.000000 0.210365 0.002396 0.000000 0.000000 4.000000 0.033000
1861.000000 0.210365 0.002396 0.000000 0.000000 4.000000 0.033000
1862.000000 0.210365 0.002396 0.000000 0.000000 4.000000 0.033000
1863.000000 0.210365 0.002396 0.000000 0.000000 4.000000 0.033000
1864.000000 0.210365 0.002396 0.000000 0.000000 4.000000 0.033000
1865.000000 0.210365 0.002396 0.000000 0.000000 4.000000 0.033000
1866.000000 0.210365 0.002396 0.000000 0.000000 4.000000 0.033000
1867.000000 0.210365 0.002396 0.000000 0.000000 4.000000 0.033000
1868.000000 0.210365 0.002396 0.000000 0.000000 4.000000 0.033000
1869.000000 0.210365 0.002396 0.000000 0.000000 4.000000 0.033000
1870.000000 0.210365 0.002396 0.000000 0.000000 4.000000 0.033000
1871.000000 0.210365 0.002396 0.000000 0.000000 4.000000 0.033000
1872.000000 0.210365 0.002396 0.000000 0.000000 4.000000 0.033000
1873.000000 0.210365 0.002396 0.000000 0.000000 4.000000 0.033000
1874.000000 0.210365 0.002396 0.000000 0.000000 4.000000 0.033000
1875.000000 0.210365 0.002396 0.000000 0.000000 4.000000 0.033000
1876.000000 0.210365 0.002396 0.000000 0.000000 4.000000 0.033000
1877.000000 0.210365 0.002396 0.000000 0.000000 4.000000 0.033000
1878.000000 0.210365 0.002396 0.000000 0.000000 4.000000 0.033000
1879.000000 0.210365 0.002396 0.000000 0.000000 4.000000 0.033000
1880.000000 0.210365 0.002396 0.000000 0.000000 4.000000 0.033000
1881.000000 0.210365 0.002396 0.000000 0.000000 4.000000 0.033000
1882.000000 0.210365 0.002396 0.000000 0.000000 4.000000 0.033000
1883.000000 0.210365 0.002396 0.000000 0.000000 4.000000 0.033000
1884.000000 0.210365 0.002396 0.000000 0.000000 4.000000 0.033000
1885.000000 0.210365 0.002396 0.000000 0.000000 4.000000 0.033000
1886.000000 0.210365 0.002396 0.000000 0.000000 4.000000 0.033000
1887.000000 0.210365 0.002396 0.000000 0.000000 4.000000 0.033000
1888.000000 0.210365 0.002396 0.000000 0.000000 4.000000 0.033000
1889.000000 0.210365 0.002396 0.000000 0.000000 4.000000 0.033000
1890.000000 0.210365 0.002396 0.000000 0.000000 4.000000 0.033000
1891.000000 0.210365 0.002396 0.000000 0.000000 4.000000 0.033000
1892.000000 0.210365 0.002396 0.000000 0.000000 4.000000 0.033000
1893.000000 0.210365 0.002396 0.000000 0.000000 4.000000 0.033000
1894.000000 0.210365 0.002396 0.000000 0.000000 4.000000 0.033000
1895.000000 0.210365 0.002396 0.000000 0.000000 4.000000 0.033000
1896.000000 0.210365 0.002396 0.000000 0.000000 4.000000 0.033000
1897.000000 0.210365 0.002396 0.000000 0.000000 4.000000 0.033000
1898.000000 0.210365 0.002396 0.000000 0.000000 4.000000 0.033000
1899.000000 0.210365 0.002396 0.000000 0.000000 4.000000 0.033000
1900.000000 0.210365 0.002396 0.000000 0.000000 4.000000 0.033000
1901.000000 0.210365 0.002396 0.000000 0.000000 4.000000 0.033000
1902.000000 0.210365 0.002396 0.000000 0.000000 4.000000 0.033000
1903.000000 0.210365 0.002396 0.000000 0.000000 4.000000 0.033000
1904.000000 0.210365 0.002396 0.000000 0.000000 4.000000 0.033000
1905.000000 0.210365 0.002396 0.000000 0.000000 4.000000 0.033000
1906.000000 0.210365 0.002396 0.000000 0.000000 4.000000 0.033000
1907.000000 0.210365 0.002396 0.000000 0.000000 4.000000 0.033000
1908.000000 0.210365 0.002396 0.000000 0.000000 4.000000 0.033000
1909.000000 0.210365 0.002396 0.000000 0.000000 4.000000 0.033000
1910.000000 0.210365 0.002396 0.000000 0.000000 4.000000 0.033000
1911.000000 0.210365 0.002396 0.000000 0.000000 4.000000 0.033000
1912.000000 0.210365 0.002396 0.000000 0.000000 4.000000 0.033000
1913.000000 0.210365 0.002396 0.000000 0.000000 4.000000 0.033000
1914.000000 0.210365 0.002396 0.000000 0.000000 4.000000 0.033000
1915.000000 0.210365 0.002396 0.000000 0.000000 4.000000 0.033000
1916.000000 0.210365 0.002396 0.000000 0.000000 4.000000 0.033000
1917.000000 0.210365 0.002396 0.000000 0.000000 4.000000 0.033000
1918.000000 0.210365 0.002396 0.000000 0.000000 4.000000 0.033000
1919.000000 0.210365 0.002396 0.000000 0.000000 7.000000 0.063000
1920.000000 0.210365 0.002396 0.000000 0.000000 7.000000 0.063000
1921.000000 0.210365 0.002396 0.000000 0.000000 7.000000 0.063000
1922.000000 0.210365 0.002396 0.000000 0.000000 7.000000 0.063000
1923.000000 0.210365 0.002396 0.000000 0.000000 7.000000 0.063000
1924.000000 0.210365 0.002396 0.000000 0.000000 7.000000 0.063000
1925.000000 0.210365 0.002396 0.000000 0.000000 7.000000 0.063000
1926.000000 0.210365 0.002396 0.000000 0.000000 7.000000 0.063000
1927.000000 0.210365 0.002396 0.000000 0.000000 7.000000 0.063000
1928.000000 0.210365 0.002396 0.000000 0.000000 7.000000 0.063000
1929.000000 0.210365 0.002396 0.000000 0.000000 7.000000 0.063000
1930.000000 0.210365 0.002396 0.000000 0.000000 7.000000 0.063000
1931.000000 0.210365 0.002396 0.000000 0.000000 7.000000 0.063000
1932.000000 0.210365 0.002396 0.000000 0.000000 7.000000 0.063000
1933.000000 0.210365 0.002396 0.000000 0.000000 7.000000 0.063000
1934.000000 0.210365 0.002396 0.000000 0.000000 7.000000 0.063000
1935.000000 0.210365 0.002396 0.000000 0.000000 7.000000 0.063000
1936.000000 0.210365 0.002396 0.000000 0.000000 7.000000 0.063000
1937.000000 0.210365 0.002396 0.000000 0.000000 7.000000 0.063000
1938.000000 0.210365 0.002396 0.000000 0.000000 7.000000 0.063000
1939.000000 0.210365 0.002396 0.000000 0.000000 7.000000 0.063000
1940.000000 0.210365 0.002396 0.000000 0.000000 7.000000 0.063000
1941.000000 0.210365 0.002396 0.000000 0.000000 7.000000 0.063000
1942.000000 0.210365 0.002396 0.000000 0.000000 7.000000 0.063000
1943.000000 0.210365 0.002396 0.000000 0.000000 7.000000 0.063000
1944.000000 0.210365 0.002396 0.000000 0.000000 7.000000 0.063000
1945.000000 0.210365 0.002396 0.000000 0.000000 7.000000 0.063000
1946.000000 0.210365 0.002396 0.000000 0.000000 7.000000 0.063000
1947.000000 0.210365 0.002396 0.000000 0.000000 7.000000 0.063000
1948.000000 0.210365 0.002396 0.000000 0.000000 7.000000 0.063000
1949.000000 0.210365 0.002396 0.000000 0.000000 7.000000 0.063000
1950.000000 0.210365 0.002396 0.000000 0.000000 7.000000 0.063000
1951.000000 0.210365 0.002396 0.000000 0.000000 7.000000 0.063000
1952.000000 0.210365 0.002396 0.000000 0.000000 7.000000 0.063000
1953.000000 0.210365 0.002396 0.000000 0.000000 7.000000 0.063000
1954.000000 0.210365 0.002396 0.000000 0.000000 7.000000 0.063000
1955.000000 0.210365 0.002396 0.000000 0.000000 7.000000 0.063000
1956.000000 0.210365 0.002396 0.000000 0.000000 7.000000 0.063000
1957.000000 0.210365 0.002396 0.000000 0.000000 7.000000 0.063000
1958.000000 0.210365 0.002396 0.000000 0.000000 7.000000 0.063000
1959.000000 0.210365 0.002396 0.000000 0.000000 7.000000 0.063000
1960.000000 0.210365 0.002396 0.000000 0.000000 7.000000 0.063000
1961.000000 0.210365 0.002396 0.000000 0.000000 7.000000 0.063000
1962.000000 0.210365 0.002396 0.000000 0.000000 7.000000 0.063000
1963.000000 0.210365 0.002396 0.000000 0.000000 7.000000 0.063000
1964.000000 0.210365 0.002396 0.000000 0.000000 7.000000 0.063000
1965.000000 0.210365 0.002396 0.000000 0.000000 7.000000 0.063000
1966.000000 0.210365 0.002396 0.000000 0.000000 7.000000 0.063000
1967.000000 0.210365 0.002396 0.000000 0.000000 7.000000 0.063000
1968.000000 0.210365 0.002396 0.000000 0.000000 7.000000 0.063000
1969.000000 0.210365 0.002396 0.000000 0.000000 7.000000 0.063000
1970.000000 0.210365 0.002396 0.000000 0.000000 7.000000 0.063000
1971.000000 0.210365 0.002396 0.000000 0.000000 7.000000 0.063000
1972.000000 0.210365 0.002396 0.000000 0.000000 7.000000 0.063000
1973.000000 0.210365 0.002396 0.000000 0.000000 7.000000 0.063000
1974.000000 0.210365 0.002396 0.000000 0.000000 7.000000 0.063000
1975.000000 0.210365 0.002396 0.000000 0.000000 7.000000 0.063000
1976.000000 0.210365 0.002396 0.000000 0.000000 7.000000 0.063000
1977.000000 0.210365 0.002396 0.000000 0.000000 7.000000 0.063000
1978.000000 0.210365 0.002396 0.000000 0.000000 7.000000 0.063000
1979.000000 0.210365 0.002396 0.000000 0.000000 7.000000 0.063000
1980.000000 0.210365 0.002396 0.000000 0.000000 7.000000 0.063000
1981.000000 0.210365 0.002396 0.000000 0.000000 7.000000 0.063000
1982.000000 0.210365 0.002396 0.000000 0.000000 7.000000 0.063000
1983.000000 0.210365 0.002396 0.000000 0.000000 7.000000 0.063000
1984.000000 0.210365 0.002396 0.000000 0.000000 7.000000 0.063000
1985.000000 0.210365 0.002396 0.000000 0.000000 7.000000 0.063000
1986.000000 0.210365 0.002396 0.000000 0.000000 7.000000 0.063000
1987.000000 0.210365 0.002396 0.000000 0.000000 7.000000 0.063000
1988.000000 0.210365 0.002396 0.000000 0.000000 7.000000 0.063000
1989.000000 0.210365 0.002396 0.000000 0.000000 7.000000 0.063000
1990.000000 0.210365 0.002396 0.000000 0.000000 7.000000 0.063000
1991.000000 0.210365 0.002396 0.000000 0.000000 7.000000 0.063000
1992.000000 0.210365 0.002396 0.000000 0.000000 7.000000 0.063000
1993.000000 0.210365 0.002396 0.000000 0.000000 7.000000 0.063000
1994.000000 0.210365 0.002396 0.000000 0.000000 7.000000 0.063000
1995.000000 0.210365 0.002396 0.000000 0.000000 7.000000 0.063000
1996.000000 0.210365 0.002396 0.000000 0.000000 7.000000 0.063000
1997.000000 0.210365 0.002396 0.000000 0.000000 7.000000 0.063000
1998.000000 0.210365 0.002396 0.000000 0.000000 7.000000 0.063000
1999.000000 0.210365 0.002396 0.000000 0.000000 7.000000 0.063000
2000.000000 0.210365 0.002396 0.000000 0.000000 7.000000 0.063000
2001.000000 0.210365 0.002396 0.000000 0.000000 7.000000 0.063000
2002.000000 0.210365 0.002396 0.000000 0.000000 7.000000 0.063000
2003.000000 0.210365 0.002396 0.000000 0.000000 7.000000 0.063000
2004.000000 0.210365 0.002396 0.000000 0.000000 7.000000 0.063000
2005.000000 0.210365 0.002396 0.000000 0.000000 7.000000 0.063000
2006.000000 0.210365 0.002396 0.000000 0.000000 7.000000 0.063000
2007.000000 0.210365 0.002396 0.000000 0.000000 7.000000 0.063000
2008.000000 0.210365 0.002396 0.000000 0.000000 7.000000 0.063000
2009.000000 0.210365 0.002396 0.000000 0.000000 7.000000 0.063000
2010.000000 0.210365 0.002396 0.000000 0.000000 7.000000 0.063000
2011.000000 0.210365 0.002396 0.000000 0.000000 7.000000 0.063000
2012.000000 0.210365 0.002396 0.000000 0.000000 7.000000 0.063000
2013.000000 0.210365 0.002396 0.000000 0.000000 7.000000 0.063000
2014.000000 0.210365 0.002396 0.000000 0.000000 7.000000 0.063000
2015.000000 0.210365 0.002396 0.000000 0.000000 7.000000 0.063000
2016.000000 0.210365 0.002396 0.000000 0.000000 7.000000 0.063000
2017.000000 0.210365 0.002396 0.000000 0.000000 7.000000 0.063000
2018.000000 0.210365 0.002396 0.000000 0.000000 7.000000 0.063000
2019.000000 0.210365 0.002396 0.000000 0.000000 7.000000 0.063000
2020.000000 0.210365 0.002396 0.000000 0.000000 7.000000 0.063000
2021.000000 0.210365 0.002396 0.000000 0.000000 7.000000 0.063000
2022.000000 0.210365 0.002396 0.000000 0.000000 7.000000 0.063000
2023.000000 0.210365 0.002396 0.000000 0.000000 7.000000 0.063000
2024.000000 0.210365 0.002396 0.000000 0.000000 7.000000 0.063000
2025.000000 0.210365 0.002396 0.000000 0.000000 7.000000 0.063000
2026.000000 0.210365 0.002396 0.000000 0.000000 7.000000 0.063000
2027.000000 0.210365 0.002396 0.000000 0.000000 7.000000 0.063000
2028.000000 0.210365 0.002396 0.000000 0.000000 7.000000 0.063000
2029.000000 0.210365 0.002396 0.000000 0.000000 7.000000 0.063000
2030.000000 0.210365 0.002396 0.000000 0.000000 7.000000 0.063000
2031.000000 0.210365 0.002396 0.000000 0.000000 7.000000 0.063000
2032.000000 0.210365 0.002396 0.000000 0.000000 7.000000 0.063000
2033.000000 0.210365 0.002396 0.000000 0.000000 7.000000 0.063000
2034.000000 0.210365 0.002396 0.000000 0.000000 7.000000 0.063000
2035.000000 0.210365 0.002396 0.000000 0.000000 7.000000 0.063000
2036.000000 0.210365 0.002396 0.000000 0.000000 7.000000 0.063000
2037.000000 0.210365 0.002396 0.000000 0.000000 7.000000 0.063000
2038.000000 0.210365 0.002396 0.000000 0.000000 7.000000 0.063000
2039.000000 0.210365 0.002396 0.000000 0.000000 7.000000 0.063000
2040.000000 0.210365 0.002396 0.000000 0.000000 7.000000 0.063000
2041.000000 0.210365 0.002396 0.000000 0.000000 7.000000 0.063000
2042.000000 0.210365 0.002396 0.000000 0.000000 7.000000 0.063000
2043.000000 0.210365 0.002396 0.000000 0.000000 7.000000 0.063000
2044.000000 0.210365 0.002396 0.000000 0.000000 7.000000 0.063000
2045.000000 0.210365 0.002396 0.000000 0.000000 7.000000 0.063000
2046.000000 0.210365 0.002396 0.000000 0.000000 7.000000 0.063000
2047.000000 0.210365 0.002396 0.000000 0.000000 7.000000 0.063000
2048.000000 0.210365 0.002396 0.000000 0.000000 7.000000 0.063000
2049.000000 0.210365 0.002396 0.000000 0.000000 7.000000 0.063000
2050.000000 0.210365 0.002396 0.000000 0.000000 7.000000 0.063000
2051.000000 0.210365 0.002396 0.000000 0.000000 7.000000 0.063000
2052.000000 0.210365 0.002396 0.000000 0.000000 7.000000 0.063000
2053.000000 0.210365 0.002396 0.000000 0.000000 7.000000 0.063000
2054.000000 0.210365 0.002396 0.000000 0.000000 7.000000 0.063000
2055.000000 0.210365 0.002396 0.000000 0.000000 7.000000 0.063000
2056.000000 0.210365 0.002396 0.000000 0.000000 7.000000 0.063000
2057.000000 0.210365 0.002396 0.000000 0.000000 7.000000 0.063000
2058.000000 0.210365 0.002396 0.000000 0.000000 7.000000 0.063000
2059.000000 0.210365 0.002396 0.000000 0.000000 7.000000 0.063000
2060.000000 0.210365 0.002396 0.000000 0.000000 7.000000 0.063000
2061.000000 0.210365 0.002396 0.000000 0.000000 7.000000 0.063000
2062.000000 0.210365 0.002396 0.000000 0.000000 7.000000 0.063000
2063.000000 0.210365 0.002396 0.000000 0.000000 7.000000 0.063000
2064.000000 0.210315 0.002414 -0.002479 0.000920 7.000000 0.063000
2065.000000 0.210315 0.002414 -0.003743 0.001388 7.000000 0.063000
2066.000000 0.210264 0.002433 -0.004386 0.001627 7.000000 0.063000
2067.000000 0.210213 0.002452 -0.007193 0.002669 7.000000 0.063000
2068.000000 0.210163 0.002471 -0.008623 0.003201 7.000000 0.063000
2069.000000 0.210163 0.002471 -0.006872 0.002551 7.000000 0.063000
2070.000000 0.210163 0.002471 -0.003501 0.001300 7.000000 0.063000
2071.000000 0.210163 0.002471 -0.001784 0.000662 7.000000 0.063000
2072.000000 0.210163 0.002471 -0.000909 0.000337 7.000000 0.063000
2073.000000 0.210112 0.002490 -0.002942 0.001092 7.000000 0.063000
2074.000000 0.210110 0.002451 -0.004073 -0.000431 7.000000 0.063000
2075.000000 0.210060 0.002469 -0.004650 -0.001207 7.000000 0.063000
2076.000000 0.209957 0.002468 -0.009901 0.000241 7.000000 0.063000
2077.000000 0.209955 0.002429 -0.010194 -0.001852 7.000000 0.063000
2078.000000 0.209904 0.002448 -0.007768 -0.001930 1.000000 0.063000
2079.000000 0.209953 0.002390 -0.004054 -0.002892 1.000000 0.063000
2080.000000 0.209904 0.002448 -0.002065 -0.001473 1.000000 0.063000
2081.000000 0.209852 0.002428 -0.006009 0.001093 1.000000 0.063000
2082.000000 0.209852 0.002428 -0.005636 -0.000430 1.000000 0.063000
2083.000000 0.209799 0.002408 -0.005446 -0.001205 1.000000 0.063000
2084.000000 0.209749 0.002426 -0.007828 -0.000678 1.000000 0.063000
2085.000000 0.209696 0.002406 -0.009041 -0.000408 1.000000 0.063000
2086.000000 0.209644 0.002386 -0.009756 -0.002179 1.000000 0.063000
2087.000000 0.209642 0.002347 -0.007642 -0.004004 1.000000 0.063000
2088.000000 0.209591 0.002366 -0.006468 -0.003025 1.000000 0.063000
2089.000000 0.209591 0.002366 -0.005774 -0.000618 1.000000 0.063000
2090.000000 0.209541 0.002385 -0.005420 0.000608 1.000000 0.063000
2091.000000 0.209488 0.002365 -0.007814 0.000249 1.000000 0.063000
2092.000000 0.209438 0.002384 -0.009034 0.000066 1.000000 0.063000
2093.000000 0.209385 0.002364 -0.009655 -0.000027 1.000000 0.063000
2094.000000 0.209282 0.002362 -0.012546 -0.001056 1.000000 0.063000
2095.000000 0.209230 0.002342 -0.014020 -0.001580 1.000000 0.063000
2096.000000 0.209228 0.002303 -0.009816 -0.003697 1.000000 0.063000
2097.000000 0.209175 0.002283 -0.007674 -0.004775 1.000000 0.063000
2098.000000 0.209127 0.002341 -0.008864 -0.000582 1.000000 0.063000
2099.000000 0.209074 0.002321 -0.009471 0.001554 1.000000 0.063000
2100.000000 0.209022 0.002301 -0.009975 -0.001173 1.000000 0.063000
2101.000000 0.208921 0.002339 -0.012611 0.000273 1.000000 0.063000
2102.000000 0.208868 0.002319 -0.013954 0.001010 1.000000 0.063000
2103.000000 0.208765 0.002318 -0.014736 -0.000520 1.000000 0.063000
2104.000000 0.208660 0.002278 -0.017710 -0.002280 1.000000 0.063000
2105.000000 0.208660 0.002278 -0.014174 -0.003124 1.000000 0.063000
2106.000000 0.208608 0.002258 -0.009797 -0.002572 1.000000 0.063000
2107.000000 0.208507 0.002295 -0.012519 -0.000434 1.000000 0.063000
2108.000000 0.208454 0.002276 -0.013906 0.000656 1.000000 0.063000
2109.000000 0.208351 0.002274 -0.014711 -0.000695 1.000000 0.063000
2110.000000 0.208299 0.002254 -0.015122 -0.001383 1.000000 0.063000
2111.000000 0.208196 0.002253 -0.015331 -0.001732 1.000000 0.063000
2112.000000 0.208093 0.002252 -0.017912 -0.000978 1.000000 0.063000
2113.000000 0.207988 0.002213 -0.019328 -0.002500 1.000000 0.063000
2114.000000 0.207983 0.002135 -0.015202 -0.007046 1.000000 0.063000
2115.000000 0.207880 0.002134 -0.012998 -0.007451 1.000000 0.063000
2116.000000 0.207779 0.002172 -0.016623 -0.001979 1.000000 0.063000
2117.000000 0.207727 0.002152 -0.015995 -0.000121 1.000000 0.063000
2118.000000 0.207624 0.002151 -0.015775 -0.001081 1.000000 0.063000
2119.000000 0.207521 0.002150 -0.018138 -0.000636 1.000000 0.063000
2120.000000 0.207416 0.002110 -0.019444 -0.002315 1.000000 0.063000
2121.000000 0.207262 0.002128 -0.022582 -0.002233 1.000000 0.063000
2122.000000 0.207157 0.002089 -0.024182 -0.002189 1.000000 0.063000
2123.000000 0.207105 0.002069 -0.020049 -0.004035 1.000000 0.063000
2124.000000 0.207002 0.002068 -0.017841 -0.003066 1.000000 0.063000
2125.000000 0.206899 0.002067 -0.019189 -0.001635 1.000000 0.063000
2126.000000 0.206796 0.002067 -0.019875 -0.000905 1.000000 0.063000
2127.000000 0.206643 0.002085 -0.022697 0.000408 1.000000 0.063000
2128.000000 0.206538 0.002045 -0.024239 -0.000829 1.000000 0.063000
2129.000000 0.206384 0.002064 -0.025022 -0.001455 1.000000 0.063000
2130.000000 0.206279 0.002024 -0.025423 -0.001772 1.000000 0.063000
2131.000000 0.206124 0.002004 -0.025731 -0.003837 1.000000 0.063000
2132.000000 0.206069 0.001945 -0.023418 -0.005829 1.000000 0.063000
2133.000000 0.205916 0.001964 -0.022133 -0.004931 1.000000 0.063000
2134.000000 0.205813 0.001963 -0.023844 -0.001625 1.000000 0.063000
2135.000000 0.205657 0.001943 -0.024821 -0.001843 1.000000 0.063000
2136.000000 0.205502 0.001923 -0.027896 -0.002917 1.000000 0.063000
2137.000000 0.205346 0.001902 -0.029462 -0.003459 1.000000 0.063000
2138.000000 0.205142 0.001940 -0.032621 -0.000877 1.000000 0.063000
2139.000000 0.204987 0.001920 -0.034231 0.000442 1.000000 0.063000
2140.000000 0.204829 0.001861 -0.032796 -0.003640 1.000000 0.063000
2141.000000 0.204775 0.001803 -0.027128 -0.007612 1.000000 0.063000
2142.000000 0.204621 0.001822 -0.024023 -0.005815 1.000000 0.063000
2143.000000 0.204466 0.001802 -0.027380 -0.003004 1.000000 0.063000
2144.000000 0.204310 0.001782 -0.029198 -0.003475 1.000000 0.063000
2145.000000 0.204155 0.001762 -0.030124 -0.003710 1.000000 0.063000
2146.000000 0.203949 0.001762 -0.033063 -0.002874 1.000000 0.063000
2147.000000 0.203741 0.001722 -0.037138 -0.003398 1.000000 0.063000
2148.000000 0.203586 0.001703 -0.036746 -0.004611 1.000000 0.063000
2149.000000 0.203378 0.001664 -0.036547 -0.005221 1.000000 0.063000
2150.000000 0.203270 0.001586 -0.034093 -0.008391 1.000000 0.063000
2151.000000 0.203067 0.001624 -0.032616 -0.006182 1.000000 0.063000
2152.000000 0.202909 0.001566 -0.034332 -0.004101 1.000000 0.063000
2153.000000 0.202701 0.001527 -0.035431 -0.006846 1.000000 0.063000
2154.000000 0.202493 0.001488 -0.038457 -0.007283 1.000000 0.063000
2155.000000 0.202338 0.001469 -0.037420 -0.006550 1.000000 0.063000
2156.000000 0.202079 0.001450 -0.039356 -0.005207 1.000000 0.063000
2157.000000 0.201873 0.001450 -0.042805 -0.003558 1.000000 0.063000
2158.000000 0.201663 0.001373 -0.042215 -0.005575 1.000000 0.063000
2159.000000 0.201505 0.001315 -0.039567 -0.009466 1.000000 0.063000
2160.000000 0.201300 0.001315 -0.037985 -0.007626 1.000000 0.063000
2161.000000 0.201092 0.001277 -0.039643 -0.005720 1.000000 0.063000
2162.000000 0.200883 0.001239 -0.040605 -0.006648 1.000000 0.063000
2163.000000 0.200675 0.001201 -0.041095 -0.007113 1.000000 0.063000
2164.000000 0.200467 0.001163 -0.041345 -0.007342 1.000000 0.063000
2165.000000 0.200156 0.001125 -0.046514 -0.007418 1.000000 0.063000
2166.000000 0.199948 0.001088 -0.049149 -0.007451 1.000000 0.063000
2167.000000 0.199738 0.001011 -0.045572 -0.009392 1.000000 0.063000
2168.000000 0.199530 0.000973 -0.043749 -0.010375 1.000000 0.063000
2169.000000 0.199322 0.000936 -0.042700 -0.008961 1.000000 0.063000
2170.000000 0.199063 0.000918 -0.044624 -0.007258 1.000000 0.063000
2171.000000 0.198803 0.000861 -0.048187 -0.007314 1.000000 0.063000
2172.000000 0.198542 0.000805 -0.050126 -0.009236 1.000000 0.063000
2173.000000 0.198331 0.000729 -0.048659 -0.011182 1.000000 0.063000
2174.000000 0.198020 0.000693 -0.050369 -0.011180 1.000000 0.063000
2175.000000 0.197810 0.000617 -0.051244 -0.011173 1.000000 0.063000
2176.000000 0.197546 0.000522 -0.049363 -0.014039 1.000000 0.063000
2177.000000 0.197338 0.000485 -0.048277 -0.013587 1.000000 0.063000
2178.000000 0.197030 0.000488 -0.049922 -0.008547 1.000000 0.063000
2179.000000 0.196767 0.000394 -0.053476 -0.008799 1.000000 0.063000
2180.000000 0.196506 0.000339 -0.052961 -0.011803 1.000000 0.063000
2181.000000 0.196245 0.000283 -0.052571 -0.011415 1.000000 0.063000
2182.000000 0.195931 0.000209 -0.054959 -0.012121 1.000000 0.063000
2183.000000 0.195620 0.000175 -0.058628 -0.011478 1.000000 0.063000
2184.000000 0.195307 0.000101 -0.060500 -0.011132 1.000000 0.063000
2185.000000 0.195043 0.000007 -0.059139 -0.013838 1.000000 0.063000
2186.000000 0.194782 -0.000047 -0.055860 -0.014288 1.000000 0.063000
2187.000000 0.194521 -0.000102 -0.054056 -0.012600 1.000000 0.063000
2188.000000 0.194208 -0.000174 -0.055726 -0.012636 1.000000 0.063000
2189.000000 0.193894 -0.000247 -0.059166 -0.013550 1.000000 0.063000
2190.000000 0.193580 -0.000320 -0.060921 -0.013997 1.000000 0.063000
2191.000000 0.193266 -0.000392 -0.061817 -0.014206 1.000000 0.063000
2192.000000 0.192952 -0.000464 -0.062276 -0.014295 1.000000 0.063000
2193.000000 0.192639 -0.000536 -0.062512 -0.014323 1.000000 0.063000
2194.000000 0.192272 -0.000627 -0.065225 -0.015217 1.000000 0.063000
2195.000000 0.192008 -0.000719 -0.064165 -0.016665 1.000000 0.063000
2196.000000 0.191697 -0.000752 -0.060890 -0.014576 1.000000 0.063000
2197.000000 0.191333 -0.000802 -0.064115 -0.011479 1.000000 0.063000
2198.000000 0.191016 -0.000912 -0.066052 -0.013695 1.000000 0.063000
2199.000000 0.190702 -0.000983 -0.064596 -0.015812 1.000000 0.063000
2200.000000 0.190336 -0.001072 -0.066303 -0.015858 1.000000 0.063000
2201.000000 0.189969 -0.001161 -0.069767 -0.016751 1.000000 0.063000
2202.000000 0.189602 -0.001250 -0.071536 -0.017182 1.000000 0.063000
2203.000000 0.189338 -0.001340 -0.067408 -0.017514 1.000000 0.063000
2204.000000 0.188971 -0.001429 -0.065308 -0.017657 1.000000 0.063000
2205.000000 0.188557 -0.001457 -0.071557 -0.014651 1.000000 0.063000
2206.000000 0.188190 -0.001544 -0.074745 -0.013094 1.000000 0.063000
2207.000000 0.187873 -0.001653 -0.071650 -0.016228 1.000000 0.063000
2208.000000 0.187506 -0.001740 -0.070077 -0.017800 1.000000 0.063000
2209.000000 0.187138 -0.001827 -0.071718 -0.017555 1.000000 0.063000
2210.000000 0.186722 -0.001892 -0.074991 -0.016372 1.000000 0.063000
2211.000000 0.186301 -0.001996 -0.079260 -0.016615 1.000000 0.063000
2212.000000 0.185984 -0.002104 -0.076569 -0.018780 1.000000 0.063000
2213.000000 0.185564 -0.002207 -0.075203 -0.019849 1.000000 0.063000
2214.000000 0.185150 -0.002233 -0.079210 -0.016397 1.000000 0.063000
2215.000000 0.184783 -0.002318 -0.078659 -0.013744 1.000000 0.063000
2216.000000 0.184412 -0.002442 -0.076280 -0.017211 1.000000 0.063000
2217.000000 0.183995 -0.002506 -0.077501 -0.017909 1.000000 0.063000
2218.000000 0.183575 -0.002608 -0.080561 -0.017194 1.000000 0.063000
2219.000000 0.183158 -0.002671 -0.082118 -0.016797 1.000000 0.063000
2220.000000 0.182737 -0.002772 -0.082918 -0.016563 1.000000 0.063000
2221.000000 0.182366 -0.002895 -0.081075 -0.019369 1.000000 0.063000
2222.000000 0.181945 -0.002996 -0.080140 -0.020766 1.000000 0.063000
2223.000000 0.181528 -0.003058 -0.081920 -0.018496 1.000000 0.063000
2224.000000 0.181111 -0.003119 -0.082653 -0.015405 1.000000 0.063000
2225.000000 0.180690 -0.003219 -0.083205 -0.015702 1.000000 0.063000
2226.000000 0.180217 -0.003336 -0.086271 -0.018563 1.000000 0.063000
2227.000000 0.179796 -0.003435 -0.087838 -0.019990 1.000000 0.063000
2228.000000 0.179329 -0.003474 -0.088275 -0.016871 1.000000 0.063000
2229.000000 0.178855 -0.003590 -0.091108 -0.016085 1.000000 0.063000
2230.000000 0.178431 -0.003727 -0.090502 -0.020519 1.000000 0.063000
2231.000000 0.178010 -0.003824 -0.087595 -0.021909 1.000000 0.063000
2232.000000 0.177592 -0.003883 -0.085745 -0.018783 1.000000 0.063000
2233.000000 0.177122 -0.003959 -0.087224 -0.016083 1.000000 0.063000
2234.000000 0.176648 -0.004073 -0.090774 -0.017401 1.000000 0.063000
2235.000000 0.176173 -0.004186 -0.092777 -0.019933 1.000000 0.063000
2236.000000 0.175703 -0.004260 -0.093610 -0.019281 1.000000 0.063000
2237.000000 0.175232 -0.004334 -0.093845 -0.017009 1.000000 0.063000
2238.000000 0.174709 -0.004424 -0.096573 -0.016624 1.000000 0.063000
2239.000000 0.174329 -0.004619 -0.093545 -0.022370 1.000000 0.063000
2240.000000 0.173858 -0.004692 -0.089392 -0.024436 1.000000 0.063000
2241.000000 0.173338 -0.004742 -0.094119 -0.018389 1.000000 0.063000
2242.000000 0.172868 -0.004814 -0.096527 -0.015269 1.000000 0.063000
2243.000000 0.172389 -0.004963 -0.095754 -0.018526 1.000000 0.063000
2244.000000 0.171869 -0.005011 -0.097763 -0.019046 1.000000 0.063000
2245.000000 0.171345 -0.005099 -0.100998 -0.016269 1.000000 0.063000
2246.000000 0.170870 -0.005207 -0.100448 -0.017810 1.000000 0.063000
2247.000000 0.170391 -0.005355 -0.097980 -0.021550 1.000000 0.063000
2248.000000 0.169916 -0.005463 -0.096729 -0.023418 1.000000 0.063000
2249.000000 0.169392 -0.005548 -0.098290 -0.021319 1.000000 0.063000
2250.000000 0.168872 -0.005594 -0.101275 -0.017199 1.000000 0.063000
2251.000000 0.168344 -0.005717 -0.103014 -0.016947 1.000000 0.063000
2252.000000 0.167868 -0.005823 -0.101717 -0.019788 1.000000 0.063000
2253.000000 0.167344 -0.005906 -0.100845 -0.019286 1.000000 0.063000
2254.000000 0.166820 -0.005989 -0.102801 -0.017870 1.000000 0.063000
2255.000000 0.166291 -0.006110 -0.104023 -0.018997 1.000000 0.063000
2256.000000 0.165762 -0.006231 -0.104872 -0.021419 1.000000 0.063000
2257.000000 0.165287 -0.006335 -0.102695 -0.021837 1.000000 0.063000
2258.000000 0.164763 -0.006416 -0.101366 -0.020102 1.000000 0.063000
2259.000000 0.164238 -0.006496 -0.103084 -0.018046 1.000000 0.063000
2260.000000 0.163709 -0.006614 -0.104192 -0.018846 1.000000 0.063000
2261.000000 0.163185 -0.006694 -0.104756 -0.019205 1.000000 0.063000
2262.000000 0.162656 -0.006811 -0.105053 -0.019338 1.000000 0.063000
2263.000000 0.162078 -0.006905 -0.107825 -0.020109 1.000000 0.063000
2264.000000 0.161500 -0.006998 -0.111629 -0.019307 1.000000 0.063000
2265.000000 0.160970 -0.007114 -0.111188 -0.019987 1.000000 0.063000
2266.000000 0.160490 -0.007253 -0.106204 -0.022575 1.000000 0.063000
2267.000000 0.159970 -0.007291 -0.103187 -0.020053 1.000000 0.063000
2268.000000 0.159392 -0.007382 -0.106422 -0.016420 1.000000 0.063000
2269.000000 0.158862 -0.007496 -0.108553 -0.018313 1.000000 0.063000
2270.000000 0.158284 -0.007585 -0.109641 -0.019214 1.000000 0.063000
2271.000000 0.157706 -0.007675 -0.112579 -0.018463 1.000000 0.063000
2272.000000 0.157176 -0.007787 -0.111705 -0.019186 1.000000 0.063000
2273.000000 0.156598 -0.007875 -0.111261 -0.019493 1.000000 0.063000
2274.000000 0.156068 -0.007987 -0.111044 -0.019603 1.000000 0.063000
2275.000000 0.155538 -0.008097 -0.108564 -0.020771 1.000000 0.063000
2276.000000 0.154964 -0.008145 -0.109420 -0.018249 1.000000 0.063000
2277.000000 0.154381 -0.008270 -0.112492 -0.017632 1.000000 0.063000
2278.000000 0.153851 -0.008379 -0.111943 -0.020332 1.000000 0.063000
2279.000000 0.153277 -0.008425 -0.111149 -0.017860 1.000000 0.063000
2280.000000 0.152699 -0.008509 -0.113118 -0.015369 1.000000 0.063000
2281.000000 0.152115 -0.008631 -0.114644 -0.017825 1.000000 0.063000
2282.000000 0.151536 -0.008714 -0.115423 -0.019017 1.000000 0.063000
2283.000000 0.150958 -0.008796 -0.115562 -0.017672 1.000000 0.063000
2284.000000 0.150476 -0.008926 -0.110916 -0.019318 1.000000 0.063000
2285.000000 0.149897 -0.009008 -0.108550 -0.020095 1.000000 0.063000
2286.000000 0.149324 -0.009050 -0.111798 -0.016167 1.000000 0.063000
2287.000000 0.148745 -0.009130 -0.113454 -0.014105 1.000000 0.063000
2288.000000 0.148161 -0.009248 -0.114845 -0.016776 1.000000 0.063000
2289.000000 0.147582 -0.009326 -0.115554 -0.018078 1.000000 0.063000
2290.000000 0.147003 -0.009405 -0.115645 -0.016791 1.000000 0.063000
2291.000000 0.146424 -0.009482 -0.115693 -0.016076 1.000000 0.063000
2292.000000 0.145840 -0.009598 -0.116002 -0.017543 1.000000 0.063000
2293.000000 0.145309 -0.009699 -0.113812 -0.019448 1.000000 0.063000
