# imt log
s logheadsize 000234
s logcolumns 7
s logname /home/testac/lgames/fitts/20180723_Mon/run1.123651.dat
s logversion 2.0
s logdate "Mon Jul 23 12:36:51 EDT 2018"
s logidate 1532363811

# begin user data

# end user data

#####
792.000000 0.031449 0.000540 -0.175776 -0.029057 0.000000 0.000000
793.000000 0.030625 0.000384 -0.174481 -0.026600 0.000000 0.000000
794.000000 0.029759 0.000263 -0.171810 -0.026898 7.000000 0.046000
795.000000 0.028905 0.000180 -0.171948 -0.023403 7.000000 0.046000
796.000000 0.028039 0.000062 -0.172049 -0.021488 7.000000 0.046000
797.000000 0.027266 -0.000087 -0.168081 -0.023805 7.000000 0.046000
798.000000 0.026399 -0.000202 -0.166089 -0.024847 7.000000 0.046000
799.000000 0.025597 -0.000277 -0.166547 -0.021742 7.000000 0.046000
800.000000 0.024823 -0.000423 -0.162213 -0.021639 7.000000 0.046000
801.000000 0.024008 -0.000532 -0.160598 -0.023292 7.000000 0.046000
802.000000 0.023246 -0.000638 -0.159229 -0.022212 7.000000 0.046000
803.000000 0.022442 -0.000708 -0.157969 -0.019723 7.000000 0.046000
804.000000 0.021691 -0.000775 -0.156761 -0.016538 7.000000 0.046000
805.000000 0.020887 -0.000843 -0.156159 -0.014797 7.000000 0.046000
806.000000 0.020165 -0.000979 -0.154466 -0.017364 7.000000 0.046000
807.000000 0.019413 -0.001043 -0.151022 -0.018476 7.000000 0.046000
808.000000 0.018650 -0.001143 -0.151298 -0.017213 7.000000 0.046000
809.000000 0.017951 -0.001203 -0.148855 -0.016400 7.000000 0.046000
810.000000 0.017186 -0.001300 -0.147637 -0.015878 7.000000 0.046000
811.000000 0.016487 -0.001358 -0.147024 -0.015531 7.000000 0.046000
812.000000 0.015759 -0.001343 -0.144904 -0.009815 7.000000 0.046000
813.000000 0.015060 -0.001399 -0.143837 -0.006819 7.000000 0.046000
814.000000 0.014320 -0.001419 -0.143895 -0.007006 7.000000 0.046000
815.000000 0.013620 -0.001473 -0.143938 -0.007017 7.000000 0.046000
816.000000 0.012973 -0.001525 -0.139393 -0.008635 7.000000 0.046000
817.000000 0.012314 -0.001614 -0.135118 -0.011134 7.000000 0.046000
818.000000 0.011639 -0.001592 -0.134294 -0.008766 7.000000 0.046000
819.000000 0.010939 -0.001643 -0.135868 -0.005716 7.000000 0.046000
820.000000 0.010291 -0.001692 -0.135318 -0.007656 7.000000 0.046000
821.000000 0.009669 -0.001666 -0.131194 -0.004914 7.000000 0.046000
822.000000 0.008994 -0.001641 -0.130436 0.000133 7.000000 0.046000
823.000000 0.008360 -0.001651 -0.130673 0.000967 7.000000 0.046000
824.000000 0.007725 -0.001660 -0.128826 -0.000302 7.000000 0.046000
825.000000 0.007090 -0.001669 -0.127887 -0.000879 7.000000 0.046000
826.000000 0.006509 -0.001676 -0.124816 -0.001083 7.000000 0.046000
827.000000 0.005914 -0.001719 -0.121300 -0.002897 7.000000 0.046000
828.000000 0.005292 -0.001689 -0.121458 -0.001979 7.000000 0.046000
829.000000 0.004710 -0.001694 -0.120906 0.000349 7.000000 0.046000
830.000000 0.004102 -0.001626 -0.119966 0.003404 7.000000 0.046000
831.000000 0.003560 -0.001666 -0.117546 0.003226 7.000000 0.046000
832.000000 0.002991 -0.001633 -0.114350 0.001410 7.000000 0.046000
833.000000 0.002422 -0.001599 -0.114023 0.004125 7.000000 0.046000
834.000000 0.001893 -0.001601 -0.111908 0.003769 7.000000 0.046000
835.000000 0.001365 -0.001603 -0.108884 0.001847 7.000000 0.046000
836.000000 0.000836 -0.001604 -0.107345 0.000915 7.000000 0.046000
837.000000 0.000307 -0.001605 -0.106561 0.000490 7.000000 0.046000
838.000000 -0.000169 -0.001605 -0.103568 0.000312 7.000000 0.046000
839.000000 -0.000671 -0.001531 -0.100721 0.003857 7.000000 0.046000
840.000000 -0.001187 -0.001494 -0.101203 0.007509 7.000000 0.046000
841.000000 -0.001662 -0.001492 -0.100168 0.005813 7.000000 0.046000
842.000000 -0.002125 -0.001454 -0.097040 0.004978 7.000000 0.046000
843.000000 -0.002601 -0.001452 -0.095449 0.004592 7.000000 0.046000
844.000000 -0.003037 -0.001486 -0.093374 0.000828 7.000000 0.046000
845.000000 -0.003460 -0.001484 -0.089723 -0.001073 7.000000 0.046000
846.000000 -0.003883 -0.001481 -0.087200 -0.000220 7.000000 0.046000
847.000000 -0.004345 -0.001441 -0.087835 0.002064 7.000000 0.046000
848.000000 -0.004755 -0.001401 -0.087486 0.005046 7.000000 0.046000
849.000000 -0.005138 -0.001434 -0.083465 0.002964 7.000000 0.046000
850.000000 -0.005548 -0.001394 -0.081408 0.001933 7.000000 0.046000
851.000000 -0.005996 -0.001316 -0.083524 0.006865 7.000000 0.046000
852.000000 -0.006380 -0.001348 -0.083359 0.005796 7.000000 0.046000
853.000000 -0.006711 -0.001381 -0.077521 -0.000188 7.000000 0.046000
854.000000 -0.007081 -0.001376 -0.073873 -0.001424 7.000000 0.046000
855.000000 -0.007451 -0.001371 -0.073932 -0.000210 7.000000 0.046000
856.000000 -0.007807 -0.001330 -0.073279 0.002218 7.000000 0.046000
857.000000 -0.008124 -0.001325 -0.070355 0.003435 7.000000 0.046000
858.000000 -0.008480 -0.001283 -0.068858 0.004077 7.000000 0.046000
859.000000 -0.008836 -0.001241 -0.070004 0.006253 7.000000 0.046000
860.000000 -0.009153 -0.001236 -0.068676 0.005551 7.000000 0.046000
861.000000 -0.009471 -0.001230 -0.066089 0.003383 7.000000 0.046000
862.000000 -0.009710 -0.001299 -0.060963 -0.001374 7.000000 0.046000
863.000000 -0.009988 -0.001331 -0.056445 -0.005614 7.000000 0.046000
864.000000 -0.010252 -0.001326 -0.055367 -0.004148 7.000000 0.046000
865.000000 -0.010556 -0.001284 -0.056034 0.000231 7.000000 0.046000
866.000000 -0.010767 -0.001280 -0.053782 0.002418 7.000000 0.046000
867.000000 -0.011031 -0.001275 -0.050728 0.001712 7.000000 0.046000
868.000000 -0.011281 -0.001233 -0.051073 0.003197 7.000000 0.046000
869.000000 -0.011507 -0.001265 -0.049349 0.002126 7.000000 0.046000
870.000000 -0.011718 -0.001260 -0.046567 -0.000248 7.000000 0.046000
871.000000 -0.011891 -0.001293 -0.042562 -0.001509 7.000000 0.046000
872.000000 -0.012102 -0.001289 -0.040521 -0.002144 7.000000 0.046000
873.000000 -0.012314 -0.001284 -0.041381 -0.000621 7.000000 0.046000
874.000000 -0.012472 -0.001281 -0.039227 0.000100 7.000000 0.046000
875.000000 -0.012631 -0.001277 -0.035538 0.000413 7.000000 0.046000
876.000000 -0.012789 -0.001273 -0.033658 0.000576 7.000000 0.046000
877.000000 -0.012987 -0.001232 -0.034595 0.002508 7.000000 0.046000
878.000000 -0.013107 -0.001266 -0.033178 0.001651 7.000000 0.046000
879.000000 -0.013212 -0.001263 -0.027966 -0.000687 7.000000 0.046000
880.000000 -0.013293 -0.001335 -0.023418 -0.003720 7.000000 0.046000
881.000000 -0.013413 -0.001368 -0.021797 -0.007042 7.000000 0.046000
882.000000 -0.013505 -0.001329 -0.021474 -0.003332 7.000000 0.046000
883.000000 -0.013572 -0.001364 -0.018719 -0.001505 7.000000 0.046000
884.000000 -0.013649 -0.001289 -0.016616 0.001206 7.000000 0.046000
885.000000 -0.013716 -0.001324 -0.015546 0.002588 7.000000 0.046000
886.000000 -0.013808 -0.001285 -0.015696 0.001515 7.000000 0.046000
887.000000 -0.013846 -0.001248 -0.014378 0.004526 7.000000 0.046000
888.000000 -0.013861 -0.001284 -0.009918 0.002371 7.000000 0.046000
889.000000 -0.013875 -0.001320 -0.006448 -0.002350 7.000000 0.046000
890.000000 -0.013889 -0.001357 -0.004680 -0.004755 7.000000 0.046000
891.000000 -0.013889 -0.001357 -0.003082 -0.004202 7.000000 0.046000
892.000000 -0.013889 -0.001357 -0.001570 -0.002141 7.000000 0.046000
893.000000 -0.013889 -0.001357 -0.000800 -0.001091 7.000000 0.046000
894.000000 -0.013889 -0.001357 -0.000408 -0.000556 7.000000 0.046000
895.000000 -0.013889 -0.001357 -0.000208 -0.000283 7.000000 0.046000
896.000000 -0.013889 -0.001357 -0.000106 -0.000144 7.000000 0.046000
897.000000 -0.013889 -0.001357 -0.000054 -0.000074 7.000000 0.046000
898.000000 -0.013889 -0.001357 -0.000027 -0.000037 7.000000 0.046000
899.000000 -0.013889 -0.001357 -0.000014 -0.000019 7.000000 0.046000
900.000000 -0.013889 -0.001357 -0.000007 -0.000010 7.000000 0.046000
901.000000 -0.013822 -0.001322 0.003285 0.001709 7.000000 0.046000
902.000000 -0.013755 -0.001287 0.008251 0.004300 7.000000 0.046000
903.000000 -0.013663 -0.001326 0.011980 0.001999 7.000000 0.046000
904.000000 -0.013558 -0.001328 0.015776 -0.001015 7.000000 0.046000
905.000000 -0.013452 -0.001331 0.018407 -0.000769 7.000000 0.046000
906.000000 -0.013332 -0.001297 0.020441 0.001140 7.000000 0.046000
907.000000 -0.013265 -0.001262 0.019579 0.003955 7.000000 0.046000
908.000000 -0.013131 -0.001192 0.019831 0.007173 7.000000 0.046000
909.000000 -0.012987 -0.001232 0.023756 0.005132 7.000000 0.046000
910.000000 -0.012881 -0.001234 0.024368 0.000534 7.000000 0.046000
911.000000 -0.012722 -0.001238 0.025374 -0.000024 7.000000 0.046000
912.000000 -0.012603 -0.001204 0.026578 0.001475 7.000000 0.046000
913.000000 -0.012419 -0.001282 0.028402 -0.001375 7.000000 0.046000
914.000000 -0.012261 -0.001285 0.031232 -0.004662 7.000000 0.046000
915.000000 -0.012102 -0.001289 0.031465 -0.002712 7.000000 0.046000
916.000000 -0.011983 -0.001255 0.029680 0.000121 7.000000 0.046000
917.000000 -0.011835 -0.001148 0.028243 0.006971 7.000000 0.046000
918.000000 -0.011637 -0.001189 0.031317 0.006793 7.000000 0.046000
919.000000 -0.011479 -0.001192 0.033407 0.001305 7.000000 0.046000
920.000000 -0.011320 -0.001195 0.032570 0.000351 7.000000 0.046000
921.000000 -0.011162 -0.001199 0.032144 -0.000131 7.000000 0.046000
922.000000 -0.010950 -0.001203 0.034518 -0.000421 7.000000 0.046000
923.000000 -0.010792 -0.001206 0.035728 -0.000565 7.000000 0.046000
924.000000 -0.010580 -0.001210 0.036345 -0.000629 7.000000 0.046000
925.000000 -0.010447 -0.001139 0.035433 0.002957 7.000000 0.046000
926.000000 -0.010274 -0.001106 0.033060 0.006623 7.000000 0.046000
927.000000 -0.010063 -0.001110 0.035665 0.004834 7.000000 0.046000
928.000000 -0.009904 -0.001113 0.036308 0.002142 7.000000 0.046000
929.000000 -0.009732 -0.001079 0.034726 0.002607 7.000000 0.046000
930.000000 -0.009521 -0.001083 0.036511 0.002807 7.000000 0.046000
931.000000 -0.009309 -0.001087 0.039330 0.001087 7.000000 0.046000
932.000000 -0.009098 -0.001090 0.040767 0.000219 7.000000 0.046000
933.000000 -0.008978 -0.001055 0.036994 0.001649 7.000000 0.046000
934.000000 -0.008767 -0.001059 0.035073 0.002386 7.000000 0.046000
935.000000 -0.008542 -0.001026 0.039272 0.002688 7.000000 0.046000
936.000000 -0.008370 -0.000992 0.039497 0.004673 7.000000 0.046000
937.000000 -0.008211 -0.000994 0.036344 0.003942 7.000000 0.046000
938.000000 -0.008000 -0.000997 0.036651 0.001752 7.000000 0.046000
939.000000 -0.007828 -0.000963 0.037481 0.002428 7.000000 0.046000
940.000000 -0.007630 -0.001002 0.037232 0.000993 7.000000 0.046000
941.000000 -0.007419 -0.001005 0.039020 -0.001554 7.000000 0.046000
942.000000 -0.007286 -0.000934 0.036768 0.002584 7.000000 0.046000
943.000000 -0.007100 -0.000863 0.034373 0.008309 7.000000 0.046000
944.000000 -0.006888 -0.000866 0.036986 0.007590 7.000000 0.046000
945.000000 -0.006716 -0.000831 0.037642 0.005441 7.000000 0.046000
946.000000 -0.006572 -0.000870 0.034719 0.002592 7.000000 0.046000
947.000000 -0.006399 -0.000835 0.033227 0.001146 7.000000 0.046000
948.000000 -0.006227 -0.000800 0.033806 0.003992 7.000000 0.046000
949.000000 -0.006030 -0.000839 0.035354 0.001842 7.000000 0.046000
950.000000 -0.005858 -0.000804 0.036139 0.000751 7.000000 0.046000
951.000000 -0.005738 -0.000769 0.032696 0.003832 7.000000 0.046000
952.000000 -0.005566 -0.000734 0.030939 0.005407 7.000000 0.046000
953.000000 -0.005394 -0.000699 0.032630 0.006189 7.000000 0.046000
954.000000 -0.005275 -0.000664 0.030901 0.006615 7.000000 0.046000
955.000000 -0.005117 -0.000665 0.029354 0.005045 7.000000 0.046000
956.000000 -0.004958 -0.000667 0.030490 0.002435 7.000000 0.046000
957.000000 -0.004839 -0.000631 0.029142 0.002922 7.000000 0.046000
958.000000 -0.004681 -0.000632 0.028456 0.003174 7.000000 0.046000
959.000000 -0.004523 -0.000634 0.030031 0.001494 7.000000 0.046000
960.000000 -0.004443 -0.000561 0.026980 0.004264 7.000000 0.046000
961.000000 -0.004324 -0.000525 0.023498 0.007491 7.000000 0.046000
962.000000 -0.004205 -0.000490 0.023648 0.007325 7.000000 0.046000
963.000000 -0.004085 -0.000454 0.023723 0.007243 7.000000 0.046000
964.000000 -0.003980 -0.000455 0.023100 0.005410 7.000000 0.046000
965.000000 -0.003874 -0.000455 0.022121 0.002686 7.000000 0.046000
966.000000 -0.003755 -0.000420 0.022282 0.003093 7.000000 0.046000
967.000000 -0.003650 -0.000420 0.022364 0.003303 7.000000 0.046000
968.000000 -0.003544 -0.000421 0.021746 0.001618 7.000000 0.046000
969.000000 -0.003504 -0.000311 0.018230 0.006173 7.000000 0.046000
970.000000 -0.003438 -0.000275 0.014510 0.010304 7.000000 0.046000
971.000000 -0.003332 -0.000276 0.015812 0.006998 7.000000 0.046000
972.000000 -0.003266 -0.000239 0.016475 0.005314 7.000000 0.046000
973.000000 -0.003213 -0.000240 0.014226 0.004472 7.000000 0.046000
974.000000 -0.003200 -0.000203 0.010492 0.004058 7.000000 0.046000
975.000000 -0.003094 -0.000204 0.011177 0.003833 7.000000 0.046000
976.000000 -0.003042 -0.000204 0.013455 0.001911 7.000000 0.046000
977.000000 -0.003028 -0.000167 0.010099 0.002754 7.000000 0.046000
978.000000 -0.003015 -0.000131 0.006459 0.004991 7.000000 0.046000
979.000000 -0.002988 -0.000058 0.005261 0.007926 7.000000 0.046000
980.000000 -0.002975 -0.000021 0.004650 0.009422 7.000000 0.046000
981.000000 -0.002922 -0.000021 0.005611 0.006581 7.000000 0.046000
982.000000 -0.002922 -0.000021 0.005445 0.003339 7.000000 0.046000
983.000000 -0.002922 -0.000021 0.002774 0.001701 7.000000 0.046000
984.000000 -0.002869 -0.000022 0.003999 0.000854 7.000000 0.046000
985.000000 -0.002869 -0.000022 0.004624 0.000421 7.000000 0.046000
986.000000 -0.002869 -0.000022 0.002356 0.000215 7.000000 0.046000
987.000000 -0.002869 -0.000022 0.001200 0.000109 7.000000 0.046000
988.000000 -0.002869 -0.000022 0.000612 0.000056 7.000000 0.046000
989.000000 -0.002869 -0.000022 0.000312 0.000028 7.000000 0.046000
990.000000 -0.002869 -0.000022 0.000159 0.000014 7.000000 0.046000
991.000000 -0.002869 -0.000022 0.000081 0.000007 7.000000 0.046000
992.000000 -0.002908 0.000015 -0.001888 0.001812 7.000000 0.046000
993.000000 -0.002987 0.000089 -0.006749 0.006349 7.000000 0.046000
994.000000 -0.003027 0.000126 -0.009226 0.008661 7.000000 0.046000
995.000000 -0.003066 0.000163 -0.008558 0.008031 7.000000 0.046000
996.000000 -0.003105 0.000200 -0.008217 0.007711 7.000000 0.046000
997.000000 -0.003145 0.000237 -0.008043 0.007547 7.000000 0.046000
998.000000 -0.003250 0.000237 -0.011195 0.005686 7.000000 0.046000
999.000000 -0.003329 0.000311 -0.014727 0.006550 7.000000 0.046000
1000.000000 -0.003434 0.000312 -0.016527 0.006992 7.000000 0.046000
1001.000000 -0.003526 0.000349 -0.018099 0.005424 7.000000 0.046000
1002.000000 -0.003631 0.000350 -0.018901 0.004628 7.000000 0.046000
1003.000000 -0.003776 0.000387 -0.021891 0.004243 7.000000 0.046000
1004.000000 -0.003868 0.000424 -0.022756 0.005842 7.000000 0.046000
1005.000000 -0.003934 0.000388 -0.019347 0.003034 7.000000 0.046000
1006.000000 -0.004053 0.000352 -0.018928 -0.001982 7.000000 0.046000
1007.000000 -0.004172 0.000317 -0.021301 -0.004516 7.000000 0.046000
1008.000000 -0.004303 0.000391 -0.023113 -0.000404 7.000000 0.046000
1009.000000 -0.004422 0.000355 -0.024038 0.001694 7.000000 0.046000
1010.000000 -0.004566 0.000393 -0.025167 0.000974 7.000000 0.046000
1011.000000 -0.004764 0.000432 -0.029587 0.004243 7.000000 0.046000
1012.000000 -0.004883 0.000396 -0.030579 0.002303 7.000000 0.046000
1013.000000 -0.005041 0.000397 -0.029162 -0.000496 7.000000 0.046000
1014.000000 -0.005160 0.000362 -0.028443 -0.001921 7.000000 0.046000
1015.000000 -0.005331 0.000327 -0.028741 -0.004433 7.000000 0.046000
1016.000000 -0.005476 0.000365 -0.030148 -0.002100 7.000000 0.046000
1017.000000 -0.005620 0.000403 -0.029536 0.002676 7.000000 0.046000
1018.000000 -0.005831 0.000405 -0.032472 0.003353 7.000000 0.046000
1019.000000 -0.005989 0.000407 -0.034632 0.001910 7.000000 0.046000
1020.000000 -0.006186 0.000446 -0.035064 0.002974 7.000000 0.046000
1021.000000 -0.006358 0.000411 -0.035954 0.001730 7.000000 0.046000
1022.000000 -0.006516 0.000413 -0.034489 -0.000720 7.000000 0.046000
1023.000000 -0.006688 0.000378 -0.033746 -0.001963 7.000000 0.046000
1024.000000 -0.006898 0.000381 -0.035951 -0.002557 7.000000 0.046000
1025.000000 -0.007109 0.000384 -0.038990 -0.001028 7.000000 0.046000
1026.000000 -0.007306 0.000423 -0.039866 0.001548 7.000000 0.046000
1027.000000 -0.007517 0.000426 -0.040313 0.002869 7.000000 0.046000
1028.000000 -0.007689 0.000391 -0.039299 -0.000068 7.000000 0.046000
1029.000000 -0.007939 0.000432 -0.040693 0.000273 7.000000 0.046000
1030.000000 -0.008188 0.000472 -0.045224 0.004111 7.000000 0.046000
1031.000000 -0.008374 0.000401 -0.044389 0.000629 7.000000 0.046000
1032.000000 -0.008585 0.000405 -0.042051 -0.002965 7.000000 0.046000
1033.000000 -0.008848 0.000409 -0.044682 -0.001126 7.000000 0.046000
1034.000000 -0.009059 0.000412 -0.046021 -0.000182 7.000000 0.046000
1035.000000 -0.009256 0.000452 -0.043441 0.002051 7.000000 0.046000
1036.000000 -0.009519 0.000457 -0.044710 0.003246 7.000000 0.046000
1037.000000 -0.009744 0.000424 -0.046713 0.000289 7.000000 0.046000
1038.000000 -0.010046 0.000466 -0.049636 0.000632 7.000000 0.046000
1039.000000 -0.010296 0.000507 -0.052348 0.004438 7.000000 0.046000
1040.000000 -0.010520 0.000475 -0.049925 0.002717 7.000000 0.046000
1041.000000 -0.010745 0.000443 -0.047470 -0.001772 7.000000 0.046000
1042.000000 -0.011008 0.000448 -0.048122 -0.002210 7.000000 0.046000
1043.000000 -0.011286 0.000417 -0.051043 -0.002368 7.000000 0.046000
1044.000000 -0.011574 0.000496 -0.053739 0.001190 7.000000 0.046000
1045.000000 -0.011837 0.000502 -0.054431 0.004800 7.000000 0.046000
1046.000000 -0.012140 0.000545 -0.055461 0.004872 7.000000 0.046000
1047.000000 -0.012417 0.000514 -0.056676 0.003139 7.000000 0.046000
1048.000000 -0.012680 0.000520 -0.055397 0.000426 7.000000 0.046000
1049.000000 -0.012944 0.000527 -0.054059 0.000839 7.000000 0.046000
1050.000000 -0.013235 0.000460 -0.054762 -0.002500 7.000000 0.046000
1051.000000 -0.013537 0.000504 -0.057009 -0.002340 7.000000 0.046000
1052.000000 -0.013815 0.000474 -0.057469 -0.000463 7.000000 0.046000
1053.000000 -0.014103 0.000555 -0.057001 0.002290 7.000000 0.046000
1054.000000 -0.014419 0.000563 -0.058656 0.005559 7.000000 0.046000
1055.000000 -0.014735 0.000572 -0.060882 0.003681 7.000000 0.046000
1056.000000 -0.015051 0.000580 -0.062016 0.002742 7.000000 0.046000
1057.000000 -0.015367 0.000589 -0.062594 0.002282 7.000000 0.046000
1058.000000 -0.015644 0.000560 -0.061006 0.000209 7.000000 0.046000
1059.000000 -0.015961 0.000569 -0.060196 -0.000829 7.000000 0.046000
1060.000000 -0.016277 0.000579 -0.061668 0.000514 7.000000 0.046000
1061.000000 -0.016607 0.000552 -0.063121 -0.000560 7.000000 0.046000
1062.000000 -0.016947 0.000636 -0.065033 0.002548 7.000000 0.046000
1063.000000 -0.017263 0.000645 -0.065308 0.005927 7.000000 0.046000
1064.000000 -0.017579 0.000655 -0.064266 0.004031 7.000000 0.046000
1065.000000 -0.017948 0.000667 -0.066318 0.003173 7.000000 0.046000
1066.000000 -0.018316 0.000679 -0.069946 0.002845 7.000000 0.046000
1067.000000 -0.018632 0.000690 -0.069211 0.002609 7.000000 0.046000
1068.000000 -0.018963 0.000665 -0.066965 0.000645 7.000000 0.046000
1069.000000 -0.019331 0.000678 -0.068403 -0.000241 7.000000 0.046000
1070.000000 -0.019662 0.000653 -0.069140 -0.000674 7.000000 0.046000
1071.000000 -0.020016 0.000702 -0.068799 0.000903 7.000000 0.046000
1072.000000 -0.020370 0.000752 -0.069780 0.005370 7.000000 0.046000
1073.000000 -0.020739 0.000766 -0.070990 0.005898 7.000000 0.046000
1074.000000 -0.021107 0.000780 -0.072319 0.004418 7.000000 0.046000
1075.000000 -0.021476 0.000794 -0.072995 0.003690 7.000000 0.046000
1076.000000 -0.021821 0.000734 -0.072200 -0.000306 7.000000 0.046000
1077.000000 -0.022190 0.000749 -0.071793 -0.002316 7.000000 0.046000
1078.000000 -0.022558 0.000764 -0.072732 0.000329 7.000000 0.046000
1079.000000 -0.022942 0.000743 -0.073933 -0.000066 7.000000 0.046000
1080.000000 -0.023296 0.000795 -0.073817 0.001524 7.000000 0.046000
1081.000000 -0.023664 0.000810 -0.073036 0.004128 7.000000 0.046000
1082.000000 -0.024085 0.000829 -0.075940 0.003830 7.000000 0.046000
1083.000000 -0.024454 0.000845 -0.077419 0.003702 7.000000 0.046000
1084.000000 -0.024875 0.000864 -0.078171 0.003671 7.000000 0.046000
1085.000000 -0.025221 0.000806 -0.077438 0.000022 7.000000 0.046000
1086.000000 -0.025642 0.000826 -0.077061 -0.001803 7.000000 0.046000
1087.000000 -0.026010 0.000843 -0.077992 0.000942 7.000000 0.046000
1088.000000 -0.026432 0.000863 -0.078465 0.002375 7.000000 0.046000
1089.000000 -0.026800 0.000881 -0.078703 0.003127 7.000000 0.046000
1090.000000 -0.027221 0.000902 -0.078823 0.003544 7.000000 0.046000
1091.000000 -0.027627 0.000959 -0.080723 0.005677 7.000000 0.046000
1092.000000 -0.028011 0.000942 -0.079851 0.004897 7.000000 0.046000
1093.000000 -0.028447 0.000927 -0.080885 0.001009 7.000000 0.046000
1094.000000 -0.028816 0.000946 -0.080672 0.000812 7.000000 0.046000
1095.000000 -0.029252 0.000933 -0.080569 0.000748 7.000000 0.046000
1096.000000 -0.029635 0.000917 -0.081261 -0.001021 7.000000 0.046000
1097.000000 -0.030057 0.000940 -0.080869 -0.000129 7.000000 0.046000
1098.000000 -0.030462 0.000999 -0.081754 0.004016 7.000000 0.046000
1099.000000 -0.030884 0.001022 -0.082204 0.006160 7.000000 0.046000
1100.000000 -0.031305 0.001046 -0.083176 0.005526 7.000000 0.046000
1101.000000 -0.031741 0.001034 -0.084425 0.003479 7.000000 0.046000
1102.000000 -0.032162 0.001059 -0.085058 0.002468 7.000000 0.046000
1103.000000 -0.032530 0.001081 -0.082049 0.003581 7.000000 0.046000
1104.000000 -0.032967 0.001070 -0.081272 0.002426 7.000000 0.046000
1105.000000 -0.033366 0.001021 -0.082393 -0.001647 7.000000 0.046000
1106.000000 -0.033809 0.001121 -0.083264 0.001738 7.000000 0.046000
1107.000000 -0.034230 0.001147 -0.084777 0.007163 7.000000 0.046000
1108.000000 -0.034613 0.001135 -0.082661 0.004367 7.000000 0.046000
1109.000000 -0.035087 0.001165 -0.084161 0.003148 7.000000 0.046000
1110.000000 -0.035508 0.001192 -0.086744 0.004475 7.000000 0.046000
1111.000000 -0.035929 0.001219 -0.085477 0.005017 7.000000 0.046000
1112.000000 -0.036313 0.001208 -0.083019 0.003396 7.000000 0.046000
1113.000000 -0.036749 0.001200 -0.082535 0.000854 7.000000 0.046000
1114.000000 -0.037170 0.001228 -0.084100 0.001514 7.000000 0.046000
1115.000000 -0.037575 0.001293 -0.083355 0.005379 7.000000 0.046000
1116.000000 -0.038012 0.001286 -0.083748 0.005634 7.000000 0.046000
1117.000000 -0.038470 0.001355 -0.086516 0.005981 7.000000 0.046000
1118.000000 -0.038927 0.001424 -0.088956 0.009874 7.000000 0.046000
1119.000000 -0.039348 0.001454 -0.088390 0.009958 7.000000 0.046000
1120.000000 -0.039785 0.001448 -0.087074 0.006356 7.000000 0.046000
1121.000000 -0.040169 0.001440 -0.084605 0.002610 7.000000 0.046000
1122.000000 -0.040605 0.001435 -0.083352 0.000738 7.000000 0.046000
1123.000000 -0.041026 0.001466 -0.084511 0.001750 7.000000 0.046000
1124.000000 -0.041447 0.001498 -0.084319 0.004043 7.000000 0.046000
1125.000000 -0.041904 0.001569 -0.086009 0.007188 7.000000 0.046000
1126.000000 -0.042361 0.001641 -0.088656 0.010770 7.000000 0.046000
1127.000000 -0.042798 0.001638 -0.088998 0.008944 7.000000 0.046000
1128.000000 -0.043218 0.001671 -0.087376 0.006101 7.000000 0.046000
1129.000000 -0.043655 0.001669 -0.086555 0.004687 7.000000 0.046000
1130.000000 -0.044075 0.001703 -0.086134 0.003997 7.000000 0.046000
1131.000000 -0.044512 0.001701 -0.085924 0.003681 7.000000 0.046000
1132.000000 -0.044985 0.001740 -0.088390 0.003770 7.000000 0.046000
1133.000000 -0.045390 0.001810 -0.088053 0.007320 7.000000 0.046000
1134.000000 -0.045846 0.001885 -0.087077 0.010907 7.000000 0.046000
1135.000000 -0.046267 0.001920 -0.087373 0.011026 7.000000 0.046000
1136.000000 -0.046740 0.001960 -0.088315 0.009392 7.000000 0.046000
1137.000000 -0.047160 0.001996 -0.088794 0.008589 7.000000 0.046000
1138.000000 -0.047597 0.001997 -0.087264 0.006258 7.000000 0.046000
1139.000000 -0.048033 0.001999 -0.087289 0.003368 7.000000 0.046000
1140.000000 -0.048506 0.002040 -0.089073 0.003898 7.000000 0.046000
1141.000000 -0.048962 0.002118 -0.090940 0.007900 7.000000 0.046000
1142.000000 -0.049402 0.002231 -0.090265 0.013441 7.000000 0.046000
1143.000000 -0.049839 0.002234 -0.088962 0.012600 7.000000 0.046000
1144.000000 -0.050275 0.002237 -0.088148 0.006776 7.000000 0.046000
1145.000000 -0.050732 0.002315 -0.088681 0.007544 7.000000 0.046000
1146.000000 -0.051152 0.002355 -0.088141 0.009697 7.000000 0.046000
1147.000000 -0.051605 0.002323 -0.087735 0.005401 7.000000 0.046000
1148.000000 -0.052061 0.002403 -0.089278 0.005222 7.000000 0.046000
1149.000000 -0.052533 0.002449 -0.091008 0.008873 7.000000 0.046000
1150.000000 -0.052953 0.002489 -0.090127 0.008789 7.000000 0.046000
1151.000000 -0.053373 0.002530 -0.087100 0.008528 7.000000 0.046000
1152.000000 -0.053845 0.002576 -0.088128 0.008687 7.000000 0.046000
1153.000000 -0.054265 0.002617 -0.088649 0.008798 7.000000 0.046000
1154.000000 -0.054738 0.002664 -0.088910 0.008897 7.000000 0.046000
1155.000000 -0.055210 0.002712 -0.091613 0.009244 7.000000 0.046000
1156.000000 -0.055630 0.002754 -0.090413 0.009192 7.000000 0.046000
1157.000000 -0.056102 0.002803 -0.089798 0.009207 7.000000 0.046000
1158.000000 -0.056538 0.002811 -0.090316 0.007525 7.000000 0.046000
1159.000000 -0.056975 0.002819 -0.088838 0.004715 7.000000 0.046000
1160.000000 -0.057413 0.002939 -0.088149 0.008748 7.000000 0.046000
1161.000000 -0.057885 0.002988 -0.089536 0.012834 7.000000 0.046000
1162.000000 -0.058322 0.002998 -0.090172 0.009518 7.000000 0.046000
1163.000000 -0.058794 0.003048 -0.090491 0.007870 7.000000 0.046000
1164.000000 -0.059249 0.003134 -0.091543 0.010780 7.000000 0.046000
1165.000000 -0.059685 0.003145 -0.090349 0.010300 7.000000 0.046000
1166.000000 -0.060139 0.003121 -0.089695 0.004662 7.000000 0.046000
1167.000000 -0.060558 0.003167 -0.088517 0.003535 7.000000 0.046000
1168.000000 -0.061030 0.003220 -0.088801 0.006718 7.000000 0.046000
1169.000000 -0.061449 0.003267 -0.088941 0.008369 7.000000 0.046000
1170.000000 -0.061921 0.003320 -0.089007 0.009252 7.000000 0.046000
1171.000000 -0.062376 0.003408 -0.090753 0.011743 7.000000 0.046000
1172.000000 -0.062847 0.003462 -0.091638 0.013054 7.000000 0.046000
1173.000000 -0.063319 0.003517 -0.092933 0.012050 7.000000 0.046000
1174.000000 -0.063720 0.003490 -0.090166 0.007546 7.000000 0.046000
1175.000000 -0.064192 0.003545 -0.088750 0.005294 7.000000 0.046000
1176.000000 -0.064663 0.003601 -0.091457 0.008209 7.000000 0.046000
1177.000000 -0.065100 0.003615 -0.091125 0.007714 7.000000 0.046000
1178.000000 -0.065554 0.003707 -0.090086 0.009209 7.000000 0.046000
1179.000000 -0.066060 0.003805 -0.092966 0.014049 7.000000 0.046000
1180.000000 -0.066531 0.003862 -0.095287 0.014849 7.000000 0.046000
1181.000000 -0.066968 0.003878 -0.093058 0.011251 7.000000 0.046000
1182.000000 -0.067439 0.003936 -0.091917 0.009459 7.000000 0.046000
1183.000000 -0.067875 0.003953 -0.091340 0.008578 7.000000 0.046000
1184.000000 -0.068364 0.003977 -0.091912 0.006470 7.000000 0.046000
1185.000000 -0.068817 0.004071 -0.093025 0.009159 7.000000 0.046000
1186.000000 -0.069288 0.004131 -0.092720 0.012273 7.000000 0.046000
1187.000000 -0.069759 0.004191 -0.093427 0.012198 7.000000 0.046000
1188.000000 -0.070230 0.004251 -0.093782 0.012199 7.000000 0.046000
1189.000000 -0.070701 0.004312 -0.093958 0.012240 7.000000 0.046000
1190.000000 -0.071207 0.004415 -0.095726 0.014340 7.000000 0.046000
1191.000000 -0.071695 0.004442 -0.097504 0.013755 7.000000 0.046000
1192.000000 -0.072132 0.004462 -0.095036 0.009419 7.000000 0.046000
1193.000000 -0.072654 0.004532 -0.095458 0.009298 7.000000 0.046000
1194.000000 -0.073125 0.004595 -0.097354 0.011312 7.000000 0.046000
1195.000000 -0.073614 0.004623 -0.096638 0.010343 7.000000 0.046000
1196.000000 -0.074066 0.004722 -0.095376 0.011579 7.000000 0.046000
1197.000000 -0.074589 0.004793 -0.096407 0.014302 7.000000 0.046000
1198.000000 -0.075112 0.004865 -0.100373 0.014397 7.000000 0.046000
1199.000000 -0.075582 0.004930 -0.099826 0.014131 7.000000 0.046000
1200.000000 -0.076105 0.005002 -0.099540 0.014047 7.000000 0.046000
1201.000000 -0.076593 0.005034 -0.100287 0.012355 7.000000 0.046000
1202.000000 -0.077081 0.005066 -0.098999 0.009486 7.000000 0.046000
1203.000000 -0.077604 0.005140 -0.100003 0.010126 7.000000 0.046000
1204.000000 -0.078126 0.005214 -0.102175 0.012554 7.000000 0.046000
1205.000000 -0.078648 0.005290 -0.103273 0.013842 7.000000 0.046000
1206.000000 -0.079152 0.005400 -0.102918 0.016230 7.000000 0.046000
1207.000000 -0.079693 0.005441 -0.103638 0.015815 7.000000 0.046000
1208.000000 -0.080215 0.005518 -0.104899 0.013967 7.000000 0.046000
1209.000000 -0.080737 0.005595 -0.104631 0.014759 7.000000 0.046000
1210.000000 -0.081243 0.005596 -0.103755 0.011463 7.000000 0.046000
1211.000000 -0.081784 0.005640 -0.104214 0.008156 7.000000 0.046000
1212.000000 -0.082306 0.005719 -0.105184 0.010266 7.000000 0.046000
1213.000000 -0.082861 0.005840 -0.106398 0.015145 7.000000 0.046000
1214.000000 -0.083401 0.005886 -0.107929 0.016005 7.000000 0.046000
1215.000000 -0.083923 0.005966 -0.107054 0.014421 7.000000 0.046000
1216.000000 -0.084497 0.006055 -0.108242 0.015748 7.000000 0.046000
1217.000000 -0.085070 0.006144 -0.111395 0.016881 7.000000 0.046000
1218.000000 -0.085610 0.006192 -0.111364 0.015435 7.000000 0.046000
1219.000000 -0.086151 0.006240 -0.109712 0.012675 7.000000 0.046000
1220.000000 -0.086724 0.006331 -0.110494 0.013407 7.000000 0.046000
1221.000000 -0.087264 0.006380 -0.110893 0.013831 7.000000 0.046000
1222.000000 -0.087837 0.006473 -0.111085 0.014108 7.000000 0.046000
1223.000000 -0.088410 0.006566 -0.112801 0.016393 7.000000 0.046000
1224.000000 -0.088950 0.006617 -0.112049 0.015523 7.000000 0.046000
1225.000000 -0.089576 0.006719 -0.114208 0.015572 7.000000 0.046000
1226.000000 -0.090148 0.006814 -0.116919 0.017744 7.000000 0.046000
1227.000000 -0.090707 0.006833 -0.115072 0.014727 7.000000 0.046000
1228.000000 -0.091266 0.006852 -0.113456 0.009488 7.000000 0.046000
1229.000000 -0.091839 0.006949 -0.113299 0.010636 7.000000 0.046000
1230.000000 -0.092431 0.007012 -0.114831 0.013380 7.000000 0.046000
1231.000000 -0.093036 0.007153 -0.117197 0.016943 7.000000 0.046000
1232.000000 -0.093609 0.007251 -0.117449 0.020479 7.000000 0.046000
1233.000000 -0.094168 0.007273 -0.115318 0.016474 7.000000 0.046000
1234.000000 -0.094792 0.007382 -0.116770 0.014950 7.000000 0.046000
1235.000000 -0.095384 0.007449 -0.119112 0.016339 7.000000 0.046000
1236.000000 -0.095943 0.007473 -0.117113 0.012892 7.000000 0.046000
1237.000000 -0.096567 0.007583 -0.117677 0.013316 7.000000 0.046000
1238.000000 -0.097158 0.007652 -0.119559 0.015703 7.000000 0.046000
1239.000000 -0.097769 0.007687 -0.119886 0.013224 7.000000 0.046000
1240.000000 -0.098322 0.007824 -0.118112 0.015318 7.000000 0.046000
1241.000000 -0.098933 0.007861 -0.117217 0.016455 7.000000 0.046000
1242.000000 -0.099556 0.007975 -0.120255 0.015920 7.000000 0.046000
1243.000000 -0.100180 0.008090 -0.122409 0.019486 7.000000 0.046000
1244.000000 -0.100791 0.008129 -0.122899 0.017603 7.000000 0.046000
1245.000000 -0.101350 0.008159 -0.119996 0.012456 7.000000 0.046000
1246.000000 -0.101941 0.008232 -0.117544 0.011544 7.000000 0.046000
1247.000000 -0.102584 0.008316 -0.120411 0.013759 7.000000 0.046000
1248.000000 -0.103175 0.008391 -0.121867 0.014949 7.000000 0.046000
1249.000000 -0.103798 0.008510 -0.121616 0.017271 7.000000 0.046000
1250.000000 -0.104409 0.008553 -0.122473 0.016880 7.000000 0.046000
1251.000000 -0.105000 0.008630 -0.121338 0.014612 7.000000 0.046000
1252.000000 -0.105643 0.008718 -0.122319 0.015667 7.000000 0.046000
1253.000000 -0.106234 0.008796 -0.122814 0.016265 7.000000 0.046000
1254.000000 -0.106845 0.008842 -0.121512 0.014503 7.000000 0.046000
1255.000000 -0.107456 0.008888 -0.121841 0.012037 7.000000 0.046000
1256.000000 -0.108067 0.008935 -0.122014 0.010849 7.000000 0.046000
1257.000000 -0.108710 0.009027 -0.123646 0.012462 7.000000 0.046000
1258.000000 -0.109280 0.009142 -0.122474 0.016602 7.000000 0.046000
1259.000000 -0.109943 0.009201 -0.122876 0.017166 7.000000 0.046000
1260.000000 -0.110565 0.009328 -0.125604 0.018038 7.000000 0.046000
1261.000000 -0.111176 0.009379 -0.124459 0.018031 7.000000 0.046000
1262.000000 -0.111787 0.009430 -0.123341 0.014319 7.000000 0.046000
1263.000000 -0.112398 0.009482 -0.122776 0.012495 7.000000 0.046000
1264.000000 -0.113009 0.009535 -0.122492 0.011633 7.000000 0.046000
1265.000000 -0.113651 0.009632 -0.123871 0.013426 7.000000 0.046000
1266.000000 -0.114263 0.009686 -0.124578 0.014406 7.000000 0.046000
1267.000000 -0.114853 0.009774 -0.122390 0.014431 7.000000 0.046000
1268.000000 -0.115464 0.009829 -0.121279 0.014512 7.000000 0.046000
1269.000000 -0.116096 0.009852 -0.122757 0.011390 7.000000 0.046000
1270.000000 -0.116717 0.009986 -0.123994 0.013650 7.000000 0.046000
1271.000000 -0.117328 0.010044 -0.123610 0.016485 7.000000 0.046000
1272.000000 -0.117909 0.010058 -0.121414 0.012043 7.000000 0.046000
1273.000000 -0.118520 0.010117 -0.120297 0.009849 7.000000 0.046000
1274.000000 -0.119152 0.010143 -0.122280 0.009362 7.000000 0.046000
1275.000000 -0.119742 0.010237 -0.122252 0.010787 7.000000 0.046000
1276.000000 -0.120333 0.010330 -0.120171 0.014795 7.000000 0.046000
1277.000000 -0.120944 0.010392 -0.120144 0.015297 7.000000 0.046000
1278.000000 -0.121555 0.010454 -0.121165 0.014014 7.000000 0.046000
1279.000000 -0.122136 0.010473 -0.120198 0.011245 7.000000 0.046000
1280.000000 -0.122747 0.010537 -0.119706 0.009903 7.000000 0.046000
1281.000000 -0.123307 0.010589 -0.118419 0.010877 7.000000 0.046000
1282.000000 -0.123888 0.010610 -0.116280 0.009254 7.000000 0.046000
1283.000000 -0.124499 0.010676 -0.117726 0.009079 7.000000 0.046000
1284.000000 -0.125110 0.010742 -0.119954 0.011244 7.000000 0.046000
1285.000000 -0.125670 0.010797 -0.118555 0.011814 7.000000 0.046000
1286.000000 -0.126230 0.010853 -0.115309 0.011570 7.000000 0.046000
1287.000000 -0.126841 0.010921 -0.116191 0.012109 7.000000 0.046000
1288.000000 -0.127401 0.010978 -0.116642 0.012438 7.000000 0.046000
1289.000000 -0.128013 0.011048 -0.116872 0.012678 7.000000 0.046000
1290.000000 -0.128542 0.011061 -0.115526 0.010654 7.000000 0.046000
1291.000000 -0.129072 0.011075 -0.110841 0.006875 7.000000 0.046000
1292.000000 -0.129654 0.011102 -0.110999 0.005619 7.000000 0.046000
1293.000000 -0.130214 0.011162 -0.112551 0.007234 7.000000 0.046000
1294.000000 -0.130752 0.011254 -0.111204 0.011281 7.000000 0.046000
1295.000000 -0.131334 0.011283 -0.111594 0.011823 7.000000 0.046000
1296.000000 -0.131894 0.011345 -0.112861 0.010571 7.000000 0.046000
1297.000000 -0.132454 0.011407 -0.112438 0.011574 7.000000 0.046000
1298.000000 -0.132985 0.011425 -0.110774 0.009931 7.000000 0.046000
1299.000000 -0.133493 0.011475 -0.107395 0.008514 7.000000 0.046000
1300.000000 -0.134046 0.011462 -0.106769 0.006271 7.000000 0.046000
1301.000000 -0.134606 0.011526 -0.108981 0.005816 7.000000 0.046000
1302.000000 -0.135144 0.011624 -0.109394 0.011000 7.000000 0.046000
1303.000000 -0.135653 0.011676 -0.107076 0.013052 7.000000 0.046000
1304.000000 -0.136183 0.011697 -0.105538 0.010363 7.000000 0.046000
1305.000000 -0.136714 0.011719 -0.105849 0.007472 7.000000 0.046000
1306.000000 -0.137252 0.011818 -0.106358 0.009838 7.000000 0.046000
1307.000000 -0.137761 0.011873 -0.105532 0.012662 7.000000 0.046000
1308.000000 -0.138263 0.011850 -0.103338 0.008142 7.000000 0.046000
1309.000000 -0.138794 0.011874 -0.103321 0.004324 7.000000 0.046000
1310.000000 -0.139303 0.011930 -0.103657 0.006212 7.000000 0.046000
1311.000000 -0.139812 0.011987 -0.102735 0.008788 7.000000 0.046000
1312.000000 -0.140292 0.011998 -0.100842 0.007920 7.000000 0.046000
1313.000000 -0.140801 0.012056 -0.099878 0.007525 7.000000 0.046000
1314.000000 -0.141310 0.012114 -0.100817 0.009596 7.000000 0.046000
1315.000000 -0.141790 0.012127 -0.099879 0.008467 7.000000 0.046000
1316.000000 -0.142299 0.012186 -0.099401 0.007941 7.000000 0.046000
1317.000000 -0.142779 0.012200 -0.099168 0.007714 7.000000 0.046000
1318.000000 -0.143259 0.012214 -0.097636 0.005413 7.000000 0.046000
1319.000000 -0.143739 0.012229 -0.096865 0.004282 7.000000 0.046000
1320.000000 -0.144197 0.012276 -0.095364 0.005299 7.000000 0.046000
1321.000000 -0.144684 0.012369 -0.094898 0.009648 7.000000 0.046000
1322.000000 -0.145164 0.012385 -0.095784 0.010353 7.000000 0.046000
1323.000000 -0.145645 0.012402 -0.095943 0.006969 7.000000 0.046000
1324.000000 -0.146103 0.012451 -0.094911 0.006833 7.000000 0.046000
1325.000000 -0.146589 0.012545 -0.094671 0.010595 7.000000 0.046000
1326.000000 -0.147013 0.012472 -0.092879 0.006519 7.000000 0.046000
1327.000000 -0.147471 0.012522 -0.090557 0.002242 7.000000 0.046000
1328.000000 -0.147900 0.012526 -0.089670 0.003883 7.000000 0.046000
1329.000000 -0.148358 0.012577 -0.089217 0.004758 7.000000 0.046000
1330.000000 -0.148816 0.012628 -0.090390 0.007484 7.000000 0.046000
1331.000000 -0.149246 0.012633 -0.089597 0.006664 7.000000 0.046000
1332.000000 -0.149704 0.012685 -0.089194 0.006286 7.000000 0.046000
1333.000000 -0.150162 0.012737 -0.090387 0.008377 7.000000 0.046000
1334.000000 -0.150592 0.012744 -0.089609 0.007230 7.000000 0.046000
1335.000000 -0.150993 0.012705 -0.086442 0.002181 7.000000 0.046000
1336.000000 -0.151423 0.012713 -0.084837 -0.000356 7.000000 0.046000
1337.000000 -0.151853 0.012721 -0.085419 0.000634 7.000000 0.046000
1338.000000 -0.152260 0.012760 -0.084579 0.002704 7.000000 0.046000
1339.000000 -0.152690 0.012768 -0.084161 0.003795 7.000000 0.046000
1340.000000 -0.153097 0.012808 -0.083948 0.004380 7.000000 0.046000
1341.000000 -0.153556 0.012864 -0.085226 0.006971 7.000000 0.046000
1342.000000 -0.153986 0.012873 -0.087028 0.006794 7.000000 0.046000
1343.000000 -0.154417 0.012883 -0.086573 0.004485 7.000000 0.046000
1344.000000 -0.154768 0.012832 -0.082452 0.000347 7.000000 0.046000
1345.000000 -0.155199 0.012843 -0.080360 -0.001724 7.000000 0.046000
1346.000000 -0.155601 0.012808 -0.081835 -0.002020 7.000000 0.046000
1347.000000 -0.155985 0.012881 -0.080281 0.000907 7.000000 0.046000
1348.000000 -0.156365 0.012878 -0.078349 0.003952 7.000000 0.046000
1349.000000 -0.156796 0.012890 -0.079675 0.002489 7.000000 0.046000
1350.000000 -0.157227 0.012902 -0.082884 0.002517 7.000000 0.046000
1351.000000 -0.157606 0.012899 -0.082003 0.001819 7.000000 0.046000
1352.000000 -0.157986 0.012897 -0.079036 0.000749 7.000000 0.046000
1353.000000 -0.158389 0.012864 -0.078697 -0.001285 7.000000 0.046000
1354.000000 -0.158769 0.012862 -0.078532 -0.002295 7.000000 0.046000
1355.000000 -0.159173 0.012830 -0.078463 -0.002776 7.000000 0.046000
1356.000000 -0.159553 0.012829 -0.078434 -0.002996 7.000000 0.046000
1357.000000 -0.159933 0.012828 -0.077264 -0.001564 7.000000 0.046000
1358.000000 -0.160314 0.012828 -0.076676 -0.000807 7.000000 0.046000
1359.000000 -0.160745 0.012843 -0.078909 0.000369 7.000000 0.046000
1360.000000 -0.161126 0.012843 -0.080054 0.000994 7.000000 0.046000
1361.000000 -0.161479 0.012797 -0.076769 -0.001690 7.000000 0.046000
1362.000000 -0.161883 0.012767 -0.076279 -0.004536 7.000000 0.046000
1363.000000 -0.162264 0.012768 -0.077391 -0.003689 7.000000 0.046000
1364.000000 -0.162669 0.012738 -0.077972 -0.003224 7.000000 0.046000
1365.000000 -0.162974 0.012755 -0.074568 -0.002232 7.000000 0.046000
1366.000000 -0.163379 0.012726 -0.072848 -0.001692 7.000000 0.046000
1367.000000 -0.163760 0.012728 -0.075681 -0.002128 7.000000 0.046000
1368.000000 -0.164141 0.012730 -0.075954 -0.000817 7.000000 0.046000
1369.000000 -0.164547 0.012702 -0.077286 -0.001620 7.000000 0.046000
1370.000000 -0.164873 0.012612 -0.075292 -0.006562 7.000000 0.046000
1371.000000 -0.165279 0.012584 -0.074290 -0.009046 7.000000 0.046000
1372.000000 -0.165633 0.012541 -0.075135 -0.008011 7.000000 0.046000
1373.000000 -0.166014 0.012545 -0.074388 -0.005956 7.000000 0.046000
1374.000000 -0.166372 0.012579 -0.074163 -0.001109 7.000000 0.046000
1375.000000 -0.166726 0.012537 -0.072722 -0.000895 7.000000 0.046000
1376.000000 -0.167133 0.012511 -0.074377 -0.003745 7.000000 0.046000
1377.000000 -0.167512 0.012439 -0.076430 -0.006663 7.000000 0.046000
1378.000000 -0.167867 0.012398 -0.074960 -0.008913 7.000000 0.046000
1379.000000 -0.168222 0.012356 -0.073032 -0.008542 7.000000 0.046000
1380.000000 -0.168601 0.012285 -0.073262 -0.009815 7.000000 0.046000
1381.000000 -0.168956 0.012244 -0.073390 -0.010440 7.000000 0.046000
1382.000000 -0.169312 0.012204 -0.072272 -0.009243 7.000000 0.046000
1383.000000 -0.169670 0.012241 -0.071835 -0.004837 7.000000 0.046000
1384.000000 -0.170050 0.012171 -0.072830 -0.004049 7.000000 0.046000
1385.000000 -0.170433 0.012178 -0.074542 -0.005107 7.000000 0.046000
1386.000000 -0.170789 0.012138 -0.074227 -0.004136 7.000000 0.046000
1387.000000 -0.171169 0.012069 -0.073962 -0.007383 7.000000 0.046000
1388.000000 -0.171498 0.011983 -0.072519 -0.011305 7.000000 0.046000
1389.000000 -0.171855 0.011945 -0.070590 -0.011795 7.000000 0.046000
1390.000000 -0.172236 0.011876 -0.072155 -0.011207 7.000000 0.046000
1391.000000 -0.172590 0.011761 -0.072862 -0.014651 7.000000 0.046000
1392.000000 -0.172922 0.011754 -0.070807 -0.013427 7.000000 0.046000
1393.000000 -0.173279 0.011716 -0.069882 -0.009009 7.000000 0.046000
1394.000000 -0.173687 0.011695 -0.073165 -0.007387 7.000000 0.046000
1395.000000 -0.174018 0.011612 -0.073537 -0.008832 7.000000 0.046000
1396.000000 -0.174375 0.011575 -0.071206 -0.010360 7.000000 0.046000
1397.000000 -0.174730 0.011462 -0.071259 -0.012586 7.000000 0.046000
1398.000000 -0.175086 0.011348 -0.071210 -0.017459 7.000000 0.046000
1399.000000 -0.175444 0.011313 -0.071291 -0.016151 7.000000 0.046000
1400.000000 -0.175826 0.011247 -0.072663 -0.013158 7.000000 0.046000
1401.000000 -0.176184 0.011211 -0.073372 -0.011609 7.000000 0.046000
1402.000000 -0.176516 0.011129 -0.071217 -0.011625 7.000000 0.046000
1403.000000 -0.176899 0.011065 -0.071359 -0.013071 7.000000 0.046000
1404.000000 -0.177255 0.010953 -0.072680 -0.015246 7.000000 0.046000
1405.000000 -0.177614 0.010919 -0.072136 -0.014864 7.000000 0.046000
1406.000000 -0.177944 0.010761 -0.070581 -0.016943 7.000000 0.046000
1407.000000 -0.178328 0.010697 -0.071033 -0.019435 7.000000 0.046000
1408.000000 -0.178686 0.010587 -0.072591 -0.018377 7.000000 0.046000
1409.000000 -0.179020 0.010583 -0.070923 -0.014898 7.000000 0.046000
1410.000000 -0.179378 0.010474 -0.070097 -0.013097 7.000000 0.046000
1411.000000 -0.179736 0.010364 -0.070864 -0.017370 7.000000 0.046000
1412.000000 -0.180121 0.010302 -0.072573 -0.017214 7.000000 0.046000
1413.000000 -0.180480 0.010270 -0.073516 -0.013351 7.000000 0.046000
1414.000000 -0.180864 0.010131 -0.073966 -0.015106 7.000000 0.046000
1415.000000 -0.181198 0.010053 -0.072911 -0.018284 7.000000 0.046000
1416.000000 -0.181557 0.009945 -0.071154 -0.018421 7.000000 0.046000
1417.000000 -0.181968 0.009854 -0.074064 -0.019053 7.000000 0.046000
1418.000000 -0.182302 0.009776 -0.074316 -0.017904 7.000000 0.046000
1419.000000 -0.182636 0.009699 -0.070674 -0.016703 7.000000 0.046000
1420.000000 -0.183022 0.009562 -0.071340 -0.018954 7.000000 0.046000
1421.000000 -0.183408 0.009503 -0.074236 -0.019210 7.000000 0.046000
1422.000000 -0.183769 0.009473 -0.074513 -0.014117 7.000000 0.046000
1423.000000 -0.184155 0.009337 -0.074644 -0.015240 7.000000 0.046000
1424.000000 -0.184516 0.009231 -0.074694 -0.019537 7.000000 0.046000
1425.000000 -0.184877 0.009126 -0.073487 -0.020256 7.000000 0.046000
1426.000000 -0.185238 0.009021 -0.072892 -0.020595 7.000000 0.046000
1427.000000 -0.185600 0.008992 -0.072628 -0.016993 7.000000 0.046000
1428.000000 -0.185961 0.008888 -0.072515 -0.015130 7.000000 0.046000
1429.000000 -0.186349 0.008830 -0.073732 -0.015587 7.000000 0.046000
1430.000000 -0.186737 0.008774 -0.075652 -0.013477 7.000000 0.046000
1431.000000 -0.187125 0.008717 -0.076647 -0.012371 7.000000 0.046000
1432.000000 -0.187488 0.008614 -0.075894 -0.014093 7.000000 0.046000
1433.000000 -0.187824 0.008463 -0.072974 -0.019572 7.000000 0.046000
1434.000000 -0.188187 0.008360 -0.071507 -0.022335 7.000000 0.046000
1435.000000 -0.188550 0.008334 -0.072059 -0.017660 7.000000 0.046000
1436.000000 -0.188887 0.008261 -0.071086 -0.013826 7.000000 0.046000
1437.000000 -0.189276 0.008206 -0.071876 -0.013269 7.000000 0.046000
1438.000000 -0.189640 0.008104 -0.073571 -0.014383 7.000000 0.046000
1439.000000 -0.190003 0.008079 -0.073171 -0.013500 7.000000 0.046000
1440.000000 -0.190393 0.008025 -0.074258 -0.010701 7.000000 0.046000
1441.000000 -0.190731 0.007877 -0.073568 -0.015309 7.000000 0.046000
1442.000000 -0.191095 0.007852 -0.071948 -0.016209 7.000000 0.046000
1443.000000 -0.191486 0.007799 -0.073682 -0.011998 7.000000 0.046000
1444.000000 -0.191850 0.007699 -0.074595 -0.013564 7.000000 0.046000
1445.000000 -0.192189 0.007705 -0.072502 -0.011505 7.000000 0.046000
1446.000000 -0.192527 0.007634 -0.070170 -0.009016 7.000000 0.046000
1447.000000 -0.192892 0.007535 -0.070301 -0.012872 7.000000 0.046000
1448.000000 -0.193257 0.007512 -0.071643 -0.012490 7.000000 0.046000
1449.000000 -0.193622 0.007489 -0.072318 -0.008532 7.000000 0.046000
1450.000000 -0.193936 0.007372 -0.070153 -0.011141 7.000000 0.046000
1451.000000 -0.194327 0.007322 -0.070354 -0.013849 7.000000 0.046000
1452.000000 -0.194641 0.007281 -0.070438 -0.011479 7.000000 0.046000
1453.000000 -0.195006 0.007260 -0.069201 -0.008834 7.000000 0.046000
1454.000000 -0.195320 0.007220 -0.068580 -0.007469 7.000000 0.046000
1455.000000 -0.195633 0.007180 -0.065721 -0.007673 7.000000 0.046000
1456.000000 -0.195999 0.007159 -0.066827 -0.006830 7.000000 0.046000
1457.000000 -0.196365 0.007139 -0.069953 -0.005453 7.000000 0.046000
1458.000000 -0.196705 0.007147 -0.070255 -0.003325 7.000000 0.046000
1459.000000 -0.196993 0.007061 -0.066617 -0.005477 7.000000 0.046000
1460.000000 -0.197334 0.006994 -0.064822 -0.010279 7.000000 0.046000
1461.000000 -0.197674 0.007003 -0.066419 -0.008048 7.000000 0.046000
1462.000000 -0.198015 0.006936 -0.067249 -0.006886 7.000000 0.046000
1463.000000 -0.198276 0.006955 -0.063814 -0.005817 7.000000 0.046000
1464.000000 -0.198590 0.006917 -0.060774 -0.003854 7.000000 0.046000
1465.000000 -0.198905 0.006879 -0.061841 -0.005629 7.000000 0.046000
1466.000000 -0.199245 0.006889 -0.063639 -0.004179 7.000000 0.046000
1467.000000 -0.199560 0.006852 -0.064566 -0.003421 7.000000 0.046000
1468.000000 -0.199823 0.006796 -0.061247 -0.006292 7.000000 0.046000
1469.000000 -0.200138 0.006759 -0.059566 -0.007734 7.000000 0.046000
1470.000000 -0.200453 0.006722 -0.061274 -0.007508 7.000000 0.046000
1471.000000 -0.200767 0.006762 -0.062079 -0.003651 7.000000 0.046000
1472.000000 -0.201029 0.006782 -0.059868 0.001105 7.000000 0.046000
1473.000000 -0.201318 0.006774 -0.057505 0.001211 7.000000 0.046000
1474.000000 -0.201633 0.006738 -0.058936 -0.001492 7.000000 0.046000
1475.000000 -0.201947 0.006778 -0.060907 -0.000516 7.000000 0.046000
1476.000000 -0.202211 0.006724 -0.059369 -0.000954 7.000000 0.046000
1477.000000 -0.202447 0.006697 -0.054797 -0.004455 7.000000 0.046000
1478.000000 -0.202736 0.006690 -0.053711 -0.003885 7.000000 0.046000
1479.000000 -0.203000 0.006636 -0.054485 -0.004965 7.000000 0.046000
1480.000000 -0.203289 0.006629 -0.054885 -0.005499 7.000000 0.046000
1481.000000 -0.203524 0.006679 -0.053683 -0.000660 7.000000 0.046000
1482.000000 -0.203761 0.006653 -0.050522 0.000860 7.000000 0.046000
1483.000000 -0.204024 0.006675 -0.050233 0.000265 7.000000 0.046000
1484.000000 -0.204313 0.006669 -0.052648 0.000939 7.000000 0.046000
1485.000000 -0.204575 0.006691 -0.053879 0.001295 7.000000 0.046000
1486.000000 -0.204787 0.006618 -0.050731 -0.001817 7.000000 0.046000
1487.000000 -0.205025 0.006592 -0.047901 -0.005732 7.000000 0.046000
1488.000000 -0.205260 0.006643 -0.047593 -0.001659 7.000000 0.046000
1489.000000 -0.205497 0.006618 -0.047442 0.000428 7.000000 0.046000
1490.000000 -0.205708 0.006621 -0.046138 -0.000843 7.000000 0.046000
1491.000000 -0.205943 0.006672 -0.045374 0.002236 7.000000 0.046000
1492.000000 -0.206179 0.006723 -0.046210 0.006157 7.000000 0.046000
1493.000000 -0.206389 0.006726 -0.045413 0.005821 7.000000 0.046000
1494.000000 -0.206600 0.006729 -0.043784 0.003314 7.000000 0.046000
1495.000000 -0.206785 0.006685 -0.041735 -0.000300 7.000000 0.046000
1496.000000 -0.206998 0.006613 -0.040806 -0.005847 7.000000 0.046000
1497.000000 -0.207208 0.006617 -0.041558 -0.006321 7.000000 0.046000
1498.000000 -0.207392 0.006648 -0.040501 -0.001472 7.000000 0.046000
1499.000000 -0.207550 0.006632 -0.037410 0.000028 7.000000 0.046000
1500.000000 -0.207734 0.006664 -0.035834 0.000798 7.000000 0.046000
1501.000000 -0.207917 0.006696 -0.036253 0.003542 7.000000 0.046000
1502.000000 -0.208101 0.006728 -0.036466 0.004946 7.000000 0.046000
1503.000000 -0.208259 0.006712 -0.035357 0.003320 7.000000 0.046000
1504.000000 -0.208418 0.006696 -0.033575 0.000150 7.000000 0.046000
1505.000000 -0.208604 0.006653 -0.034009 -0.002824 7.000000 0.046000
1506.000000 -0.208763 0.006637 -0.034231 -0.004335 7.000000 0.046000
1507.000000 -0.208919 0.006697 -0.032888 -0.000023 7.000000 0.046000
1508.000000 -0.209023 0.006737 -0.029527 0.004906 7.000000 0.046000
1509.000000 -0.209182 0.006722 -0.027938 0.003709 7.000000 0.046000
1510.000000 -0.209338 0.006782 -0.029680 0.004087 7.000000 0.046000
1511.000000 -0.209470 0.006794 -0.029231 0.005647 7.000000 0.046000
1512.000000 -0.209603 0.006731 -0.027914 0.000385 7.000000 0.046000
1513.000000 -0.209710 0.006695 -0.026030 -0.004642 7.000000 0.046000
1514.000000 -0.209842 0.006708 -0.024946 -0.003489 7.000000 0.046000
1515.000000 -0.209973 0.006720 -0.025609 -0.000549 7.000000 0.046000
1516.000000 -0.210077 0.006760 -0.024605 0.002312 7.000000 0.046000
1517.000000 -0.210157 0.006753 -0.021540 0.002783 7.000000 0.046000
1518.000000 -0.210261 0.006793 -0.019977 0.003024 7.000000 0.046000
1519.000000 -0.210365 0.006833 -0.020393 0.005499 7.000000 0.046000
1520.000000 -0.210469 0.006874 -0.020604 0.006762 7.000000 0.046000
1521.000000 -0.210549 0.006866 -0.019501 0.005056 7.000000 0.046000
1522.000000 -0.210628 0.006859 -0.017727 0.001838 7.000000 0.046000
1523.000000 -0.210735 0.006823 -0.018168 -0.001159 7.000000 0.046000
1524.000000 -0.210787 0.006844 -0.017049 -0.001327 7.000000 0.046000
1525.000000 -0.210839 0.006864 -0.013794 0.001307 7.000000 0.046000
1526.000000 -0.210891 0.006884 -0.012135 0.002650 7.000000 0.046000
1527.000000 -0.210971 0.006877 -0.012633 0.001976 7.000000 0.046000
1528.000000 -0.211047 0.006945 -0.014096 0.003984 7.000000 0.046000
1529.000000 -0.211099 0.006965 -0.013498 0.006367 7.000000 0.046000
1530.000000 -0.211151 0.006985 -0.011983 0.005230 7.000000 0.046000
1531.000000 -0.211154 0.006910 -0.008793 -0.000052 7.000000 0.046000
1532.000000 -0.211234 0.006902 -0.008512 -0.004101 7.000000 0.046000
1533.000000 -0.211286 0.006922 -0.010788 -0.001460 7.000000 0.046000
1534.000000 -0.211286 0.006922 -0.008050 0.000249 7.000000 0.046000
1535.000000 -0.211310 0.006970 -0.005310 0.002479 7.000000 0.046000
1536.000000 -0.211338 0.006943 -0.005259 0.002257 7.000000 0.046000
1537.000000 -0.211362 0.006991 -0.005232 0.002144 7.000000 0.046000
1538.000000 -0.211387 0.007039 -0.005083 0.005796 7.000000 0.046000
1539.000000 -0.211415 0.007011 -0.005143 0.003947 7.000000 0.046000
1540.000000 -0.211390 0.006963 -0.002756 -0.001699 7.000000 0.046000
1541.000000 -0.211417 0.006935 -0.001540 -0.004575 7.000000 0.046000
1542.000000 -0.211417 0.006935 -0.002129 -0.003689 7.000000 0.046000
1543.000000 -0.211390 0.006963 0.000260 -0.000522 7.000000 0.046000
1544.000000 -0.211417 0.006935 0.000132 -0.000266 7.000000 0.046000
1545.000000 -0.211417 0.006935 -0.001277 -0.001493 7.000000 0.046000
1546.000000 -0.211417 0.006935 -0.000651 -0.000761 7.000000 0.046000
1547.000000 -0.211417 0.006935 -0.000331 -0.000388 7.000000 0.046000
1548.000000 -0.211417 0.006935 -0.000169 -0.000197 7.000000 0.046000
1549.000000 -0.211417 0.006935 -0.000086 -0.000101 7.000000 0.046000
