# imt log
s logheadsize 000234
s logcolumns 7
s logname /home/testac/lgames/fitts/20180711_Wed/run1.125235.dat
s logversion 2.0
s logdate "Wed Jul 11 12:52:35 EDT 2018"
s logidate 1531327955

# begin user data

# end user data

#####
5610.000000 -0.001048 0.001659 0.000000 -0.000000 0.000000 0.000000
5611.000000 -0.001048 0.001659 0.000000 -0.000000 0.000000 0.000000
5612.000000 -0.001048 0.001659 0.000000 -0.000000 0.000000 0.000000
5613.000000 -0.001048 0.001659 0.000000 -0.000000 7.000000 0.028000
5614.000000 -0.001048 0.001659 0.000000 -0.000000 7.000000 0.028000
5615.000000 -0.001048 0.001659 0.000000 -0.000000 7.000000 0.028000
5616.000000 -0.001048 0.001659 0.000000 -0.000000 7.000000 0.028000
5617.000000 -0.001048 0.001659 0.000000 -0.000000 7.000000 0.028000
5618.000000 -0.001048 0.001659 0.000000 -0.000000 7.000000 0.028000
5619.000000 -0.001048 0.001659 0.000000 -0.000000 7.000000 0.028000
5620.000000 -0.001048 0.001659 0.000000 -0.000000 7.000000 0.028000
5621.000000 -0.001048 0.001659 0.000000 -0.000000 7.000000 0.028000
5622.000000 -0.001048 0.001659 0.000000 -0.000000 7.000000 0.028000
5623.000000 -0.001048 0.001659 0.000000 -0.000000 7.000000 0.028000
5624.000000 -0.001048 0.001659 0.000000 -0.000000 7.000000 0.028000
5625.000000 -0.001048 0.001659 0.000000 -0.000000 7.000000 0.028000
5626.000000 -0.001048 0.001659 0.000000 -0.000000 7.000000 0.028000
5627.000000 -0.001048 0.001659 0.000000 -0.000000 7.000000 0.028000
5628.000000 -0.001048 0.001659 0.000000 -0.000000 7.000000 0.028000
5629.000000 -0.001048 0.001659 0.000000 -0.000000 7.000000 0.028000
5630.000000 -0.001048 0.001659 0.000000 -0.000000 7.000000 0.028000
5631.000000 -0.001048 0.001659 0.000000 -0.000000 7.000000 0.028000
5632.000000 -0.001048 0.001659 0.000000 -0.000000 7.000000 0.028000
5633.000000 -0.001048 0.001659 0.000000 -0.000000 7.000000 0.028000
5634.000000 -0.001048 0.001659 0.000000 -0.000000 7.000000 0.028000
5635.000000 -0.001048 0.001659 0.000000 -0.000000 7.000000 0.028000
5636.000000 -0.001048 0.001659 0.000000 -0.000000 7.000000 0.028000
5637.000000 -0.001048 0.001659 0.000000 -0.000000 7.000000 0.028000
5638.000000 -0.001048 0.001659 0.000000 -0.000000 7.000000 0.028000
5639.000000 -0.001048 0.001659 0.000000 -0.000000 7.000000 0.028000
5640.000000 -0.001048 0.001659 0.000000 -0.000000 7.000000 0.028000
5641.000000 -0.001048 0.001659 0.000000 -0.000000 7.000000 0.028000
5642.000000 -0.001048 0.001659 0.000000 -0.000000 7.000000 0.028000
5643.000000 -0.001048 0.001659 0.000000 -0.000000 7.000000 0.028000
5644.000000 -0.001048 0.001659 0.000000 -0.000000 7.000000 0.028000
5645.000000 -0.001048 0.001659 0.000000 -0.000000 7.000000 0.028000
5646.000000 -0.001048 0.001659 0.000000 -0.000000 7.000000 0.028000
5647.000000 -0.001048 0.001659 0.000000 -0.000000 7.000000 0.028000
5648.000000 -0.001048 0.001659 0.000000 -0.000000 7.000000 0.028000
5649.000000 -0.001048 0.001659 0.000000 -0.000000 7.000000 0.028000
5650.000000 -0.001048 0.001659 0.000000 -0.000000 7.000000 0.028000
5651.000000 -0.001048 0.001659 0.000000 -0.000000 7.000000 0.028000
5652.000000 -0.001048 0.001659 0.000000 -0.000000 7.000000 0.028000
5653.000000 -0.001048 0.001659 0.000000 -0.000000 7.000000 0.028000
5654.000000 -0.001048 0.001659 0.000000 -0.000000 7.000000 0.028000
5655.000000 -0.001048 0.001659 0.000000 -0.000000 7.000000 0.028000
5656.000000 -0.001048 0.001659 0.000000 -0.000000 7.000000 0.028000
5657.000000 -0.001048 0.001659 0.000000 -0.000000 7.000000 0.028000
5658.000000 -0.001048 0.001659 0.000000 -0.000000 7.000000 0.028000
5659.000000 -0.001048 0.001659 0.000000 -0.000000 7.000000 0.028000
5660.000000 -0.001048 0.001659 0.000000 -0.000000 7.000000 0.028000
5661.000000 -0.001048 0.001659 0.000000 -0.000000 7.000000 0.028000
5662.000000 -0.001048 0.001659 0.000000 -0.000000 7.000000 0.028000
5663.000000 -0.001048 0.001659 0.000000 -0.000000 7.000000 0.028000
5664.000000 -0.001048 0.001659 0.000000 -0.000000 7.000000 0.028000
5665.000000 -0.001048 0.001659 0.000000 -0.000000 7.000000 0.028000
5666.000000 -0.001048 0.001659 0.000000 -0.000000 7.000000 0.028000
5667.000000 -0.001048 0.001659 0.000000 -0.000000 7.000000 0.028000
5668.000000 -0.001048 0.001659 0.000000 -0.000000 7.000000 0.028000
5669.000000 -0.001048 0.001659 0.000000 -0.000000 7.000000 0.028000
5670.000000 -0.001048 0.001659 0.000000 -0.000000 7.000000 0.028000
5671.000000 -0.001048 0.001659 0.000000 -0.000000 7.000000 0.028000
5672.000000 -0.001048 0.001659 0.000000 -0.000000 7.000000 0.028000
5673.000000 -0.001048 0.001659 0.000000 -0.000000 7.000000 0.028000
5674.000000 -0.001048 0.001659 0.000000 -0.000000 7.000000 0.028000
5675.000000 -0.001048 0.001659 0.000000 -0.000000 7.000000 0.028000
5676.000000 -0.001048 0.001659 0.000000 -0.000000 7.000000 0.028000
5677.000000 -0.001048 0.001659 0.000000 -0.000000 7.000000 0.028000
5678.000000 -0.001048 0.001659 0.000000 -0.000000 7.000000 0.028000
5679.000000 -0.001048 0.001659 0.000000 -0.000000 7.000000 0.028000
5680.000000 -0.001048 0.001659 0.000000 -0.000000 7.000000 0.028000
5681.000000 -0.001048 0.001659 0.000000 -0.000000 7.000000 0.028000
5682.000000 -0.001048 0.001659 0.000000 -0.000000 7.000000 0.028000
5683.000000 -0.001048 0.001659 0.000000 -0.000000 7.000000 0.028000
5684.000000 -0.001048 0.001659 0.000000 -0.000000 7.000000 0.028000
5685.000000 -0.001088 0.001696 -0.001934 0.001804 7.000000 0.028000
5686.000000 -0.001088 0.001696 -0.002919 0.002723 7.000000 0.028000
5687.000000 -0.001127 0.001733 -0.003420 0.003192 7.000000 0.028000
5688.000000 -0.001166 0.001770 -0.005609 0.005235 7.000000 0.028000
5689.000000 -0.001166 0.001770 -0.004791 0.004471 7.000000 0.028000
5690.000000 -0.001127 0.001733 -0.000508 0.000474 7.000000 0.028000
5691.000000 -0.001127 0.001733 0.001675 -0.001563 7.000000 0.028000
5692.000000 -0.001166 0.001770 -0.001080 0.001008 7.000000 0.028000
5693.000000 -0.001166 0.001770 -0.002483 0.002318 7.000000 0.028000
5694.000000 -0.001166 0.001770 -0.001265 0.001181 7.000000 0.028000
5695.000000 -0.001166 0.001770 -0.000645 0.000602 7.000000 0.028000
5696.000000 -0.001245 0.001843 -0.004194 0.003916 7.000000 0.028000
5697.000000 -0.001245 0.001843 -0.006003 0.005604 7.000000 0.028000
5698.000000 -0.001245 0.001843 -0.003058 0.002855 7.000000 0.028000
5699.000000 -0.001206 0.001806 0.000375 -0.000350 7.000000 0.028000
5700.000000 -0.001206 0.001806 0.002124 -0.001983 7.000000 0.028000
5701.000000 -0.001245 0.001843 -0.000851 0.000794 7.000000 0.028000
5702.000000 -0.001245 0.001843 -0.002366 0.002209 7.000000 0.028000
5703.000000 -0.001245 0.001843 -0.001206 0.001126 7.000000 0.028000
5704.000000 -0.001245 0.001843 -0.000614 0.000574 7.000000 0.028000
5705.000000 -0.001245 0.001843 -0.000313 0.000292 7.000000 0.028000
5706.000000 -0.001245 0.001843 -0.000159 0.000149 7.000000 0.028000
5707.000000 -0.001245 0.001843 -0.000081 0.000076 7.000000 0.028000
5708.000000 -0.001285 0.001880 -0.001974 0.001843 7.000000 0.028000
5709.000000 -0.001285 0.001880 -0.002938 0.002744 7.000000 0.028000
5710.000000 -0.001285 0.001880 -0.001497 0.001398 7.000000 0.028000
5711.000000 -0.001285 0.001880 -0.000763 0.000712 7.000000 0.028000
5712.000000 -0.001285 0.001880 -0.000389 0.000363 7.000000 0.028000
5713.000000 -0.001285 0.001880 -0.000198 0.000185 7.000000 0.028000
5714.000000 -0.001298 0.001843 -0.000745 -0.001705 7.000000 0.028000
5715.000000 -0.001298 0.001843 -0.001024 -0.002667 7.000000 0.028000
5716.000000 -0.001324 0.001917 -0.001810 0.002245 7.000000 0.028000
5717.000000 -0.001337 0.001880 -0.002855 0.002949 7.000000 0.028000
5718.000000 -0.001337 0.001880 -0.002099 -0.000296 7.000000 0.028000
5719.000000 -0.001337 0.001880 -0.001069 -0.000151 7.000000 0.028000
5720.000000 -0.001337 0.001880 -0.000545 -0.000077 7.000000 0.028000
5721.000000 -0.001337 0.001880 -0.000278 -0.000039 7.000000 0.028000
5722.000000 -0.001337 0.001880 -0.000141 -0.000020 7.000000 0.028000
5723.000000 -0.001337 0.001880 -0.000072 -0.000010 7.000000 0.028000
5724.000000 -0.001337 0.001880 -0.000037 -0.000005 7.000000 0.028000
5725.000000 -0.001337 0.001880 -0.000019 -0.000003 7.000000 0.028000
5726.000000 -0.001337 0.001880 -0.000010 -0.000001 7.000000 0.028000
5727.000000 -0.001337 0.001880 -0.000005 -0.000001 7.000000 0.028000
5728.000000 -0.001337 0.001880 -0.000002 -0.000000 7.000000 0.028000
5729.000000 -0.001337 0.001880 -0.000001 -0.000000 7.000000 0.028000
5730.000000 -0.001337 0.001880 -0.000001 -0.000000 7.000000 0.028000
5731.000000 -0.001337 0.001880 -0.000000 -0.000000 7.000000 0.028000
5732.000000 -0.001337 0.001880 -0.000000 -0.000000 7.000000 0.028000
5733.000000 -0.001337 0.001880 -0.000000 -0.000000 7.000000 0.028000
5734.000000 -0.001337 0.001880 -0.000000 -0.000000 7.000000 0.028000
5735.000000 -0.001337 0.001880 -0.000000 -0.000000 7.000000 0.028000
5736.000000 -0.001337 0.001880 -0.000000 -0.000000 7.000000 0.028000
5737.000000 -0.001337 0.001880 -0.000000 -0.000000 7.000000 0.028000
5738.000000 -0.001337 0.001880 -0.000000 -0.000000 7.000000 0.028000
5739.000000 -0.001337 0.001880 -0.000000 -0.000000 7.000000 0.028000
5740.000000 -0.001337 0.001880 -0.000000 -0.000000 7.000000 0.028000
5741.000000 -0.001337 0.001880 -0.000000 -0.000000 7.000000 0.028000
5742.000000 -0.001337 0.001880 -0.000000 -0.000000 7.000000 0.028000
5743.000000 -0.001337 0.001880 -0.000000 -0.000000 7.000000 0.028000
5744.000000 -0.001337 0.001880 -0.000000 -0.000000 7.000000 0.028000
5745.000000 -0.001337 0.001880 -0.000000 -0.000000 7.000000 0.028000
5746.000000 -0.001337 0.001880 -0.000000 -0.000000 7.000000 0.028000
5747.000000 -0.001337 0.001880 -0.000000 -0.000000 7.000000 0.028000
5748.000000 -0.001337 0.001880 -0.000000 -0.000000 7.000000 0.028000
5749.000000 -0.001337 0.001880 -0.000000 -0.000000 7.000000 0.028000
5750.000000 -0.001337 0.001880 -0.000000 -0.000000 7.000000 0.028000
5751.000000 -0.001337 0.001880 -0.000000 -0.000000 7.000000 0.028000
5752.000000 -0.001337 0.001880 -0.000000 -0.000000 7.000000 0.028000
5753.000000 -0.001337 0.001880 -0.000000 -0.000000 7.000000 0.028000
5754.000000 -0.001337 0.001880 -0.000000 -0.000000 7.000000 0.028000
5755.000000 -0.001337 0.001880 -0.000000 -0.000000 7.000000 0.028000
5756.000000 -0.001337 0.001880 -0.000000 -0.000000 7.000000 0.028000
5757.000000 -0.001337 0.001880 -0.000000 -0.000000 7.000000 0.028000
5758.000000 -0.001337 0.001880 -0.000000 -0.000000 7.000000 0.028000
5759.000000 -0.001337 0.001880 -0.000000 -0.000000 7.000000 0.028000
5760.000000 -0.001337 0.001880 -0.000000 -0.000000 7.000000 0.028000
5761.000000 -0.001337 0.001880 -0.000000 -0.000000 7.000000 0.028000
5762.000000 -0.001337 0.001880 -0.000000 -0.000000 7.000000 0.028000
5763.000000 -0.001337 0.001880 -0.000000 -0.000000 7.000000 0.028000
5764.000000 -0.001337 0.001880 -0.000000 -0.000000 7.000000 0.028000
5765.000000 -0.001337 0.001880 -0.000000 -0.000000 7.000000 0.028000
5766.000000 -0.001337 0.001880 -0.000000 -0.000000 7.000000 0.028000
5767.000000 -0.001337 0.001880 -0.000000 -0.000000 7.000000 0.028000
5768.000000 -0.001337 0.001880 -0.000000 -0.000000 7.000000 0.028000
5769.000000 -0.001337 0.001880 -0.000000 -0.000000 7.000000 0.028000
5770.000000 -0.001337 0.001880 -0.000000 -0.000000 7.000000 0.028000
5771.000000 -0.001337 0.001880 -0.000000 -0.000000 7.000000 0.028000
5772.000000 -0.001337 0.001880 -0.000000 -0.000000 7.000000 0.028000
5773.000000 -0.001337 0.001880 -0.000000 -0.000000 7.000000 0.028000
5774.000000 -0.001337 0.001880 -0.000000 -0.000000 7.000000 0.028000
5775.000000 -0.001337 0.001880 -0.000000 -0.000000 7.000000 0.028000
5776.000000 -0.001337 0.001880 -0.000000 -0.000000 7.000000 0.028000
5777.000000 -0.001337 0.001880 -0.000000 -0.000000 7.000000 0.028000
5778.000000 -0.001337 0.001880 -0.000000 -0.000000 7.000000 0.028000
5779.000000 -0.001337 0.001880 -0.000000 -0.000000 7.000000 0.028000
5780.000000 -0.001324 0.001917 0.000644 0.001799 7.000000 0.028000
5781.000000 -0.001324 0.001917 0.000973 0.002715 7.000000 0.028000
5782.000000 -0.001285 0.001880 0.002428 -0.000421 7.000000 0.028000
5783.000000 -0.001285 0.001880 0.003170 -0.002020 7.000000 0.028000
5784.000000 -0.001258 0.001953 0.002903 0.002569 7.000000 0.028000
5785.000000 -0.001219 0.001917 0.004700 0.003102 7.000000 0.028000
5786.000000 -0.001180 0.001880 0.006261 -0.002028 7.000000 0.028000
5787.000000 -0.001193 0.001843 0.004479 -0.004637 7.000000 0.028000
5788.000000 -0.001219 0.001917 0.000349 -0.000558 7.000000 0.028000
5789.000000 -0.001180 0.001880 0.000822 0.001515 7.000000 0.028000
5790.000000 -0.001180 0.001880 0.002352 -0.001033 7.000000 0.028000
5791.000000 -0.001166 0.001917 0.001842 0.001273 7.000000 0.028000
5792.000000 -0.001166 0.001917 0.001582 0.002447 7.000000 0.028000
5793.000000 -0.001114 0.001916 0.003383 0.001242 7.000000 0.028000
5794.000000 -0.001074 0.001880 0.006234 -0.001176 7.000000 0.028000
5795.000000 -0.001061 0.001916 0.005753 -0.000604 7.000000 0.028000
5796.000000 -0.001035 0.001843 0.004865 -0.002112 7.000000 0.028000
5797.000000 -0.001074 0.001880 0.001835 -0.002875 7.000000 0.028000
5798.000000 -0.001061 0.001916 -0.000355 0.002138 7.000000 0.028000
5799.000000 -0.001022 0.001880 0.002396 0.001085 7.000000 0.028000
5800.000000 -0.001022 0.001880 0.003154 -0.001251 7.000000 0.028000
5801.000000 -0.001009 0.001916 0.002250 0.001162 7.000000 0.028000
5802.000000 -0.000956 0.001916 0.004367 0.002387 7.000000 0.028000
5803.000000 -0.000917 0.001879 0.006736 -0.000592 7.000000 0.028000
5804.000000 -0.000864 0.001879 0.007943 -0.002109 7.000000 0.028000
5805.000000 -0.000917 0.001879 0.004047 -0.001075 7.000000 0.028000
5806.000000 -0.000917 0.001879 -0.000515 -0.000543 7.000000 0.028000
5807.000000 -0.000864 0.001879 0.002315 -0.000281 7.000000 0.028000
5808.000000 -0.000864 0.001879 0.003756 -0.000147 7.000000 0.028000
5809.000000 -0.000812 0.001879 0.004491 -0.000079 7.000000 0.028000
5810.000000 -0.000812 0.001879 0.004865 -0.000044 7.000000 0.028000
5811.000000 -0.000759 0.001879 0.005056 -0.000026 7.000000 0.028000
5812.000000 -0.000707 0.001879 0.007730 -0.000019 7.000000 0.028000
5813.000000 -0.000707 0.001879 0.006516 -0.000013 7.000000 0.028000
5814.000000 -0.000707 0.001879 0.003320 -0.000007 7.000000 0.028000
5815.000000 -0.000707 0.001879 0.001691 -0.000003 7.000000 0.028000
5816.000000 -0.000654 0.001879 0.003439 -0.000005 7.000000 0.028000
5817.000000 -0.000654 0.001879 0.004329 -0.000005 7.000000 0.028000
5818.000000 -0.000615 0.001842 0.004141 -0.001805 7.000000 0.028000
5819.000000 -0.000601 0.001879 0.004687 -0.000922 7.000000 0.028000
5820.000000 -0.000549 0.001879 0.005607 0.001327 7.000000 0.028000
5821.000000 -0.000496 0.001879 0.008011 0.000672 7.000000 0.028000
5822.000000 -0.000470 0.001805 0.007953 -0.003261 7.000000 0.028000
5823.000000 -0.000496 0.001879 0.004052 -0.001662 7.000000 0.028000
5824.000000 -0.000457 0.001842 0.002706 0.000953 7.000000 0.028000
5825.000000 -0.000404 0.001842 0.005892 -0.001318 7.000000 0.028000
5826.000000 -0.000391 0.001879 0.006220 0.001127 7.000000 0.028000
5827.000000 -0.000352 0.001842 0.005747 0.000573 7.000000 0.028000
5828.000000 -0.000339 0.001879 0.005505 0.000290 7.000000 0.028000
5829.000000 -0.000286 0.001879 0.006023 0.001947 7.000000 0.028000
5830.000000 -0.000194 0.001842 0.010160 -0.000810 7.000000 0.028000
5831.000000 -0.000181 0.001879 0.010330 -0.000414 13.000000 0.028000
5832.000000 -0.000194 0.001842 0.005264 -0.000211 13.000000 0.028000
5833.000000 -0.000142 0.001842 0.004618 -0.001908 13.000000 0.028000
5834.000000 -0.000089 0.001842 0.007508 -0.000973 13.000000 0.028000
5835.000000 -0.000089 0.001842 0.006402 -0.000496 13.000000 0.028000
5836.000000 -0.000036 0.001842 0.005839 -0.000253 13.000000 0.028000
5837.000000 0.000016 0.001842 0.008130 -0.000128 13.000000 0.028000
5838.000000 0.000121 0.001842 0.011874 -0.000063 13.000000 0.028000
5839.000000 0.000121 0.001842 0.011204 -0.000031 13.000000 0.028000
5840.000000 0.000161 0.001805 0.007646 -0.001815 13.000000 0.028000
5841.000000 0.000174 0.001842 0.006473 -0.000924 13.000000 0.028000
5842.000000 0.000226 0.001842 0.006515 0.001331 13.000000 0.028000
5843.000000 0.000279 0.001842 0.008474 0.000681 13.000000 0.028000
5844.000000 0.000331 0.001842 0.009472 0.000351 13.000000 0.028000
5845.000000 0.000384 0.001842 0.009980 0.000183 13.000000 0.028000
5846.000000 0.000437 0.001842 0.010239 0.000098 13.000000 0.028000
5847.000000 0.000502 0.001879 0.011009 0.001856 13.000000 0.028000
5848.000000 0.000555 0.001879 0.011402 0.002752 13.000000 0.028000
5849.000000 0.000594 0.001842 0.010326 -0.000393 13.000000 0.028000
5850.000000 0.000607 0.001879 0.007838 -0.000197 13.000000 0.028000
5851.000000 0.000660 0.001879 0.007208 0.001704 13.000000 0.028000
5852.000000 0.000752 0.001842 0.010767 -0.000922 13.000000 0.028000
5853.000000 0.000804 0.001842 0.012580 -0.002259 13.000000 0.028000
5854.000000 0.000857 0.001843 0.011564 -0.001142 13.000000 0.028000
5855.000000 0.000923 0.001879 0.011683 0.001229 13.000000 0.028000
5856.000000 0.001015 0.001843 0.013684 0.000641 13.000000 0.028000
5857.000000 0.001067 0.001843 0.014067 -0.001459 13.000000 0.028000
5858.000000 0.001107 0.001806 0.011686 -0.002534 13.000000 0.028000
5859.000000 0.001120 0.001843 0.008531 -0.001286 13.000000 0.028000
5860.000000 0.001172 0.001843 0.007560 0.001153 13.000000 0.028000
5861.000000 0.001225 0.001843 0.009006 0.000599 13.000000 0.028000
5862.000000 0.001317 0.001807 0.011685 -0.001477 13.000000 0.028000
5863.000000 0.001370 0.001807 0.013050 -0.002535 13.000000 0.028000
5864.000000 0.001448 0.001880 0.013073 0.002327 13.000000 0.028000
5865.000000 0.001540 0.001844 0.015028 0.003011 13.000000 0.028000
5866.000000 0.001632 0.001808 0.016697 -0.002038 13.000000 0.028000
5867.000000 0.001685 0.001808 0.015604 -0.002816 13.000000 0.028000
5868.000000 0.001698 0.001844 0.011162 0.000376 13.000000 0.028000
5869.000000 0.001790 0.001808 0.010842 0.000209 13.000000 0.028000
5870.000000 0.001855 0.001845 0.013255 0.000133 13.000000 0.028000
5871.000000 0.001948 0.001809 0.014486 0.000097 13.000000 0.028000
5872.000000 0.002053 0.001809 0.017057 -0.001713 13.000000 0.028000
5873.000000 0.002118 0.001846 0.017055 0.000961 13.000000 0.028000
5874.000000 0.002263 0.001810 0.019000 0.000534 13.000000 0.028000
5875.000000 0.002316 0.001810 0.019357 -0.001486 13.000000 0.028000
5876.000000 0.002408 0.001774 0.016963 -0.002525 13.000000 0.028000
5877.000000 0.002473 0.001811 0.016375 -0.001250 13.000000 0.028000
5878.000000 0.002526 0.001811 0.014130 0.001191 13.000000 0.028000
5879.000000 0.002631 0.001811 0.014931 0.000645 13.000000 0.028000
5880.000000 0.002723 0.001775 0.017287 -0.001422 13.000000 0.028000
5881.000000 0.002828 0.001776 0.018487 -0.002473 13.000000 0.028000
5882.000000 0.002907 0.001850 0.018411 0.002389 13.000000 0.028000
5883.000000 0.003038 0.001777 0.019692 0.001277 13.000000 0.028000
5884.000000 0.003144 0.001777 0.021660 -0.002881 13.000000 0.028000
5885.000000 0.003236 0.001741 0.020718 -0.003209 13.000000 0.028000
5886.000000 0.003301 0.001778 0.018288 -0.001587 13.000000 0.028000
5887.000000 0.003406 0.001779 0.017680 0.001045 13.000000 0.028000
5888.000000 0.003512 0.001780 0.019318 0.000600 13.000000 0.028000
5889.000000 0.003629 0.001817 0.020780 0.002181 13.000000 0.028000
5890.000000 0.003735 0.001818 0.021525 0.002988 13.000000 0.028000
5891.000000 0.003892 0.001819 0.023853 0.001617 13.000000 0.028000
5892.000000 0.004037 0.001783 0.026992 -0.000864 13.000000 0.028000
5893.000000 0.004155 0.001821 0.026638 -0.000340 13.000000 0.028000
5894.000000 0.004208 0.001821 0.021931 0.001693 13.000000 0.028000
5895.000000 0.004352 0.001786 0.020858 -0.000858 13.000000 0.028000
5896.000000 0.004458 0.001787 0.022889 -0.002136 13.000000 0.028000
5897.000000 0.004575 0.001824 0.022596 0.000806 13.000000 0.028000
5898.000000 0.004720 0.001789 0.024401 0.000525 13.000000 0.028000
5899.000000 0.004838 0.001826 0.025318 0.000384 13.000000 0.028000
5900.000000 0.004996 0.001828 0.026410 0.002123 13.000000 0.028000
5901.000000 0.005193 0.001793 0.030875 -0.000549 13.000000 0.028000
5902.000000 0.005299 0.001794 0.030573 -0.001933 13.000000 0.028000
5903.000000 0.005404 0.001795 0.025887 -0.000880 13.000000 0.028000
5904.000000 0.005561 0.001797 0.026077 -0.000314 13.000000 0.028000
5905.000000 0.005719 0.001798 0.028751 0.000005 13.000000 0.028000
5906.000000 0.005877 0.001800 0.030113 0.000173 13.000000 0.028000
5907.000000 0.006022 0.001765 0.030188 -0.001545 13.000000 0.028000
5908.000000 0.006179 0.001767 0.030226 -0.002416 13.000000 0.028000
5909.000000 0.006350 0.001805 0.031484 0.000761 13.000000 0.028000
5910.000000 0.006547 0.001771 0.034085 0.000609 13.000000 0.028000
5911.000000 0.006692 0.001736 0.034174 -0.003081 13.000000 0.028000
5912.000000 0.006850 0.001738 0.032260 -0.003179 13.000000 0.028000
5913.000000 0.007020 0.001777 0.032519 0.000391 13.000000 0.028000
5914.000000 0.007178 0.001779 0.032651 0.002215 13.000000 0.028000
5915.000000 0.007388 0.001782 0.034678 0.001378 13.000000 0.028000
5916.000000 0.007546 0.001784 0.035711 0.000956 13.000000 0.028000
5917.000000 0.007756 0.001787 0.036237 0.000749 13.000000 0.028000
5918.000000 0.007926 0.001826 0.037117 0.002458 13.000000 0.028000
5919.000000 0.008124 0.001792 0.036954 0.001526 13.000000 0.028000
5920.000000 0.008322 0.001758 0.038224 -0.002522 13.000000 0.028000
5921.000000 0.008492 0.001797 0.037516 -0.000999 13.000000 0.028000
5922.000000 0.008690 0.001764 0.037159 -0.000216 13.000000 0.028000
5923.000000 0.008900 0.001767 0.038942 -0.001578 13.000000 0.028000
5924.000000 0.009110 0.001771 0.040462 -0.000454 13.000000 0.028000
5925.000000 0.009321 0.001774 0.041236 0.000127 13.000000 0.028000
5926.000000 0.009531 0.001778 0.041630 0.000431 13.000000 0.028000
5927.000000 0.009753 0.001818 0.042436 0.002406 13.000000 0.028000
5928.000000 0.009964 0.001822 0.042848 0.003421 13.000000 0.028000
5929.000000 0.010161 0.001789 0.041844 0.000321 13.000000 0.028000
5930.000000 0.010372 0.001793 0.041333 -0.001250 13.000000 0.028000
5931.000000 0.010594 0.001834 0.042282 0.001582 13.000000 0.028000
5932.000000 0.010805 0.001838 0.042766 0.003033 13.000000 0.028000
5933.000000 0.011067 0.001843 0.044984 0.002024 13.000000 0.028000
5934.000000 0.011277 0.001848 0.046114 0.001517 13.000000 0.028000
5935.000000 0.011488 0.001852 0.044112 0.001214 13.000000 0.028000
5936.000000 0.011791 0.001822 0.047648 -0.000628 13.000000 0.028000
5937.000000 0.012013 0.001863 0.050047 0.000255 13.000000 0.028000
5938.000000 0.012264 0.001832 0.048696 0.000660 13.000000 0.028000
5939.000000 0.012474 0.001837 0.047406 -0.000940 13.000000 0.028000
5940.000000 0.012737 0.001843 0.047349 0.000071 13.000000 0.028000
5941.000000 0.013000 0.001849 0.049896 0.000659 13.000000 0.028000
5942.000000 0.013210 0.001854 0.048617 0.000905 13.000000 0.028000
5943.000000 0.013472 0.001861 0.047964 0.001043 13.000000 0.028000
5944.000000 0.013747 0.001904 0.050801 0.003006 13.000000 0.028000
5945.000000 0.014051 0.001875 0.054232 0.002272 13.000000 0.028000
5946.000000 0.014325 0.001919 0.055975 0.001912 13.000000 0.028000
5947.000000 0.014576 0.001889 0.054291 0.001673 13.000000 0.028000
5948.000000 0.014798 0.001931 0.050850 0.001490 13.000000 0.028000
5949.000000 0.015061 0.001939 0.049690 0.003226 13.000000 0.028000
5950.000000 0.015364 0.001910 0.053074 0.000635 13.000000 0.028000
5951.000000 0.015639 0.001955 0.055383 0.001146 13.000000 0.028000
5952.000000 0.015942 0.001927 0.056565 0.001424 13.000000 0.028000
5953.000000 0.016258 0.001936 0.059154 -0.000159 13.000000 0.028000
5954.000000 0.016561 0.001908 0.060478 -0.000949 13.000000 0.028000
5955.000000 0.016836 0.001954 0.059156 0.000403 13.000000 0.028000
5956.000000 0.017139 0.001926 0.058487 0.001108 13.000000 0.028000
5957.000000 0.017414 0.001972 0.058140 0.001480 13.000000 0.028000
5958.000000 0.017688 0.002017 0.056549 0.005240 13.000000 0.028000
5959.000000 0.017991 0.001990 0.057154 0.003616 13.000000 0.028000
5960.000000 0.018307 0.002001 0.059457 0.001072 13.000000 0.028000
5961.000000 0.018622 0.002011 0.061210 0.001614 13.000000 0.028000
5962.000000 0.018949 0.002059 0.062677 0.003731 13.000000 0.028000
5963.000000 0.019305 0.002035 0.065427 0.003102 13.000000 0.028000
5964.000000 0.019620 0.002046 0.066250 0.000977 13.000000 0.028000
5965.000000 0.019924 0.002020 0.064098 -0.000182 13.000000 0.028000
5966.000000 0.020198 0.002067 0.060994 0.000968 13.000000 0.028000
5967.000000 0.020513 0.002079 0.059987 0.003395 13.000000 0.028000
5968.000000 0.020881 0.002093 0.064051 0.003027 13.000000 0.028000
5969.000000 0.021196 0.002105 0.066121 0.002856 13.000000 0.028000
5970.000000 0.021523 0.002154 0.065165 0.004514 13.000000 0.028000
5971.000000 0.021879 0.002132 0.066689 0.003659 13.000000 0.028000
5972.000000 0.022247 0.002147 0.069471 0.001527 13.000000 0.028000
5973.000000 0.022614 0.002162 0.071455 0.002290 13.000000 0.028000
5974.000000 0.022959 0.002102 0.071344 -0.000950 13.000000 0.028000
5975.000000 0.023245 0.002188 0.067253 0.000847 13.000000 0.028000
5976.000000 0.023601 0.002166 0.065739 0.003611 13.000000 0.028000
5977.000000 0.023980 0.002220 0.069547 0.003441 13.000000 0.028000
5978.000000 0.024347 0.002236 0.072049 0.005207 13.000000 0.028000
5979.000000 0.024715 0.002252 0.072762 0.004304 13.000000 0.028000
5980.000000 0.025041 0.002304 0.071102 0.005573 13.000000 0.028000
5981.000000 0.025450 0.002286 0.072279 0.004542 13.000000 0.028000
5982.000000 0.025859 0.002268 0.076920 0.000630 13.000000 0.028000
5983.000000 0.026174 0.002283 0.074689 0.000238 13.000000 0.028000
5984.000000 0.026542 0.002301 0.071530 0.001769 13.000000 0.028000
5985.000000 0.026950 0.002284 0.074522 0.001000 13.000000 0.028000
5986.000000 0.027329 0.002340 0.076590 0.002463 13.000000 0.028000
5987.000000 0.027708 0.002396 0.076162 0.006766 13.000000 0.028000
5988.000000 0.028075 0.002414 0.075394 0.007152 13.000000 0.028000
5989.000000 0.028484 0.002399 0.076486 0.003850 13.000000 0.028000
5990.000000 0.028904 0.002421 0.079615 0.002335 13.000000 0.028000
5991.000000 0.029313 0.002406 0.081215 0.001593 13.000000 0.028000
5992.000000 0.029639 0.002460 0.077417 0.002787 13.000000 0.028000
5993.000000 0.030048 0.002445 0.075487 0.003427 13.000000 0.028000
5994.000000 0.030468 0.002469 0.079108 0.002235 13.000000 0.028000
5995.000000 0.030888 0.002492 0.081492 0.003493 13.000000 0.028000
5996.000000 0.031256 0.002513 0.080130 0.004012 13.000000 0.028000
5997.000000 0.031675 0.002537 0.079434 0.004309 13.000000 0.028000
5998.000000 0.032095 0.002562 0.081652 0.004641 13.000000 0.028000
5999.000000 0.032557 0.002552 0.084826 0.003167 13.000000 0.028000
6000.000000 0.032966 0.002540 0.085914 0.000610 13.000000 0.028000
6001.000000 0.033333 0.002562 0.081850 0.000856 13.000000 0.028000
6002.000000 0.033742 0.002550 0.079784 0.001011 13.000000 0.028000
6003.000000 0.034162 0.002576 0.081302 0.001280 13.000000 0.028000
6004.000000 0.034593 0.002640 0.083123 0.005124 13.000000 0.028000
6005.000000 0.034960 0.002664 0.081475 0.006942 13.000000 0.028000
6006.000000 0.035422 0.002656 0.082162 0.004399 13.000000 0.028000
6007.000000 0.035841 0.002684 0.085083 0.003300 13.000000 0.028000
6008.000000 0.036314 0.002715 0.087092 0.004621 13.000000 0.028000
6009.000000 0.036712 0.002668 0.087085 0.001644 13.000000 0.028000
6010.000000 0.037090 0.002730 0.082444 0.001645 13.000000 0.028000
6011.000000 0.037510 0.002759 0.081116 0.005355 13.000000 0.028000
6012.000000 0.037930 0.002788 0.082491 0.005613 13.000000 0.028000
6013.000000 0.038349 0.002817 0.083190 0.005777 13.000000 0.028000
6014.000000 0.038811 0.002813 0.085608 0.004241 13.000000 0.028000
6015.000000 0.039231 0.002843 0.086838 0.003489 13.000000 0.028000
6016.000000 0.039692 0.002839 0.087469 0.003146 13.000000 0.028000
6017.000000 0.040112 0.002870 0.087787 0.003001 13.000000 0.028000
6018.000000 0.040563 0.002829 0.087451 0.001124 13.000000 0.028000
6019.000000 0.040941 0.002894 0.085204 0.001841 13.000000 0.028000
6020.000000 0.041361 0.002926 0.082498 0.005731 13.000000 0.028000
6021.000000 0.041780 0.002958 0.083182 0.006095 13.000000 0.028000
6022.000000 0.042200 0.002990 0.083529 0.006313 13.000000 0.028000
6023.000000 0.042662 0.002989 0.085779 0.004818 13.000000 0.028000
6024.000000 0.043081 0.003022 0.086923 0.004087 13.000000 0.028000
6025.000000 0.043543 0.003022 0.087510 0.003755 13.000000 0.028000
6026.000000 0.043962 0.003055 0.087805 0.003616 13.000000 0.028000
6027.000000 0.044372 0.003052 0.085388 0.003368 13.000000 0.028000
6028.000000 0.044749 0.003119 0.082070 0.004902 13.000000 0.028000
6029.000000 0.045178 0.003191 0.081357 0.009409 13.000000 0.028000
6030.000000 0.045630 0.003155 0.084671 0.006629 13.000000 0.028000
6031.000000 0.046050 0.003190 0.085864 0.003397 13.000000 0.028000
6032.000000 0.046469 0.003226 0.084878 0.005260 13.000000 0.028000
6033.000000 0.046888 0.003262 0.084373 0.006240 13.000000 0.028000
6034.000000 0.047350 0.003264 0.086203 0.005152 13.000000 0.028000
6035.000000 0.047770 0.003301 0.087131 0.004628 13.000000 0.028000
6036.000000 0.048189 0.003338 0.085515 0.006017 13.000000 0.028000
6037.000000 0.048565 0.003408 0.082594 0.008370 13.000000 0.028000
6038.000000 0.048975 0.003408 0.080630 0.007750 13.000000 0.028000
6039.000000 0.049437 0.003412 0.083812 0.004235 13.000000 0.028000
6040.000000 0.049856 0.003450 0.085909 0.004325 13.000000 0.028000
6041.000000 0.050275 0.003489 0.084881 0.006019 13.000000 0.028000
6042.000000 0.050694 0.003528 0.084354 0.006913 13.000000 0.028000
6043.000000 0.051113 0.003567 0.084082 0.007400 13.000000 0.028000
6044.000000 0.051533 0.003606 0.083940 0.007680 13.000000 0.028000
6045.000000 0.051899 0.003641 0.081297 0.007602 13.000000 0.028000
6046.000000 0.052318 0.003681 0.079947 0.007595 13.000000 0.028000
6047.000000 0.052737 0.003721 0.081824 0.007868 13.000000 0.028000
6048.000000 0.053156 0.003762 0.082778 0.008039 13.000000 0.028000
6049.000000 0.053566 0.003765 0.082802 0.006304 13.000000 0.028000
6050.000000 0.053942 0.003839 0.080701 0.007045 13.000000 0.028000
6051.000000 0.054361 0.003880 0.080091 0.009309 13.000000 0.028000
6052.000000 0.054779 0.003922 0.081882 0.008895 13.000000 0.028000
6053.000000 0.055198 0.003964 0.082792 0.008716 13.000000 0.028000
6054.000000 0.055598 0.003931 0.082349 0.004944 13.000000 0.028000
6055.000000 0.055974 0.004006 0.080002 0.004640 13.000000 0.028000
6056.000000 0.056341 0.004044 0.077151 0.007956 13.000000 0.028000
6057.000000 0.056759 0.004087 0.077806 0.008087 13.000000 0.028000
6058.000000 0.057169 0.004093 0.080256 0.006594 13.000000 0.028000
6059.000000 0.057544 0.004169 0.079380 0.007446 13.000000 0.028000
6060.000000 0.057963 0.004214 0.079382 0.009770 13.000000 0.028000
6061.000000 0.058329 0.004253 0.078930 0.009119 13.000000 0.028000
6062.000000 0.058748 0.004298 0.078697 0.008820 13.000000 0.028000
6063.000000 0.059148 0.004267 0.080261 0.005256 13.000000 0.028000
6064.000000 0.059471 0.004339 0.076362 0.004759 13.000000 0.028000
6065.000000 0.059881 0.004347 0.074824 0.006395 13.000000 0.028000
6066.000000 0.060256 0.004425 0.076594 0.007534 13.000000 0.028000
6067.000000 0.060622 0.004466 0.075371 0.009714 13.000000 0.028000
6068.000000 0.061022 0.004437 0.076001 0.005562 13.000000 0.028000
6069.000000 0.061398 0.004516 0.076750 0.005331 13.000000 0.028000
6070.000000 0.061773 0.004595 0.075873 0.010529 13.000000 0.028000
6071.000000 0.062139 0.004636 0.074986 0.011341 13.000000 0.028000
6072.000000 0.062487 0.004602 0.073238 0.006194 13.000000 0.028000
6073.000000 0.062853 0.004644 0.072344 0.003596 13.000000 0.028000
6074.000000 0.063219 0.004687 0.072752 0.006018 13.000000 0.028000
6075.000000 0.063585 0.004729 0.072957 0.007277 13.000000 0.028000
6076.000000 0.063951 0.004772 0.073057 0.007942 13.000000 0.028000
6077.000000 0.064308 0.004777 0.072683 0.006441 13.000000 0.028000
6078.000000 0.064630 0.004852 0.070348 0.007254 13.000000 0.028000
6079.000000 0.064996 0.004896 0.069583 0.009555 13.000000 0.028000
6080.000000 0.065362 0.004939 0.071327 0.009195 13.000000 0.028000
6081.000000 0.065667 0.004939 0.069232 0.006855 13.000000 0.028000
6082.000000 0.066024 0.004945 0.067744 0.003824 13.000000 0.028000
6083.000000 0.066337 0.004983 0.067405 0.004159 13.000000 0.028000
6084.000000 0.066703 0.005028 0.067651 0.006219 13.000000 0.028000
6085.000000 0.067017 0.005067 0.067773 0.007285 13.000000 0.028000
6086.000000 0.067374 0.005074 0.067419 0.005988 13.000000 0.028000
6087.000000 0.067696 0.005150 0.067648 0.007209 13.000000 0.028000
6088.000000 0.068053 0.005158 0.067768 0.007855 13.000000 0.028000
6089.000000 0.068358 0.005159 0.067000 0.004469 13.000000 0.028000
6090.000000 0.068628 0.005230 0.062308 0.005843 13.000000 0.028000
6091.000000 0.068941 0.005270 0.060329 0.008427 13.000000 0.028000
6092.000000 0.069254 0.005309 0.061467 0.008218 13.000000 0.028000
6093.000000 0.069611 0.005318 0.064198 0.006596 13.000000 0.028000
6094.000000 0.069881 0.005389 0.063432 0.007320 13.000000 0.028000
6095.000000 0.070194 0.005430 0.060889 0.009245 13.000000 0.028000
6096.000000 0.070507 0.005470 0.061742 0.008706 13.000000 0.028000
6097.000000 0.070856 0.005441 0.063931 0.005053 13.000000 0.028000
6098.000000 0.071117 0.005476 0.062483 0.002868 13.000000 0.028000
6099.000000 0.071378 0.005510 0.057434 0.004832 13.000000 0.028000
6100.000000 0.071648 0.005582 0.055260 0.007713 13.000000 0.028000
6101.000000 0.071952 0.005585 0.056311 0.007667 13.000000 0.028000
6102.000000 0.072266 0.005627 0.059000 0.006132 13.000000 0.028000
6103.000000 0.072571 0.005630 0.060373 0.005367 13.000000 0.028000
6104.000000 0.072832 0.005665 0.058511 0.004648 13.000000 0.028000
6105.000000 0.073145 0.005707 0.057960 0.006168 13.000000 0.028000
6106.000000 0.073406 0.005742 0.057677 0.006953 13.000000 0.028000
6107.000000 0.073711 0.005746 0.057137 0.005502 13.000000 0.028000
6108.000000 0.073927 0.005813 0.054694 0.006291 13.000000 0.028000
6109.000000 0.074232 0.005817 0.053452 0.006711 13.000000 0.028000
6110.000000 0.074493 0.005853 0.054980 0.005415 13.000000 0.028000
6111.000000 0.074746 0.005851 0.053204 0.004417 13.000000 0.028000
6112.000000 0.075007 0.005887 0.052296 0.003920 13.000000 0.028000
6113.000000 0.075276 0.005961 0.052612 0.007420 13.000000 0.028000
6114.000000 0.075581 0.005966 0.054942 0.007704 13.000000 0.028000
6115.000000 0.075841 0.006002 0.055736 0.005991 13.000000 0.028000
6116.000000 0.076094 0.006001 0.053586 0.004772 13.000000 0.028000
6117.000000 0.076311 0.006068 0.050316 0.005671 13.000000 0.028000
6118.000000 0.076564 0.006066 0.048653 0.006141 13.000000 0.028000
6119.000000 0.076824 0.006103 0.049973 0.004882 13.000000 0.028000
6120.000000 0.077085 0.006140 0.051030 0.006124 13.000000 0.028000
6121.000000 0.077338 0.006139 0.051186 0.004897 13.000000 0.028000
6122.000000 0.077606 0.006214 0.051643 0.006156 13.000000 0.028000
6123.000000 0.077859 0.006213 0.051879 0.006810 13.000000 0.028000
6124.000000 0.078068 0.006243 0.049058 0.004911 13.000000 0.028000
6125.000000 0.078313 0.006204 0.047244 0.002083 13.000000 0.028000
6126.000000 0.078529 0.006273 0.046696 0.002521 13.000000 0.028000
6127.000000 0.078782 0.006272 0.046800 0.004629 13.000000 0.028000
6128.000000 0.079043 0.006310 0.049027 0.004214 13.000000 0.028000
6129.000000 0.079259 0.006378 0.048358 0.007384 13.000000 0.028000
6130.000000 0.079512 0.006378 0.047642 0.007138 13.000000 0.028000
6131.000000 0.079772 0.006416 0.049452 0.005526 13.000000 0.028000
6132.000000 0.080025 0.006417 0.050378 0.004716 13.000000 0.028000
6133.000000 0.080278 0.006417 0.050475 0.002442 13.000000 0.028000
6134.000000 0.080479 0.006409 0.047970 0.000912 13.000000 0.028000
6135.000000 0.080688 0.006440 0.044512 0.001635 13.000000 0.028000
6136.000000 0.080904 0.006510 0.043493 0.005759 13.000000 0.028000
6137.000000 0.081157 0.006510 0.045157 0.006379 13.000000 0.028000
6138.000000 0.081365 0.006541 0.045631 0.004827 13.000000 0.028000
6139.000000 0.081610 0.006504 0.045507 0.002175 13.000000 0.028000
6140.000000 0.081826 0.006574 0.045808 0.002705 13.000000 0.028000
6141.000000 0.082124 0.006544 0.048523 0.003378 13.000000 0.028000
6142.000000 0.082332 0.006576 0.049534 0.001852 13.000000 0.028000
6143.000000 0.082585 0.006577 0.047866 0.002575 13.000000 0.028000
6144.000000 0.082794 0.006609 0.047013 0.002950 13.000000 0.028000
6145.000000 0.083002 0.006641 0.044390 0.004634 13.000000 0.028000
6146.000000 0.083210 0.006672 0.043052 0.005499 13.000000 0.028000
6147.000000 0.083463 0.006674 0.044561 0.004468 13.000000 0.028000
6148.000000 0.083709 0.006638 0.047158 0.000596 13.000000 0.028000
6149.000000 0.083925 0.006708 0.046651 0.001989 13.000000 0.028000
6150.000000 0.084178 0.006710 0.046759 0.004586 13.000000 0.028000
6151.000000 0.084431 0.006712 0.048643 0.002565 13.000000 0.028000
6152.000000 0.084632 0.006706 0.047050 0.001145 13.000000 0.028000
6153.000000 0.084840 0.006739 0.044045 0.001907 13.000000 0.028000
6154.000000 0.085048 0.006772 0.042873 0.004179 13.000000 0.028000
6155.000000 0.085301 0.006774 0.044471 0.003873 13.000000 0.028000
6156.000000 0.085547 0.006738 0.047125 0.000375 13.000000 0.028000
6157.000000 0.085756 0.006771 0.046280 0.000076 13.000000 0.028000
6158.000000 0.086016 0.006813 0.046564 0.003690 13.000000 0.028000
6159.000000 0.086269 0.006816 0.048907 0.004070 13.000000 0.028000
6160.000000 0.086522 0.006819 0.049745 0.002399 13.000000 0.028000
6161.000000 0.086731 0.006852 0.047973 0.003024 13.000000 0.028000
6162.000000 0.086939 0.006885 0.044870 0.004820 13.000000 0.028000
6163.000000 0.087185 0.006850 0.045138 0.002400 13.000000 0.028000
6164.000000 0.087438 0.006854 0.047475 -0.000289 13.000000 0.028000
6165.000000 0.087646 0.006887 0.046818 0.001693 13.000000 0.028000
6166.000000 0.087899 0.006891 0.046484 0.002715 13.000000 0.028000
6167.000000 0.088115 0.006963 0.046660 0.005121 13.000000 0.028000
6168.000000 0.088413 0.006937 0.048958 0.004901 13.000000 0.028000
6169.000000 0.088666 0.006942 0.051982 0.001459 13.000000 0.028000
6170.000000 0.088867 0.006937 0.048767 0.000756 13.000000 0.028000
6171.000000 0.089120 0.006942 0.047131 0.000411 13.000000 0.028000
6172.000000 0.089374 0.006946 0.048852 0.000665 13.000000 0.028000
6173.000000 0.089582 0.006980 0.047521 0.002260 13.000000 0.028000
6174.000000 0.089842 0.007024 0.047187 0.004965 13.000000 0.028000
6175.000000 0.090095 0.007028 0.049226 0.004897 13.000000 0.028000
6176.000000 0.090356 0.007072 0.050262 0.004876 13.000000 0.028000
6177.000000 0.090661 0.007085 0.053344 0.005308 13.000000 0.028000
6178.000000 0.090907 0.007052 0.054232 0.001779 13.000000 0.028000
6179.000000 0.091161 0.007057 0.052133 -0.000434 13.000000 0.028000
6180.000000 0.091369 0.007092 0.049194 0.001775 13.000000 0.028000
6181.000000 0.091629 0.007136 0.048035 0.004794 13.000000 0.028000
6182.000000 0.091882 0.007142 0.049658 0.004894 13.000000 0.028000
6183.000000 0.092142 0.007186 0.050482 0.004957 13.000000 0.028000
6184.000000 0.092441 0.007162 0.053120 0.003560 13.000000 0.028000
6185.000000 0.092701 0.007207 0.054462 0.002859 13.000000 0.028000
6186.000000 0.093006 0.007222 0.055484 0.004402 13.000000 0.028000
6187.000000 0.093253 0.007190 0.055337 0.001436 13.000000 0.028000
6188.000000 0.093468 0.007264 0.050823 0.002816 13.000000 0.028000
6189.000000 0.093767 0.007241 0.051081 0.003977 13.000000 0.028000
6190.000000 0.094027 0.007286 0.053426 0.003139 13.000000 0.028000
6191.000000 0.094287 0.007331 0.052734 0.006045 13.000000 0.028000
6192.000000 0.094592 0.007347 0.054602 0.006106 13.000000 0.028000
6193.000000 0.094852 0.007393 0.055550 0.006148 13.000000 0.028000
6194.000000 0.095158 0.007409 0.056035 0.006188 13.000000 0.028000
6195.000000 0.095463 0.007425 0.058504 0.004790 13.000000 0.028000
6196.000000 0.095762 0.007404 0.059439 0.002213 13.000000 0.028000
6197.000000 0.096022 0.007450 0.057689 0.002343 13.000000 0.028000
6198.000000 0.096282 0.007496 0.054899 0.005735 13.000000 0.028000
6199.000000 0.096587 0.007513 0.055702 0.006050 13.000000 0.028000
6200.000000 0.096893 0.007530 0.058337 0.004799 13.000000 0.028000
6201.000000 0.097198 0.007547 0.059681 0.004180 13.000000 0.028000
6202.000000 0.097504 0.007565 0.060367 0.003881 13.000000 0.028000
6203.000000 0.097816 0.007621 0.061035 0.005630 13.000000 0.028000
6204.000000 0.098128 0.007678 0.061693 0.008423 13.000000 0.028000
6205.000000 0.098427 0.007657 0.061394 0.006094 13.000000 0.028000
6206.000000 0.098732 0.007676 0.060921 0.003041 13.000000 0.028000
6207.000000 0.099038 0.007694 0.061001 0.003387 13.000000 0.028000
6208.000000 0.099350 0.007751 0.061356 0.005464 13.000000 0.028000
6209.000000 0.099661 0.007808 0.061849 0.008425 13.000000 0.028000
6210.000000 0.100012 0.007798 0.064024 0.006657 13.000000 0.028000
6211.000000 0.100324 0.007856 0.065127 0.005773 13.000000 0.028000
6212.000000 0.100682 0.007885 0.066004 0.007232 13.000000 0.028000
6213.000000 0.100987 0.007905 0.066139 0.006106 13.000000 0.028000
6214.000000 0.101338 0.007896 0.065901 0.003671 13.000000 0.028000
6215.000000 0.101657 0.007993 0.066392 0.006218 13.000000 0.028000
6216.000000 0.102014 0.008022 0.066953 0.009426 13.000000 0.028000
6217.000000 0.102319 0.008043 0.066622 0.007304 13.000000 0.028000
6218.000000 0.102677 0.008073 0.066454 0.006248 13.000000 0.028000
6219.000000 0.103034 0.008104 0.068916 0.006215 13.000000 0.028000
6220.000000 0.103398 0.008173 0.070471 0.008110 13.000000 0.028000
6221.000000 0.103755 0.008204 0.071264 0.009099 13.000000 0.028000
6222.000000 0.104113 0.008235 0.071365 0.007739 13.000000 0.028000
6223.000000 0.104464 0.008228 0.071120 0.005182 13.000000 0.028000
6224.000000 0.104782 0.008327 0.069040 0.007179 13.000000 0.028000
6225.000000 0.105145 0.008397 0.068576 0.011995 13.000000 0.028000
6226.000000 0.105549 0.008401 0.072540 0.009807 13.000000 0.028000
6227.000000 0.105912 0.008472 0.074554 0.008715 13.000000 0.028000
6228.000000 0.106269 0.008505 0.073333 0.009573 13.000000 0.028000
6229.000000 0.106685 0.008587 0.075248 0.010542 13.000000 0.028000
6230.000000 0.107094 0.008630 0.078770 0.011568 13.000000 0.028000
6231.000000 0.107451 0.008663 0.077727 0.009722 13.000000 0.028000
6232.000000 0.107809 0.008697 0.074651 0.008299 13.000000 0.028000
6233.000000 0.108172 0.008770 0.073368 0.009485 13.000000 0.028000
6234.000000 0.108581 0.008814 0.075259 0.010630 13.000000 0.028000
6235.000000 0.108996 0.008898 0.078759 0.011755 13.000000 0.028000
6236.000000 0.109405 0.008943 0.080543 0.012361 13.000000 0.028000
6237.000000 0.109815 0.008989 0.081165 0.010811 13.000000 0.028000
6238.000000 0.110224 0.009034 0.081482 0.010052 13.000000 0.028000
6239.000000 0.110639 0.009119 0.081918 0.011586 13.000000 0.028000
6240.000000 0.111048 0.009166 0.082141 0.012398 13.000000 0.028000
6241.000000 0.111457 0.009212 0.081973 0.010952 13.000000 0.028000
6242.000000 0.111866 0.009259 0.081887 0.010246 13.000000 0.028000
6243.000000 0.112281 0.009345 0.082113 0.011808 13.000000 0.028000
6244.000000 0.112695 0.009432 0.082497 0.014526 13.000000 0.028000
6245.000000 0.113156 0.009491 0.084958 0.014590 13.000000 0.028000
6246.000000 0.113571 0.009577 0.086204 0.014653 13.000000 0.028000
6247.000000 0.114031 0.009637 0.086837 0.014726 13.000000 0.028000
6248.000000 0.114446 0.009725 0.087152 0.014792 13.000000 0.028000
6249.000000 0.114907 0.009785 0.087312 0.014867 13.000000 0.028000
6250.000000 0.115362 0.009807 0.089404 0.011699 13.000000 0.028000
6251.000000 0.115781 0.009934 0.088446 0.013358 13.000000 0.028000
6252.000000 0.116196 0.010023 0.085941 0.017474 13.000000 0.028000
6253.000000 0.116656 0.010085 0.086675 0.016372 13.000000 0.028000
6254.000000 0.117122 0.010186 0.089578 0.016398 13.000000 0.028000
6255.000000 0.117588 0.010287 0.091309 0.018346 13.000000 0.028000
6256.000000 0.118048 0.010350 0.091931 0.017484 13.000000 0.028000
6257.000000 0.118560 0.010425 0.094524 0.015756 13.000000 0.028000
6258.000000 0.119021 0.010489 0.095845 0.014914 13.000000 0.028000
6259.000000 0.119440 0.010619 0.091935 0.017183 13.000000 0.028000
6260.000000 0.119952 0.010695 0.092477 0.018951 13.000000 0.028000
6261.000000 0.120412 0.010760 0.094785 0.016663 13.000000 0.028000
6262.000000 0.120877 0.010865 0.093666 0.016867 13.000000 0.028000
6263.000000 0.121342 0.010969 0.093333 0.018904 13.000000 0.028000
6264.000000 0.121854 0.011047 0.095449 0.018667 13.000000 0.028000
6265.000000 0.122366 0.011125 0.098813 0.017273 13.000000 0.028000
6266.000000 0.122836 0.011270 0.098460 0.019817 13.000000 0.028000
6267.000000 0.123342 0.011311 0.098045 0.019267 13.000000 0.028000
6268.000000 0.123760 0.011444 0.095284 0.018433 13.000000 0.028000
6269.000000 0.124277 0.011563 0.094341 0.021852 13.000000 0.028000
6270.000000 0.124788 0.011644 0.098449 0.021017 13.000000 0.028000
6271.000000 0.125299 0.011725 0.100304 0.018745 13.000000 0.028000
6272.000000 0.125764 0.011833 0.098941 0.018932 13.000000 0.028000
6273.000000 0.126280 0.011954 0.098466 0.020975 13.000000 0.028000
6274.000000 0.126795 0.012075 0.100741 0.022658 13.000000 0.028000
6275.000000 0.127306 0.012158 0.101669 0.021667 13.000000 0.028000
6276.000000 0.127770 0.012268 0.099604 0.020600 13.000000 0.028000
6277.000000 0.128281 0.012352 0.098548 0.020106 13.000000 0.028000
6278.000000 0.128792 0.012437 0.100312 0.018606 13.000000 0.028000
6279.000000 0.129261 0.012587 0.099105 0.021071 13.000000 0.028000
6280.000000 0.129776 0.012711 0.098697 0.024276 13.000000 0.028000
6281.000000 0.130291 0.012836 0.100786 0.024668 13.000000 0.028000
6282.000000 0.130801 0.012922 0.101632 0.023018 13.000000 0.028000
6283.000000 0.131316 0.013048 0.102050 0.022226 13.000000 0.028000
6284.000000 0.131878 0.013148 0.104782 0.022501 13.000000 0.028000
6285.000000 0.132337 0.013223 0.103439 0.020155 13.000000 0.028000
6286.000000 0.132804 0.013376 0.098104 0.021554 13.000000 0.028000
6287.000000 0.133319 0.013504 0.098104 0.024839 13.000000 0.028000
6288.000000 0.133829 0.013593 0.100212 0.023387 13.000000 0.028000
6289.000000 0.134339 0.013683 0.101079 0.020797 13.000000 0.028000
6290.000000 0.134853 0.013812 0.101710 0.021426 13.000000 0.028000
6291.000000 0.135367 0.013942 0.102218 0.023695 13.000000 0.028000
6292.000000 0.135881 0.014072 0.102463 0.024900 13.000000 0.028000
6293.000000 0.136442 0.014177 0.104906 0.024312 13.000000 0.028000
6294.000000 0.136948 0.014230 0.105766 0.020256 13.000000 0.028000
6295.000000 0.137367 0.014413 0.099199 0.021988 13.000000 0.028000
6296.000000 0.137876 0.014506 0.096043 0.024821 13.000000 0.028000
6297.000000 0.138437 0.014613 0.101411 0.022563 13.000000 0.028000
6298.000000 0.138899 0.014733 0.101806 0.022700 13.000000 0.028000
6299.000000 0.139412 0.014866 0.099663 0.024069 13.000000 0.028000
6300.000000 0.139925 0.015000 0.101074 0.025469 13.000000 0.028000
6301.000000 0.140438 0.015134 0.101780 0.026232 13.000000 0.028000
6302.000000 0.140947 0.015230 0.101955 0.024766 13.000000 0.028000
6303.000000 0.141456 0.015327 0.101861 0.022164 13.000000 0.028000
6304.000000 0.141918 0.015449 0.099465 0.022112 13.000000 0.028000
6305.000000 0.142426 0.015547 0.098240 0.022135 13.000000 0.028000
6306.000000 0.142939 0.015684 0.100114 0.022864 13.000000 0.028000
6307.000000 0.143403 0.015846 0.098881 0.026407 13.000000 0.028000
6308.000000 0.143864 0.015970 0.095732 0.027576 13.000000 0.028000
6309.000000 0.144373 0.016069 0.096295 0.025090 13.000000 0.028000
6310.000000 0.144932 0.016183 0.101429 0.023337 13.000000 0.028000
6311.000000 0.145393 0.016308 0.101689 0.023703 13.000000 0.028000
6312.000000 0.145898 0.016370 0.099153 0.021351 13.000000 0.028000
6313.000000 0.146310 0.016521 0.095495 0.021396 13.000000 0.028000
6314.000000 0.146822 0.016662 0.093939 0.025277 13.000000 0.028000
6315.000000 0.147282 0.016788 0.095483 0.026077 13.000000 0.028000
6316.000000 0.147742 0.016916 0.093752 0.025832 13.000000 0.028000
6317.000000 0.148250 0.017019 0.095216 0.024545 13.000000 0.028000
6318.000000 0.148710 0.017147 0.095951 0.023927 13.000000 0.028000
6319.000000 0.149217 0.017251 0.096320 0.023663 13.000000 0.028000
6320.000000 0.149674 0.017341 0.096354 0.021659 13.000000 0.028000
6321.000000 0.150134 0.017470 0.094004 0.021878 13.000000 0.028000
6322.000000 0.150494 0.017610 0.088079 0.024406 13.000000 0.028000
6323.000000 0.151001 0.017716 0.087412 0.024547 13.000000 0.028000
6324.000000 0.151458 0.017807 0.091786 0.022264 13.000000 0.028000
6325.000000 0.151917 0.017938 0.091642 0.022335 13.000000 0.028000
6326.000000 0.152325 0.018055 0.089200 0.023590 13.000000 0.028000
6327.000000 0.152781 0.018148 0.087813 0.022364 13.000000 0.028000
6328.000000 0.153240 0.018280 0.089594 0.022496 13.000000 0.028000
6329.000000 0.153648 0.018397 0.088129 0.023777 13.000000 0.028000
6330.000000 0.154053 0.018477 0.084747 0.021832 13.000000 0.028000
6331.000000 0.154460 0.018595 0.083014 0.020870 13.000000 0.028000
6332.000000 0.154868 0.018714 0.082254 0.022316 13.000000 0.028000
6333.000000 0.155275 0.018832 0.081858 0.023083 13.000000 0.028000
6334.000000 0.155683 0.018952 0.081646 0.023504 13.000000 0.028000
6335.000000 0.156087 0.019032 0.081409 0.021842 13.000000 0.028000
6336.000000 0.156494 0.019152 0.081278 0.021026 13.000000 0.028000
6337.000000 0.156902 0.019272 0.081328 0.022548 13.000000 0.028000
6338.000000 0.157258 0.019378 0.078851 0.022606 13.000000 0.028000
6339.000000 0.157660 0.019421 0.077348 0.018854 13.000000 0.028000
6340.000000 0.158016 0.019527 0.076575 0.016962 13.000000 0.028000
6341.000000 0.158374 0.019672 0.074032 0.021000 13.000000 0.028000
6342.000000 0.158730 0.019778 0.072730 0.023080 13.000000 0.028000
6343.000000 0.159132 0.019822 0.074211 0.019196 13.000000 0.028000
6344.000000 0.159488 0.019929 0.074958 0.017239 13.000000 0.028000
6345.000000 0.159795 0.020060 0.070688 0.020480 13.000000 0.028000
6346.000000 0.160199 0.020144 0.070887 0.021007 13.000000 0.028000
6347.000000 0.160506 0.020275 0.070976 0.021289 13.000000 0.028000
6348.000000 0.160808 0.020328 0.066043 0.019940 13.000000 0.028000
6349.000000 0.161162 0.020398 0.065797 0.016217 13.000000 0.028000
6350.000000 0.161466 0.020490 0.065775 0.016243 13.000000 0.028000
6351.000000 0.161822 0.020599 0.065865 0.018189 13.000000 0.028000
6352.000000 0.162126 0.020692 0.065905 0.019196 13.000000 0.028000
6353.000000 0.162428 0.020747 0.063331 0.017056 13.000000 0.028000
6354.000000 0.162733 0.020840 0.062014 0.015982 13.000000 0.028000
6355.000000 0.163086 0.020910 0.063829 0.016224 13.000000 0.028000
6356.000000 0.163340 0.020989 0.062263 0.015589 13.000000 0.028000
6357.000000 0.163595 0.021106 0.056684 0.017558 13.000000 0.028000
6358.000000 0.163849 0.021184 0.053838 0.018571 13.000000 0.028000
6359.000000 0.164151 0.021240 0.054675 0.016059 13.000000 0.028000
6360.000000 0.164453 0.021295 0.057489 0.013660 13.000000 0.028000
6361.000000 0.164706 0.021374 0.056530 0.013584 13.000000 0.028000
6362.000000 0.164960 0.021453 0.053649 0.014691 13.000000 0.028000
6363.000000 0.165264 0.021548 0.054661 0.016048 13.000000 0.028000
6364.000000 0.165517 0.021628 0.055172 0.016750 13.000000 0.028000
6365.000000 0.165767 0.021629 0.052766 0.012524 13.000000 0.028000
6366.000000 0.165971 0.021732 0.049142 0.011506 13.000000 0.028000
6367.000000 0.166222 0.021772 0.047388 0.012908 13.000000 0.028000
6368.000000 0.166425 0.021836 0.046400 0.011719 13.000000 0.028000
6369.000000 0.166629 0.021939 0.043589 0.014156 13.000000 0.028000
6370.000000 0.166881 0.021980 0.044550 0.014285 13.000000 0.028000
6371.000000 0.167083 0.022044 0.044947 0.012448 13.000000 0.028000
6372.000000 0.167336 0.022124 0.045235 0.013434 13.000000 0.028000
6373.000000 0.167587 0.022166 0.047776 0.012826 13.000000 0.028000
6374.000000 0.167786 0.022152 0.046420 0.007918 13.000000 0.028000
6375.000000 0.167940 0.022239 0.040932 0.007659 13.000000 0.028000
6376.000000 0.168141 0.022265 0.038223 0.009444 13.000000 0.028000
6377.000000 0.168343 0.022329 0.039236 0.009242 13.000000 0.028000
6378.000000 0.168495 0.022378 0.037354 0.010260 13.000000 0.028000
6379.000000 0.168695 0.022403 0.036312 0.008878 13.000000 0.028000
6380.000000 0.168896 0.022429 0.038179 0.007065 13.000000 0.028000
6381.000000 0.169049 0.022517 0.036810 0.009169 13.000000 0.028000
6382.000000 0.169299 0.022520 0.038514 0.009139 13.000000 0.028000
6383.000000 0.169449 0.022530 0.039220 0.005308 13.000000 0.028000
6384.000000 0.169550 0.022562 0.032300 0.004785 13.000000 0.028000
6385.000000 0.169702 0.022611 0.028854 0.006432 13.000000 0.028000
6386.000000 0.169852 0.022621 0.029499 0.006164 13.000000 0.028000
6387.000000 0.170004 0.022670 0.029826 0.006031 13.000000 0.028000
6388.000000 0.170154 0.022680 0.029993 0.005968 13.000000 0.028000
6389.000000 0.170304 0.022690 0.030000 0.004031 13.000000 0.028000
6390.000000 0.170457 0.022778 0.030156 0.006867 13.000000 0.028000
6391.000000 0.170607 0.022788 0.030237 0.008316 13.000000 0.028000
6392.000000 0.170755 0.022759 0.030049 0.003331 13.000000 0.028000
6393.000000 0.170808 0.022815 0.025147 0.003002 13.000000 0.028000
6394.000000 0.170958 0.022825 0.022727 0.004748 13.000000 0.028000
6395.000000 0.171057 0.022819 0.023820 0.002624 13.000000 0.028000
6396.000000 0.171207 0.022829 0.024378 0.001547 13.000000 0.028000
6397.000000 0.171308 0.022862 0.024737 0.002908 13.000000 0.028000
6398.000000 0.171409 0.022895 0.022516 0.004708 13.000000 0.028000
6399.000000 0.171558 0.022866 0.023715 0.002616 13.000000 0.028000
6400.000000 0.171658 0.022860 0.024251 -0.000357 13.000000 0.028000
6401.000000 0.171757 0.022854 0.022121 -0.000768 13.000000 0.028000
6402.000000 0.171808 0.022870 0.018632 0.000124 13.000000 0.028000
6403.000000 0.171907 0.022864 0.016854 0.000580 13.000000 0.028000
6404.000000 0.172007 0.022859 0.018353 -0.000286 13.000000 0.028000
6405.000000 0.172056 0.022836 0.016639 -0.001537 13.000000 0.028000
6406.000000 0.172155 0.022830 0.015766 -0.002172 13.000000 0.028000
6407.000000 0.172256 0.022863 0.017873 0.000225 13.000000 0.028000
6408.000000 0.172356 0.022857 0.018947 0.001449 13.000000 0.028000
6409.000000 0.172454 0.022812 0.019349 -0.001745 13.000000 0.028000
6410.000000 0.172503 0.022790 0.017075 -0.004183 13.000000 0.028000
6411.000000 0.172552 0.022768 0.013511 -0.004327 13.000000 0.028000
6412.000000 0.172603 0.022784 0.011769 -0.002490 13.000000 0.028000
6413.000000 0.172652 0.022762 0.010881 -0.001554 13.000000 0.028000
6414.000000 0.172751 0.022756 0.012835 -0.002173 13.000000 0.028000
6415.000000 0.172800 0.022734 0.013831 -0.002488 13.000000 0.028000
6416.000000 0.172851 0.022750 0.011932 -0.001551 13.000000 0.028000
6417.000000 0.172948 0.022667 0.013299 -0.004078 13.000000 0.028000
6418.000000 0.173000 0.022722 0.014068 -0.003456 13.000000 0.028000
6419.000000 0.173047 0.022661 0.012054 -0.002042 13.000000 0.028000
6420.000000 0.173047 0.022661 0.008476 -0.004046 13.000000 0.028000
6421.000000 0.173096 0.022638 0.006725 -0.003156 13.000000 0.028000
6422.000000 0.173145 0.022616 0.008240 -0.003798 13.000000 0.028000
6423.000000 0.173195 0.022594 0.009013 -0.004125 13.000000 0.028000
6424.000000 0.173244 0.022571 0.009406 -0.004291 13.000000 0.028000
6425.000000 0.173293 0.022549 0.009607 -0.004375 13.000000 0.028000
6426.000000 0.173391 0.022504 0.012117 -0.005511 13.000000 0.028000
6427.000000 0.173440 0.022482 0.013396 -0.006089 13.000000 0.028000
6428.000000 0.173489 0.022460 0.011641 -0.005289 13.000000 0.028000
6429.000000 0.173440 0.022482 0.005931 -0.002695 13.000000 0.028000
6430.000000 0.173489 0.022460 0.003022 -0.001373 13.000000 0.028000
6431.000000 0.173538 0.022438 0.006355 -0.002886 13.000000 0.028000
6432.000000 0.173587 0.022415 0.008054 -0.003657 13.000000 0.028000
6433.000000 0.173636 0.022393 0.008919 -0.004049 13.000000 0.028000
6434.000000 0.173636 0.022393 0.006952 -0.003156 13.000000 0.028000
6435.000000 0.173735 0.022348 0.008359 -0.003792 13.000000 0.028000
6436.000000 0.173784 0.022326 0.011484 -0.005209 13.000000 0.028000
6437.000000 0.173833 0.022304 0.010668 -0.004837 13.000000 0.028000
6438.000000 0.173833 0.022304 0.007844 -0.003557 13.000000 0.028000
6439.000000 0.173833 0.022304 0.003996 -0.001812 13.000000 0.028000
6440.000000 0.173882 0.022282 0.004445 -0.002015 13.000000 0.028000
6441.000000 0.173931 0.022259 0.007082 -0.003210 13.000000 0.028000
6442.000000 0.173980 0.022237 0.008426 -0.003818 13.000000 0.028000
6443.000000 0.174026 0.022137 0.008964 -0.007946 13.000000 0.028000
6444.000000 0.174074 0.022076 0.009165 -0.011958 13.000000 0.028000
6445.000000 0.174125 0.022092 0.009488 -0.008273 13.000000 0.028000
6446.000000 0.174123 0.022054 0.007243 -0.005306 13.000000 0.028000
6447.000000 0.174172 0.022031 0.006026 -0.005703 13.000000 0.028000
6448.000000 0.174220 0.021970 0.007815 -0.006995 13.000000 0.028000
6449.000000 0.174218 0.021931 0.006244 -0.008473 13.000000 0.028000
6450.000000 0.174267 0.021909 0.005517 -0.007316 13.000000 0.028000
6451.000000 0.174315 0.021848 0.007556 -0.007816 13.000000 0.028000
6452.000000 0.174361 0.021748 0.008446 -0.011889 13.000000 0.028000
6453.000000 0.174459 0.021703 0.011384 -0.013142 13.000000 0.028000
6454.000000 0.174509 0.021681 0.013030 -0.009962 13.000000 0.028000
6455.000000 0.174507 0.021642 0.008974 -0.008074 13.000000 0.028000
6456.000000 0.174555 0.021581 0.006833 -0.009020 13.000000 0.028000
6457.000000 0.174604 0.021559 0.008227 -0.008682 13.000000 0.028000
6458.000000 0.174651 0.021498 0.008937 -0.008508 13.000000 0.028000
6459.000000 0.174699 0.021437 0.009224 -0.010329 13.000000 0.028000
6460.000000 0.174747 0.021375 0.009370 -0.011256 13.000000 0.028000
6461.000000 0.174794 0.021314 0.009444 -0.011728 13.000000 0.028000
6462.000000 0.174891 0.021231 0.011893 -0.013054 13.000000 0.028000
6463.000000 0.174940 0.021209 0.013216 -0.011820 13.000000 0.028000
6464.000000 0.174939 0.021170 0.009068 -0.009018 13.000000 0.028000
6465.000000 0.175037 0.021126 0.009367 -0.008676 13.000000 0.028000
6466.000000 0.175085 0.021065 0.011930 -0.009587 13.000000 0.028000
6467.000000 0.175132 0.021004 0.010748 -0.010874 13.000000 0.028000
6468.000000 0.175229 0.020920 0.012558 -0.012614 13.000000 0.028000
6469.000000 0.175278 0.020898 0.013557 -0.011591 13.000000 0.028000
6470.000000 0.175373 0.020776 0.013989 -0.012977 13.000000 0.028000
6471.000000 0.175470 0.020693 0.016545 -0.016675 13.000000 0.028000
6472.000000 0.175569 0.020649 0.018002 -0.014738 13.000000 0.028000
6473.000000 0.175567 0.020610 0.013919 -0.011586 13.000000 0.028000
6474.000000 0.175665 0.020566 0.011840 -0.009977 13.000000 0.028000
6475.000000 0.175762 0.020483 0.015606 -0.011323 13.000000 0.028000
6476.000000 0.175810 0.020421 0.015034 -0.012834 13.000000 0.028000
6477.000000 0.175907 0.020338 0.014744 -0.013602 13.000000 0.028000
6478.000000 0.176005 0.020294 0.017087 -0.013165 13.000000 0.028000
6479.000000 0.176149 0.020150 0.020617 -0.015928 13.000000 0.028000
6480.000000 0.176246 0.020067 0.022339 -0.019243 13.000000 0.028000
6481.000000 0.176345 0.020023 0.020959 -0.016032 13.000000 0.028000
6482.000000 0.176392 0.019962 0.017842 -0.013316 13.000000 0.028000
6483.000000 0.176491 0.019918 0.016255 -0.011930 13.000000 0.028000
6484.000000 0.176588 0.019835 0.017861 -0.012301 13.000000 0.028000
6485.000000 0.176734 0.019730 0.021017 -0.015474 13.000000 0.028000
6486.000000 0.176831 0.019648 0.022625 -0.017089 13.000000 0.028000
6487.000000 0.176975 0.019504 0.023366 -0.019816 13.000000 0.028000
6488.000000 0.177123 0.019438 0.026241 -0.020369 13.000000 0.028000
6489.000000 0.177269 0.019333 0.027786 -0.018737 13.000000 0.028000
6490.000000 0.177417 0.019267 0.028575 -0.017901 13.000000 0.028000
6491.000000 0.177514 0.019185 0.026562 -0.016399 13.000000 0.028000
6492.000000 0.177611 0.019102 0.023040 -0.016467 13.000000 0.028000
6493.000000 0.177757 0.018997 0.023664 -0.017571 13.000000 0.028000
6494.000000 0.177903 0.018893 0.026400 -0.019203 13.000000 0.028000
6495.000000 0.178099 0.018766 0.030214 -0.021099 13.000000 0.028000
6496.000000 0.178243 0.018623 0.032078 -0.023970 13.000000 0.028000
6497.000000 0.178439 0.018497 0.033031 -0.025424 13.000000 0.028000
6498.000000 0.178633 0.018332 0.035936 -0.027227 13.000000 0.028000
6499.000000 0.178781 0.018266 0.035082 -0.025164 13.000000 0.028000
6500.000000 0.178927 0.018162 0.032310 -0.021132 13.000000 0.028000
6501.000000 0.179072 0.018019 0.030735 -0.022891 13.000000 0.028000
6502.000000 0.179267 0.017893 0.032355 -0.024847 13.000000 0.028000
6503.000000 0.179462 0.017728 0.035603 -0.026902 13.000000 0.028000
6504.000000 0.179656 0.017563 0.037177 -0.029849 13.000000 0.028000
6505.000000 0.179850 0.017399 0.037981 -0.031344 13.000000 0.028000
6506.000000 0.180143 0.017191 0.043239 -0.034214 13.000000 0.028000
6507.000000 0.180337 0.017026 0.045919 -0.035669 13.000000 0.028000
6508.000000 0.180582 0.016879 0.044952 -0.033428 13.000000 0.028000
6509.000000 0.180727 0.016737 0.042036 -0.031225 13.000000 0.028000
6510.000000 0.180970 0.016551 0.040470 -0.031998 13.000000 0.028000
6511.000000 0.181214 0.016365 0.044522 -0.034497 13.000000 0.028000
6512.000000 0.181458 0.016180 0.046591 -0.035757 13.000000 0.028000
6513.000000 0.181701 0.015994 0.047648 -0.036387 13.000000 0.028000
6514.000000 0.181943 0.015770 0.048103 -0.038605 13.000000 0.028000
6515.000000 0.182235 0.015524 0.050678 -0.042679 13.000000 0.028000
6516.000000 0.182528 0.015318 0.054510 -0.043881 13.000000 0.028000
6517.000000 0.182772 0.015133 0.054126 -0.041522 13.000000 0.028000
6518.000000 0.183014 0.014909 0.051417 -0.041168 13.000000 0.028000
6519.000000 0.183306 0.014664 0.052380 -0.043927 13.000000 0.028000
6520.000000 0.183598 0.014420 0.055303 -0.046363 13.000000 0.028000
6521.000000 0.183889 0.014175 0.056796 -0.047586 13.000000 0.028000
6522.000000 0.184181 0.013931 0.057561 -0.048191 13.000000 0.028000
6523.000000 0.184523 0.013665 0.060388 -0.049518 13.000000 0.028000
6524.000000 0.184864 0.013400 0.064266 -0.051211 13.000000 0.028000
6525.000000 0.185156 0.013156 0.063814 -0.051018 13.000000 0.028000
6526.000000 0.185450 0.012951 0.061250 -0.047956 13.000000 0.028000
6527.000000 0.185690 0.012690 0.057416 -0.047259 13.000000 0.028000
6528.000000 0.186032 0.012426 0.057810 -0.049823 13.000000 0.028000
6529.000000 0.186374 0.012161 0.062979 -0.051265 13.000000 0.028000
6530.000000 0.186715 0.011898 0.065619 -0.051975 13.000000 0.028000
6531.000000 0.187006 0.011616 0.064435 -0.053199 13.000000 0.028000
6532.000000 0.187346 0.011313 0.063740 -0.055706 13.000000 0.028000
6533.000000 0.187688 0.011050 0.065925 -0.056080 13.000000 0.028000
6534.000000 0.188030 0.010787 0.067142 -0.054338 13.000000 0.028000
6535.000000 0.188274 0.010605 0.062987 -0.049486 13.000000 0.028000
6536.000000 0.188616 0.010342 0.060876 -0.046989 13.000000 0.028000
6537.000000 0.188909 0.010101 0.062145 -0.048632 13.000000 0.028000
6538.000000 0.189251 0.009838 0.062798 -0.049444 13.000000 0.028000
6539.000000 0.189591 0.009538 0.065475 -0.052761 13.000000 0.028000
6540.000000 0.189934 0.009276 0.066846 -0.054427 13.000000 0.028000
6541.000000 0.190274 0.008975 0.067548 -0.055252 13.000000 0.028000
6542.000000 0.190616 0.008714 0.067912 -0.055649 13.000000 0.028000
6543.000000 0.190961 0.008492 0.068311 -0.052012 13.000000 0.028000
6544.000000 0.191206 0.008311 0.063730 -0.046223 13.000000 0.028000
6545.000000 0.191499 0.008071 0.058853 -0.044155 13.000000 0.028000
6546.000000 0.191842 0.007811 0.061161 -0.047002 13.000000 0.028000
6547.000000 0.192137 0.007610 0.062446 -0.046528 13.000000 0.028000
6548.000000 0.192479 0.007350 0.063108 -0.046261 13.000000 0.028000
6549.000000 0.192824 0.007129 0.065900 -0.047105 13.000000 0.028000
6550.000000 0.193115 0.006851 0.064771 -0.048426 13.000000 0.028000
6551.000000 0.193461 0.006631 0.064205 -0.049074 13.000000 0.028000
6552.000000 0.193756 0.006431 0.064133 -0.045574 13.000000 0.028000
6553.000000 0.194001 0.006251 0.059201 -0.041787 13.000000 0.028000
6554.000000 0.194344 0.005993 0.059037 -0.042736 13.000000 0.028000
6555.000000 0.194590 0.005814 0.058956 -0.043212 13.000000 0.028000
6556.000000 0.194885 0.005614 0.056577 -0.040535 13.000000 0.028000
6557.000000 0.195181 0.005415 0.057822 -0.040146 13.000000 0.028000
6558.000000 0.195477 0.005217 0.058462 -0.039931 13.000000 0.028000
6559.000000 0.195820 0.004959 0.061138 -0.042693 13.000000 0.028000
6560.000000 0.196118 0.004799 0.062618 -0.042176 13.000000 0.028000
6561.000000 0.196416 0.004640 0.061144 -0.037095 13.000000 0.028000
6562.000000 0.196612 0.004482 0.055374 -0.034442 13.000000 0.028000
6563.000000 0.196908 0.004284 0.052330 -0.034980 13.000000 0.028000
6564.000000 0.197153 0.004106 0.053237 -0.036226 13.000000 0.028000
6565.000000 0.197452 0.003947 0.053817 -0.034935 13.000000 0.028000
6566.000000 0.197698 0.003770 0.054115 -0.034266 13.000000 0.028000
6567.000000 0.197944 0.003592 0.051702 -0.034843 13.000000 0.028000
6568.000000 0.198190 0.003415 0.050476 -0.035126 13.000000 0.028000
6569.000000 0.198486 0.003218 0.052314 -0.036228 13.000000 0.028000
6570.000000 0.198736 0.003119 0.053481 -0.032964 13.000000 0.028000
6571.000000 0.198985 0.002981 0.051733 -0.028408 13.000000 0.028000
6572.000000 0.199183 0.002862 0.048273 -0.027017 13.000000 0.028000
6573.000000 0.199432 0.002725 0.046515 -0.026296 13.000000 0.028000
6574.000000 0.199680 0.002587 0.048083 -0.026887 13.000000 0.028000
6575.000000 0.199879 0.002469 0.046423 -0.026213 13.000000 0.028000
6576.000000 0.200125 0.002293 0.045468 -0.027764 13.000000 0.028000
6577.000000 0.200374 0.002155 0.047447 -0.029509 13.000000 0.028000
6578.000000 0.200622 0.002018 0.048574 -0.028479 13.000000 0.028000
6579.000000 0.200823 0.001939 0.046802 -0.025076 13.000000 0.028000
6580.000000 0.200974 0.001880 0.041089 -0.019506 13.000000 0.028000
6581.000000 0.201172 0.001763 0.038067 -0.018568 13.000000 0.028000
6582.000000 0.201323 0.001704 0.036529 -0.018088 13.000000 0.028000
6583.000000 0.201522 0.001587 0.035748 -0.017835 13.000000 0.028000
6584.000000 0.201723 0.001509 0.037817 -0.018658 13.000000 0.028000
6585.000000 0.201921 0.001392 0.038874 -0.019070 13.000000 0.028000
6586.000000 0.202173 0.001294 0.041882 -0.020225 13.000000 0.028000
6587.000000 0.202324 0.001236 0.041065 -0.017947 13.000000 0.028000
6588.000000 0.202474 0.001177 0.035719 -0.014870 13.000000 0.028000
6589.000000 0.202575 0.001138 0.030530 -0.012347 13.000000 0.028000
6590.000000 0.202726 0.001080 0.027888 -0.011057 13.000000 0.028000
6591.000000 0.202874 0.000983 0.028894 -0.013258 13.000000 0.028000
6592.000000 0.203025 0.000924 0.029409 -0.014374 13.000000 0.028000
6593.000000 0.203176 0.000866 0.029788 -0.013032 13.000000 0.028000
6594.000000 0.203277 0.000827 0.027514 -0.011394 13.000000 0.028000
6595.000000 0.203478 0.000750 0.028826 -0.011504 13.000000 0.028000
6596.000000 0.203579 0.000711 0.029494 -0.011559 13.000000 0.028000
6597.000000 0.203679 0.000672 0.024900 -0.009685 13.000000 0.028000
6598.000000 0.203780 0.000633 0.022560 -0.008729 13.000000 0.028000
6599.000000 0.203830 0.000614 0.018899 -0.007293 13.000000 0.028000
6600.000000 0.203931 0.000575 0.017035 -0.006559 13.000000 0.028000
6601.000000 0.204032 0.000537 0.018554 -0.007132 13.000000 0.028000
6602.000000 0.204084 0.000556 0.016974 -0.004569 13.000000 0.028000
6603.000000 0.204190 0.000595 0.016398 0.000554 13.000000 0.028000
6604.000000 0.204293 0.000596 0.018574 0.002218 13.000000 0.028000
6605.000000 0.204345 0.000615 0.017098 0.002106 13.000000 0.028000
6606.000000 0.204396 0.000596 0.013764 0.001089 13.000000 0.028000
6607.000000 0.204398 0.000635 0.009595 0.001516 13.000000 0.028000
6608.000000 0.204451 0.000654 0.007585 0.003641 13.000000 0.028000
6609.000000 0.204506 0.000713 0.009142 0.005686 13.000000 0.028000
6610.000000 0.204508 0.000752 0.007466 0.007673 13.000000 0.028000
6611.000000 0.204561 0.000771 0.006499 0.006779 13.000000 0.028000
6612.000000 0.204618 0.000869 0.008698 0.009193 13.000000 0.028000
6613.000000 0.204671 0.000889 0.009819 0.010424 13.000000 0.028000
6614.000000 0.204673 0.000927 0.007695 0.008181 13.000000 0.028000
6615.000000 0.204723 0.000908 0.006503 0.005131 13.000000 0.028000
6616.000000 0.204677 0.001005 0.003535 0.006429 13.000000 0.028000
6617.000000 0.204680 0.001044 -0.000335 0.009943 13.000000 0.028000
6618.000000 0.204732 0.001064 0.002521 0.007936 4.000000 0.028000
6619.000000 0.204735 0.001103 0.003976 0.006914 4.000000 0.028000
6620.000000 0.204737 0.001142 0.002247 0.007338 4.000000 0.028000
6621.000000 0.204741 0.001219 0.001475 0.009461 4.000000 0.028000
6622.000000 0.204744 0.001258 0.001082 0.010543 4.000000 0.028000
6623.000000 0.204746 0.001297 0.000771 0.009187 4.000000 0.028000
6624.000000 0.204746 0.001297 0.000503 0.006588 4.000000 0.028000
6625.000000 0.204748 0.001336 0.000366 0.005264 4.000000 0.028000
6626.000000 0.204748 0.001336 0.000296 0.004590 4.000000 0.028000
