# imt log
s logheadsize 000234
s logcolumns 7
s logname /home/testac/lgames/fitts/20180711_Wed/run1.124553.dat
s logversion 2.0
s logdate "Wed Jul 11 12:45:53 EDT 2018"
s logidate 1531327553

# begin user data

# end user data

#####
1256.000000 -0.003272 0.001044 0.000000 -0.000000 0.000000 0.000000
1257.000000 -0.003272 0.001044 0.000000 -0.000000 0.000000 0.000000
1258.000000 -0.003272 0.001044 0.000000 -0.000000 7.000000 0.028000
1259.000000 -0.003272 0.001044 0.000000 -0.000000 7.000000 0.028000
1260.000000 -0.003272 0.001044 0.000000 -0.000000 7.000000 0.028000
1261.000000 -0.003272 0.001044 0.000000 -0.000000 7.000000 0.028000
1262.000000 -0.003272 0.001044 0.000000 -0.000000 7.000000 0.028000
1263.000000 -0.003272 0.001044 0.000000 -0.000000 7.000000 0.028000
1264.000000 -0.003272 0.001044 0.000000 -0.000000 7.000000 0.028000
1265.000000 -0.003272 0.001044 0.000000 -0.000000 7.000000 0.028000
1266.000000 -0.003272 0.001044 0.000000 -0.000000 7.000000 0.028000
1267.000000 -0.003272 0.001044 0.000000 -0.000000 7.000000 0.028000
1268.000000 -0.003272 0.001044 0.000000 -0.000000 7.000000 0.028000
1269.000000 -0.003272 0.001044 0.000000 -0.000000 7.000000 0.028000
1270.000000 -0.003272 0.001044 0.000000 -0.000000 7.000000 0.028000
1271.000000 -0.003272 0.001044 0.000000 -0.000000 7.000000 0.028000
1272.000000 -0.003272 0.001044 0.000000 -0.000000 7.000000 0.028000
1273.000000 -0.003272 0.001044 0.000000 -0.000000 7.000000 0.028000
1274.000000 -0.003272 0.001044 0.000000 -0.000000 7.000000 0.028000
1275.000000 -0.003272 0.001044 0.000000 -0.000000 7.000000 0.028000
1276.000000 -0.003272 0.001044 0.000000 -0.000000 7.000000 0.028000
1277.000000 -0.003272 0.001044 0.000000 -0.000000 7.000000 0.028000
1278.000000 -0.003272 0.001044 0.000000 -0.000000 7.000000 0.028000
1279.000000 -0.003272 0.001044 0.000000 -0.000000 7.000000 0.028000
1280.000000 -0.003272 0.001044 0.000000 -0.000000 7.000000 0.028000
1281.000000 -0.003272 0.001044 0.000000 -0.000000 7.000000 0.028000
1282.000000 -0.003272 0.001044 0.000000 -0.000000 7.000000 0.028000
1283.000000 -0.003272 0.001044 0.000000 -0.000000 7.000000 0.028000
1284.000000 -0.003272 0.001044 0.000000 -0.000000 7.000000 0.028000
1285.000000 -0.003272 0.001044 0.000000 -0.000000 7.000000 0.028000
1286.000000 -0.003272 0.001044 0.000000 -0.000000 7.000000 0.028000
1287.000000 -0.003272 0.001044 0.000000 -0.000000 7.000000 0.028000
1288.000000 -0.003272 0.001044 0.000000 -0.000000 7.000000 0.028000
1289.000000 -0.003272 0.001044 0.000000 -0.000000 7.000000 0.028000
1290.000000 -0.003272 0.001044 0.000000 -0.000000 7.000000 0.028000
1291.000000 -0.003272 0.001044 0.000000 -0.000000 7.000000 0.028000
1292.000000 -0.003272 0.001044 0.000000 -0.000000 7.000000 0.028000
1293.000000 -0.003272 0.001044 0.000000 -0.000000 7.000000 0.028000
1294.000000 -0.003272 0.001044 0.000000 -0.000000 7.000000 0.028000
1295.000000 -0.003272 0.001044 0.000000 -0.000000 7.000000 0.028000
1296.000000 -0.003272 0.001044 0.000000 -0.000000 7.000000 0.028000
1297.000000 -0.003272 0.001044 0.000000 -0.000000 7.000000 0.028000
1298.000000 -0.003272 0.001044 0.000000 -0.000000 7.000000 0.028000
1299.000000 -0.003272 0.001044 0.000000 -0.000000 7.000000 0.028000
1300.000000 -0.003272 0.001044 0.000000 -0.000000 7.000000 0.028000
1301.000000 -0.003272 0.001044 0.000000 -0.000000 7.000000 0.028000
1302.000000 -0.003272 0.001044 0.000000 -0.000000 7.000000 0.028000
1303.000000 -0.003272 0.001044 0.000000 -0.000000 7.000000 0.028000
1304.000000 -0.003272 0.001044 0.000000 -0.000000 7.000000 0.028000
1305.000000 -0.003272 0.001044 0.000000 -0.000000 7.000000 0.028000
1306.000000 -0.003272 0.001044 0.000000 -0.000000 7.000000 0.028000
1307.000000 -0.003272 0.001044 0.000000 -0.000000 7.000000 0.028000
1308.000000 -0.003272 0.001044 0.000000 -0.000000 7.000000 0.028000
1309.000000 -0.003272 0.001044 0.000000 -0.000000 7.000000 0.028000
1310.000000 -0.003272 0.001044 0.000000 -0.000000 7.000000 0.028000
1311.000000 -0.003272 0.001044 0.000000 -0.000000 7.000000 0.028000
1312.000000 -0.003272 0.001044 0.000000 -0.000000 7.000000 0.028000
1313.000000 -0.003272 0.001044 0.000000 -0.000000 7.000000 0.028000
1314.000000 -0.003272 0.001044 0.000000 -0.000000 7.000000 0.028000
1315.000000 -0.003272 0.001044 0.000000 -0.000000 7.000000 0.028000
1316.000000 -0.003272 0.001044 0.000000 -0.000000 7.000000 0.028000
1317.000000 -0.003272 0.001044 0.000000 -0.000000 7.000000 0.028000
1318.000000 -0.003272 0.001044 0.000000 -0.000000 7.000000 0.028000
1319.000000 -0.003272 0.001044 0.000000 -0.000000 7.000000 0.028000
1320.000000 -0.003272 0.001044 0.000000 -0.000000 7.000000 0.028000
1321.000000 -0.003272 0.001044 0.000000 -0.000000 7.000000 0.028000
1322.000000 -0.003272 0.001044 0.000000 -0.000000 7.000000 0.028000
1323.000000 -0.003272 0.001044 0.000000 -0.000000 7.000000 0.028000
1324.000000 -0.003272 0.001044 0.000000 -0.000000 7.000000 0.028000
1325.000000 -0.003272 0.001044 0.000000 -0.000000 7.000000 0.028000
1326.000000 -0.003272 0.001044 0.000000 -0.000000 7.000000 0.028000
1327.000000 -0.003272 0.001044 0.000000 -0.000000 7.000000 0.028000
1328.000000 -0.003272 0.001044 0.000000 -0.000000 7.000000 0.028000
1329.000000 -0.003272 0.001044 0.000000 -0.000000 7.000000 0.028000
1330.000000 -0.003272 0.001044 0.000000 -0.000000 7.000000 0.028000
1331.000000 -0.003272 0.001044 0.000000 -0.000000 7.000000 0.028000
1332.000000 -0.003272 0.001044 0.000000 -0.000000 7.000000 0.028000
1333.000000 -0.003272 0.001044 0.000000 -0.000000 7.000000 0.028000
1334.000000 -0.003272 0.001044 0.000000 -0.000000 7.000000 0.028000
1335.000000 -0.003272 0.001044 0.000000 -0.000000 7.000000 0.028000
1336.000000 -0.003272 0.001044 0.000000 -0.000000 7.000000 0.028000
1337.000000 -0.003272 0.001044 0.000000 -0.000000 7.000000 0.028000
1338.000000 -0.003272 0.001044 0.000000 -0.000000 7.000000 0.028000
1339.000000 -0.003272 0.001044 0.000000 -0.000000 7.000000 0.028000
1340.000000 -0.003272 0.001044 0.000000 -0.000000 7.000000 0.028000
1341.000000 -0.003272 0.001044 0.000000 -0.000000 7.000000 0.028000
1342.000000 -0.003272 0.001044 0.000000 -0.000000 7.000000 0.028000
1343.000000 -0.003272 0.001044 0.000000 -0.000000 7.000000 0.028000
1344.000000 -0.003272 0.001044 0.000000 -0.000000 7.000000 0.028000
1345.000000 -0.003272 0.001044 0.000000 -0.000000 7.000000 0.028000
1346.000000 -0.003272 0.001044 0.000000 -0.000000 7.000000 0.028000
1347.000000 -0.003272 0.001044 0.000000 -0.000000 7.000000 0.028000
1348.000000 -0.003272 0.001044 0.000000 -0.000000 7.000000 0.028000
1349.000000 -0.003272 0.001044 0.000000 -0.000000 7.000000 0.028000
1350.000000 -0.003272 0.001044 0.000000 -0.000000 7.000000 0.028000
1351.000000 -0.003272 0.001044 0.000000 -0.000000 7.000000 0.028000
1352.000000 -0.003272 0.001044 0.000000 -0.000000 7.000000 0.028000
1353.000000 -0.003272 0.001044 0.000000 -0.000000 7.000000 0.028000
1354.000000 -0.003272 0.001044 0.000000 -0.000000 7.000000 0.028000
1355.000000 -0.003272 0.001044 0.000000 -0.000000 7.000000 0.028000
1356.000000 -0.003272 0.001044 0.000000 -0.000000 7.000000 0.028000
1357.000000 -0.003272 0.001044 0.000000 -0.000000 7.000000 0.028000
1358.000000 -0.003272 0.001044 0.000000 -0.000000 7.000000 0.028000
1359.000000 -0.003272 0.001044 0.000000 -0.000000 7.000000 0.028000
1360.000000 -0.003272 0.001044 0.000000 -0.000000 7.000000 0.028000
1361.000000 -0.003272 0.001044 0.000000 -0.000000 7.000000 0.028000
1362.000000 -0.003272 0.001044 0.000000 -0.000000 7.000000 0.028000
1363.000000 -0.003272 0.001044 0.000000 -0.000000 7.000000 0.028000
1364.000000 -0.003272 0.001044 0.000000 -0.000000 7.000000 0.028000
1365.000000 -0.003272 0.001044 0.000000 -0.000000 7.000000 0.028000
1366.000000 -0.003272 0.001044 0.000000 -0.000000 7.000000 0.028000
1367.000000 -0.003272 0.001044 0.000000 -0.000000 7.000000 0.028000
1368.000000 -0.003272 0.001044 0.000000 -0.000000 7.000000 0.028000
1369.000000 -0.003272 0.001044 0.000000 -0.000000 7.000000 0.028000
1370.000000 -0.003272 0.001044 0.000000 -0.000000 7.000000 0.028000
1371.000000 -0.003272 0.001044 0.000000 -0.000000 7.000000 0.028000
1372.000000 -0.003272 0.001044 0.000000 -0.000000 7.000000 0.028000
1373.000000 -0.003272 0.001044 0.000000 -0.000000 7.000000 0.028000
1374.000000 -0.003272 0.001044 0.000000 -0.000000 7.000000 0.028000
1375.000000 -0.003272 0.001044 0.000000 -0.000000 7.000000 0.028000
1376.000000 -0.003272 0.001044 0.000000 -0.000000 7.000000 0.028000
1377.000000 -0.003272 0.001044 0.000000 -0.000000 7.000000 0.028000
1378.000000 -0.003272 0.001044 0.000000 -0.000000 7.000000 0.028000
1379.000000 -0.003272 0.001044 0.000000 -0.000000 7.000000 0.028000
1380.000000 -0.003272 0.001044 0.000000 -0.000000 7.000000 0.028000
1381.000000 -0.003272 0.001044 0.000000 -0.000000 7.000000 0.028000
1382.000000 -0.003272 0.001044 0.000000 -0.000000 7.000000 0.028000
1383.000000 -0.003272 0.001044 0.000000 -0.000000 7.000000 0.028000
1384.000000 -0.003272 0.001044 0.000000 -0.000000 7.000000 0.028000
1385.000000 -0.003272 0.001044 0.000000 -0.000000 7.000000 0.028000
1386.000000 -0.003272 0.001044 0.000000 -0.000000 7.000000 0.028000
1387.000000 -0.003272 0.001044 0.000000 -0.000000 7.000000 0.028000
1388.000000 -0.003272 0.001044 0.000000 -0.000000 7.000000 0.028000
1389.000000 -0.003272 0.001044 0.000000 -0.000000 7.000000 0.028000
1390.000000 -0.003272 0.001044 0.000000 -0.000000 7.000000 0.028000
1391.000000 -0.003272 0.001044 0.000000 -0.000000 7.000000 0.028000
1392.000000 -0.003272 0.001044 0.000000 -0.000000 7.000000 0.028000
1393.000000 -0.003272 0.001044 0.000000 -0.000000 7.000000 0.028000
1394.000000 -0.003272 0.001044 0.000000 -0.000000 7.000000 0.028000
1395.000000 -0.003272 0.001044 0.000000 -0.000000 7.000000 0.028000
1396.000000 -0.003272 0.001044 0.000000 -0.000000 7.000000 0.028000
1397.000000 -0.003272 0.001044 0.000000 -0.000000 7.000000 0.028000
1398.000000 -0.003272 0.001044 0.000000 -0.000000 7.000000 0.028000
1399.000000 -0.003272 0.001044 0.000000 -0.000000 7.000000 0.028000
1400.000000 -0.003272 0.001044 0.000000 -0.000000 7.000000 0.028000
1401.000000 -0.003272 0.001044 0.000000 -0.000000 7.000000 0.028000
1402.000000 -0.003272 0.001044 0.000000 -0.000000 7.000000 0.028000
1403.000000 -0.003272 0.001044 0.000000 -0.000000 7.000000 0.028000
1404.000000 -0.003272 0.001044 0.000000 -0.000000 7.000000 0.028000
1405.000000 -0.003272 0.001044 0.000000 -0.000000 7.000000 0.028000
1406.000000 -0.003272 0.001044 0.000000 -0.000000 7.000000 0.028000
1407.000000 -0.003272 0.001044 0.000000 -0.000000 7.000000 0.028000
1408.000000 -0.003272 0.001044 0.000000 -0.000000 7.000000 0.028000
1409.000000 -0.003272 0.001044 0.000000 -0.000000 7.000000 0.028000
1410.000000 -0.003272 0.001044 0.000000 -0.000000 7.000000 0.028000
1411.000000 -0.003272 0.001044 0.000000 -0.000000 7.000000 0.028000
1412.000000 -0.003272 0.001044 0.000000 -0.000000 7.000000 0.028000
1413.000000 -0.003272 0.001044 0.000000 -0.000000 7.000000 0.028000
1414.000000 -0.003272 0.001044 0.000000 -0.000000 7.000000 0.028000
1415.000000 -0.003272 0.001044 0.000000 -0.000000 7.000000 0.028000
1416.000000 -0.003272 0.001044 0.000000 -0.000000 7.000000 0.028000
1417.000000 -0.003272 0.001044 0.000000 -0.000000 7.000000 0.028000
1418.000000 -0.003272 0.001044 0.000000 -0.000000 7.000000 0.028000
1419.000000 -0.003272 0.001044 0.000000 -0.000000 7.000000 0.028000
1420.000000 -0.003272 0.001044 0.000000 -0.000000 7.000000 0.028000
1421.000000 -0.003272 0.001044 0.000000 -0.000000 7.000000 0.028000
1422.000000 -0.003272 0.001044 0.000000 -0.000000 7.000000 0.028000
1423.000000 -0.003272 0.001044 0.000000 -0.000000 7.000000 0.028000
1424.000000 -0.003272 0.001044 0.000000 -0.000000 7.000000 0.028000
1425.000000 -0.003272 0.001044 0.000000 -0.000000 7.000000 0.028000
1426.000000 -0.003272 0.001044 0.000000 -0.000000 7.000000 0.028000
1427.000000 -0.003272 0.001044 0.000000 -0.000000 7.000000 0.028000
1428.000000 -0.003272 0.001044 0.000000 -0.000000 7.000000 0.028000
1429.000000 -0.003272 0.001044 0.000000 -0.000000 7.000000 0.028000
1430.000000 -0.003272 0.001044 0.000000 -0.000000 7.000000 0.028000
1431.000000 -0.003272 0.001044 0.000000 -0.000000 7.000000 0.028000
1432.000000 -0.003272 0.001044 0.000000 -0.000000 7.000000 0.028000
1433.000000 -0.003272 0.001044 0.000000 -0.000000 7.000000 0.028000
1434.000000 -0.003272 0.001044 0.000000 -0.000000 7.000000 0.028000
1435.000000 -0.003272 0.001044 0.000000 -0.000000 7.000000 0.028000
1436.000000 -0.003272 0.001044 0.000000 -0.000000 7.000000 0.028000
1437.000000 -0.003272 0.001044 0.000000 -0.000000 7.000000 0.028000
1438.000000 -0.003272 0.001044 0.000000 -0.000000 7.000000 0.028000
1439.000000 -0.003272 0.001044 0.000000 -0.000000 7.000000 0.028000
1440.000000 -0.003272 0.001044 0.000000 -0.000000 7.000000 0.028000
1441.000000 -0.003272 0.001044 0.000000 -0.000000 7.000000 0.028000
1442.000000 -0.003272 0.001044 0.000000 -0.000000 7.000000 0.028000
1443.000000 -0.003272 0.001044 0.000000 -0.000000 7.000000 0.028000
1444.000000 -0.003272 0.001044 0.000000 -0.000000 7.000000 0.028000
1445.000000 -0.003272 0.001044 0.000000 -0.000000 7.000000 0.028000
1446.000000 -0.003272 0.001044 0.000000 -0.000000 7.000000 0.028000
1447.000000 -0.003272 0.001044 0.000000 -0.000000 7.000000 0.028000
1448.000000 -0.003272 0.001044 0.000000 -0.000000 7.000000 0.028000
1449.000000 -0.003272 0.001044 0.000000 -0.000000 7.000000 0.028000
1450.000000 -0.003272 0.001044 0.000000 -0.000000 7.000000 0.028000
1451.000000 -0.003272 0.001044 0.000000 -0.000000 7.000000 0.028000
1452.000000 -0.003272 0.001044 0.000000 -0.000000 7.000000 0.028000
1453.000000 -0.003272 0.001044 0.000000 -0.000000 7.000000 0.028000
1454.000000 -0.003272 0.001044 0.000000 -0.000000 7.000000 0.028000
1455.000000 -0.003272 0.001044 0.000000 -0.000000 7.000000 0.028000
1456.000000 -0.003272 0.001044 0.000000 -0.000000 7.000000 0.028000
1457.000000 -0.003272 0.001044 0.000000 -0.000000 7.000000 0.028000
1458.000000 -0.003272 0.001044 0.000000 -0.000000 7.000000 0.028000
1459.000000 -0.003272 0.001044 0.000000 -0.000000 7.000000 0.028000
1460.000000 -0.003272 0.001044 0.000000 -0.000000 7.000000 0.028000
1461.000000 -0.003272 0.001044 0.000000 -0.000000 7.000000 0.028000
1462.000000 -0.003272 0.001044 0.000000 -0.000000 7.000000 0.028000
1463.000000 -0.003272 0.001044 0.000000 -0.000000 7.000000 0.028000
1464.000000 -0.003272 0.001044 0.000000 -0.000000 7.000000 0.028000
1465.000000 -0.003272 0.001044 0.000000 -0.000000 7.000000 0.028000
1466.000000 -0.003272 0.001044 0.000000 -0.000000 7.000000 0.028000
1467.000000 -0.003272 0.001044 0.000000 -0.000000 7.000000 0.028000
1468.000000 -0.003272 0.001044 0.000000 -0.000000 7.000000 0.028000
1469.000000 -0.003272 0.001044 0.000000 -0.000000 7.000000 0.028000
1470.000000 -0.003272 0.001044 0.000000 -0.000000 7.000000 0.028000
1471.000000 -0.003272 0.001044 0.000000 -0.000000 7.000000 0.028000
1472.000000 -0.003272 0.001044 0.000000 -0.000000 7.000000 0.028000
1473.000000 -0.003272 0.001044 0.000000 -0.000000 7.000000 0.028000
1474.000000 -0.003272 0.001044 0.000000 -0.000000 7.000000 0.028000
1475.000000 -0.003272 0.001044 0.000000 -0.000000 7.000000 0.028000
1476.000000 -0.003272 0.001044 0.000000 -0.000000 7.000000 0.028000
1477.000000 -0.003272 0.001044 0.000000 -0.000000 7.000000 0.028000
1478.000000 -0.003272 0.001044 0.000000 -0.000000 7.000000 0.028000
1479.000000 -0.003311 0.001081 -0.001927 0.001811 7.000000 0.028000
1480.000000 -0.003351 0.001118 -0.004835 0.004545 7.000000 0.028000
1481.000000 -0.003351 0.001118 -0.004390 0.004127 7.000000 0.028000
1482.000000 -0.003390 0.001155 -0.004163 0.003914 7.000000 0.028000
1483.000000 -0.003468 0.001229 -0.007899 0.007430 7.000000 0.028000
1484.000000 -0.003508 0.001266 -0.009803 0.009221 7.000000 0.028000
1485.000000 -0.003586 0.001340 -0.010771 0.010136 7.000000 0.028000
1486.000000 -0.003586 0.001340 -0.009339 0.008789 7.000000 0.028000
1487.000000 -0.003665 0.001414 -0.008608 0.008104 7.000000 0.028000
1488.000000 -0.003743 0.001488 -0.012085 0.011382 7.000000 0.028000
1489.000000 -0.003822 0.001562 -0.013855 0.013054 7.000000 0.028000
1490.000000 -0.003861 0.001598 -0.012832 0.012092 7.000000 0.028000
1491.000000 -0.003939 0.001672 -0.012309 0.011604 7.000000 0.028000
1492.000000 -0.004057 0.001783 -0.015888 0.014986 7.000000 0.028000
1493.000000 -0.004096 0.001820 -0.015788 0.014895 7.000000 0.028000
1494.000000 -0.004175 0.001894 -0.013812 0.013035 7.000000 0.028000
1495.000000 -0.004214 0.001931 -0.012805 0.012088 7.000000 0.028000
1496.000000 -0.004253 0.001968 -0.010369 0.009790 7.000000 0.028000
1497.000000 -0.004332 0.002043 -0.011049 0.010436 7.000000 0.028000
1498.000000 -0.004371 0.002080 -0.011396 0.010766 7.000000 0.028000
1499.000000 -0.004449 0.002154 -0.011571 0.010935 7.000000 0.028000
1500.000000 -0.004528 0.002228 -0.013580 0.012839 7.000000 0.028000
1501.000000 -0.004619 0.002265 -0.015257 0.012016 7.000000 0.028000
1502.000000 -0.004672 0.002266 -0.014844 0.007984 7.000000 0.028000
1503.000000 -0.004737 0.002376 -0.013324 0.009522 7.000000 0.028000
1504.000000 -0.004750 0.002340 -0.010630 0.008487 7.000000 0.028000
1505.000000 -0.004789 0.002377 -0.007990 0.004347 7.000000 0.028000
1506.000000 -0.004829 0.002414 -0.007911 0.005851 7.000000 0.028000
1507.000000 -0.004881 0.002414 -0.008525 0.004823 7.000000 0.028000
1508.000000 -0.004920 0.002451 -0.008838 0.004299 7.000000 0.028000
1509.000000 -0.004973 0.002452 -0.008997 0.004033 7.000000 0.028000
1510.000000 -0.005064 0.002489 -0.011651 0.003922 7.000000 0.028000
1511.000000 -0.005117 0.002490 -0.013004 0.003866 7.000000 0.028000
1512.000000 -0.005143 0.002564 -0.010463 0.005609 7.000000 0.028000
1513.000000 -0.005143 0.002564 -0.006595 0.006472 7.000000 0.028000
1514.000000 -0.005195 0.002564 -0.005934 0.003322 7.000000 0.028000
1515.000000 -0.005195 0.002564 -0.005597 0.001717 7.000000 0.028000
1516.000000 -0.005248 0.002565 -0.005425 0.000900 7.000000 0.028000
1517.000000 -0.005248 0.002565 -0.005338 0.000483 7.000000 0.028000
1518.000000 -0.005287 0.002602 -0.004638 0.002066 7.000000 0.028000
1519.000000 -0.005339 0.002602 -0.006855 0.002898 7.000000 0.028000
1520.000000 -0.005339 0.002602 -0.006066 0.001502 7.000000 0.028000
1521.000000 -0.005339 0.002602 -0.003091 0.000765 7.000000 0.028000
1522.000000 -0.005300 0.002565 0.000344 -0.001430 7.000000 0.028000
1523.000000 -0.005300 0.002565 0.002094 -0.002548 7.000000 0.028000
1524.000000 -0.005312 0.002675 0.000458 0.004111 7.000000 0.028000
1525.000000 -0.005286 0.002749 0.000933 0.011095 7.000000 0.028000
1526.000000 -0.005259 0.002822 0.003091 0.012834 7.000000 0.028000
1527.000000 -0.005219 0.002932 0.004842 0.015517 7.000000 0.028000
1528.000000 -0.005166 0.003078 0.007035 0.020477 7.000000 0.028000
1529.000000 -0.005113 0.003225 0.008799 0.024802 7.000000 0.028000
1530.000000 -0.005073 0.003335 0.009042 0.025211 7.000000 0.028000
1531.000000 -0.005006 0.003518 0.009809 0.027219 7.000000 0.028000
1532.000000 -0.004940 0.003701 0.011492 0.031838 7.000000 0.028000
1533.000000 -0.004860 0.003921 0.012986 0.035993 13.000000 0.028000
1534.000000 -0.004781 0.004141 0.014382 0.039912 13.000000 0.028000
1535.000000 -0.004663 0.004323 0.016999 0.040094 13.000000 0.028000
1536.000000 -0.004505 0.004469 0.022157 0.036553 13.000000 0.028000
1537.000000 -0.004270 0.004688 0.030535 0.036519 13.000000 0.028000
1538.000000 -0.004021 0.004796 0.039276 0.034676 13.000000 0.028000
1539.000000 -0.003851 0.004979 0.040505 0.031965 13.000000 0.028000
1540.000000 -0.003551 0.005088 0.043681 0.030583 13.000000 0.028000
1541.000000 -0.003224 0.005269 0.052957 0.029852 13.000000 0.028000
1542.000000 -0.002911 0.005415 0.058303 0.031302 13.000000 0.028000
1543.000000 -0.002546 0.005560 0.062926 0.030254 13.000000 0.028000
1544.000000 -0.002142 0.005669 0.069748 0.027926 13.000000 0.028000
1545.000000 -0.001725 0.005815 0.075757 0.026766 13.000000 0.028000
1546.000000 -0.001242 0.005850 0.082669 0.022597 13.000000 0.028000
1547.000000 -0.000787 0.005960 0.088097 0.018705 13.000000 0.028000
1548.000000 -0.000292 0.006033 0.091480 0.018574 13.000000 0.028000
1549.000000 0.000255 0.006107 0.097677 0.016757 13.000000 0.028000
1550.000000 0.000881 0.006107 0.107259 0.012299 13.000000 0.028000
1551.000000 0.001520 0.006145 0.116626 0.008310 13.000000 0.028000
1552.000000 0.002197 0.006148 0.123958 0.006374 13.000000 0.028000
1553.000000 0.002900 0.006225 0.130847 0.007302 13.000000 0.028000
1554.000000 0.003630 0.006229 0.136916 0.007890 13.000000 0.028000
1555.000000 0.004412 0.006235 0.143894 0.004722 13.000000 0.028000
1556.000000 0.005234 0.006205 0.151966 0.001468 13.000000 0.028000
1557.000000 0.006016 0.006213 0.156078 -0.000076 13.000000 0.028000
1558.000000 0.006930 0.006151 0.162709 -0.002457 13.000000 0.028000
1559.000000 0.007856 0.006126 0.173166 -0.005224 13.000000 0.028000
1560.000000 0.008770 0.006067 0.178520 -0.006474 13.000000 0.028000
1561.000000 0.009749 0.006047 0.183815 -0.006888 13.000000 0.028000
1562.000000 0.010768 0.005992 0.191653 -0.006811 13.000000 0.028000
1563.000000 0.011747 0.005976 0.195653 -0.006595 13.000000 0.028000
1564.000000 0.012766 0.005925 0.197717 -0.006291 13.000000 0.028000
1565.000000 0.013867 0.005805 0.204747 -0.011185 13.000000 0.028000
1566.000000 0.014886 0.005758 0.208348 -0.013491 13.000000 0.028000
1567.000000 0.015999 0.005679 0.210802 -0.012609 13.000000 0.028000
1568.000000 0.017124 0.005640 0.217190 -0.011777 13.000000 0.028000
1569.000000 0.018278 0.005530 0.222490 -0.012845 13.000000 0.028000
1570.000000 0.019392 0.005458 0.224655 -0.014988 13.000000 0.028000
1571.000000 0.020529 0.005463 0.224893 -0.010457 13.000000 0.028000
1572.000000 0.021725 0.005325 0.229088 -0.011343 13.000000 0.028000
1573.000000 0.022892 0.005262 0.232700 -0.015100 13.000000 0.028000
1574.000000 0.024112 0.005205 0.235687 -0.013078 13.000000 0.028000
1575.000000 0.025280 0.005147 0.237241 -0.011804 13.000000 0.028000
1576.000000 0.026511 0.005132 0.238593 -0.009043 13.000000 0.028000
1577.000000 0.027773 0.005048 0.243917 -0.008925 13.000000 0.028000
1578.000000 0.029005 0.005038 0.246640 -0.008590 13.000000 0.028000
1579.000000 0.030279 0.004997 0.248599 -0.006283 13.000000 0.028000
1580.000000 0.031501 0.004956 0.249095 -0.006679 13.000000 0.028000
1581.000000 0.032775 0.004920 0.249380 -0.006580 13.000000 0.028000
1582.000000 0.034102 0.004891 0.254682 -0.005898 13.000000 0.028000
1583.000000 0.035377 0.004862 0.257413 -0.005257 13.000000 0.028000
1584.000000 0.036652 0.004836 0.256271 -0.004800 13.000000 0.028000
1585.000000 0.037969 0.004779 0.257788 -0.005919 13.000000 0.028000
1586.000000 0.039298 0.004762 0.261151 -0.005989 13.000000 0.028000
1587.000000 0.040616 0.004711 0.262912 -0.005708 13.000000 0.028000
1588.000000 0.041935 0.004664 0.263352 -0.007093 13.000000 0.028000
1589.000000 0.043254 0.004619 0.263620 -0.007483 13.000000 0.028000
1590.000000 0.044626 0.004582 0.266363 -0.007132 13.000000 0.028000
1591.000000 0.045946 0.004545 0.267801 -0.006642 13.000000 0.028000
1592.000000 0.047318 0.004515 0.268573 -0.006044 13.000000 0.028000
1593.000000 0.048629 0.004445 0.268545 -0.007285 13.000000 0.028000
1594.000000 0.049993 0.004384 0.268110 -0.009424 13.000000 0.028000
1595.000000 0.051358 0.004327 0.270509 -0.009943 13.000000 0.028000
1596.000000 0.052723 0.004273 0.271785 -0.009868 13.000000 0.028000
1597.000000 0.054036 0.004217 0.269921 -0.009771 13.000000 0.028000
1598.000000 0.055359 0.004202 0.266896 -0.007806 13.000000 0.028000
1599.000000 0.056716 0.004120 0.267535 -0.008066 13.000000 0.028000
1600.000000 0.058065 0.004003 0.269152 -0.013170 13.000000 0.028000
1601.000000 0.059424 0.003928 0.270041 -0.015433 13.000000 0.028000
1602.000000 0.060731 0.003850 0.268436 -0.014704 13.000000 0.028000
1603.000000 0.062038 0.003776 0.265110 -0.014310 13.000000 0.028000
1604.000000 0.063399 0.003711 0.266045 -0.013480 13.000000 0.028000
1605.000000 0.064716 0.003681 0.266995 -0.010888 13.000000 0.028000
1606.000000 0.066061 0.003546 0.266716 -0.012957 13.000000 0.028000
1607.000000 0.067371 0.003485 0.266196 -0.015567 13.000000 0.028000
1608.000000 0.068769 0.003363 0.268601 -0.016215 13.000000 0.028000
1609.000000 0.070133 0.003315 0.272446 -0.015887 13.000000 0.028000
1610.000000 0.071480 0.003194 0.271929 -0.015716 13.000000 0.028000
1611.000000 0.072837 0.003115 0.271317 -0.017161 13.000000 0.028000
1612.000000 0.074195 0.003038 0.271487 -0.015698 13.000000 0.028000
1613.000000 0.075597 0.002935 0.273825 -0.016107 13.000000 0.028000
1614.000000 0.077000 0.002835 0.277270 -0.017468 13.000000 0.028000
1615.000000 0.078324 0.002838 0.275104 -0.012972 13.000000 0.028000
1616.000000 0.079668 0.002699 0.271137 -0.012589 13.000000 0.028000
1617.000000 0.081037 0.002678 0.271335 -0.013553 13.000000 0.028000
1618.000000 0.082443 0.002593 0.274487 -0.011429 13.000000 0.028000
1619.000000 0.083701 0.002525 0.270614 -0.012725 13.000000 0.028000
1620.000000 0.085116 0.002484 0.269088 -0.011135 13.000000 0.028000
1621.000000 0.086427 0.002430 0.270943 -0.009630 13.000000 0.028000
1622.000000 0.087739 0.002380 0.266798 -0.009363 13.000000 0.028000
1623.000000 0.089104 0.002341 0.267320 -0.008476 13.000000 0.028000
1624.000000 0.090372 0.002327 0.265417 -0.006290 13.000000 0.028000
1625.000000 0.091693 0.002324 0.262279 -0.003407 13.000000 0.028000
1626.000000 0.093007 0.002286 0.262951 -0.003075 13.000000 0.028000
1627.000000 0.094276 0.002281 0.260757 -0.003058 13.000000 0.028000
1628.000000 0.095546 0.002279 0.257458 -0.001327 13.000000 0.028000
1629.000000 0.096809 0.002241 0.255483 -0.002039 13.000000 0.028000
1630.000000 0.098087 0.002283 0.254843 -0.000231 13.000000 0.028000
1631.000000 0.099358 0.002290 0.254902 0.002861 13.000000 0.028000
1632.000000 0.100583 0.002328 0.252375 0.004233 13.000000 0.028000
1633.000000 0.101862 0.002379 0.251447 0.007110 13.000000 0.028000
1634.000000 0.103036 0.002413 0.248422 0.008331 13.000000 0.028000
1635.000000 0.104308 0.002431 0.246589 0.007371 13.000000 0.028000
1636.000000 0.105535 0.002481 0.248249 0.007636 13.000000 0.028000
1637.000000 0.106663 0.002551 0.242026 0.010267 13.000000 0.028000
1638.000000 0.107890 0.002605 0.238878 0.011883 13.000000 0.028000
1639.000000 0.109111 0.002625 0.241825 0.010217 13.000000 0.028000
1640.000000 0.110299 0.002751 0.241364 0.012878 13.000000 0.028000
1641.000000 0.111475 0.002803 0.238892 0.015847 13.000000 0.028000
1642.000000 0.112650 0.002858 0.237038 0.013834 13.000000 0.028000
1643.000000 0.113780 0.002943 0.233831 0.014388 13.000000 0.028000
1644.000000 0.114961 0.003041 0.232501 0.016811 13.000000 0.028000
1645.000000 0.116091 0.003131 0.231829 0.018267 13.000000 0.028000
1646.000000 0.117168 0.003212 0.226352 0.018119 13.000000 0.028000
1647.000000 0.118344 0.003279 0.225862 0.016961 13.000000 0.028000
1648.000000 0.119428 0.003403 0.225889 0.018460 13.000000 0.028000
1649.000000 0.120557 0.003502 0.223623 0.020786 13.000000 0.028000
1650.000000 0.121682 0.003564 0.224497 0.018983 13.000000 0.028000
1651.000000 0.122770 0.003733 0.222900 0.021483 13.000000 0.028000
1652.000000 0.123801 0.003854 0.217494 0.025568 13.000000 0.028000
1653.000000 0.124926 0.003923 0.216514 0.022789 13.000000 0.028000
1654.000000 0.126009 0.004060 0.218571 0.022166 13.000000 0.028000
1655.000000 0.126987 0.004175 0.212445 0.024019 13.000000 0.028000
1656.000000 0.128070 0.004316 0.209313 0.025179 13.000000 0.028000
1657.000000 0.129100 0.004447 0.210276 0.026555 13.000000 0.028000
1658.000000 0.130131 0.004579 0.208194 0.026841 13.000000 0.028000
1659.000000 0.131209 0.004688 0.209451 0.025917 13.000000 0.028000
1660.000000 0.132239 0.004824 0.210082 0.025634 13.000000 0.028000
1661.000000 0.133175 0.005015 0.203419 0.029456 13.000000 0.028000
1662.000000 0.134252 0.005129 0.202351 0.030352 13.000000 0.028000
1663.000000 0.135235 0.005298 0.204104 0.029707 13.000000 0.028000
1664.000000 0.136165 0.005454 0.197774 0.031415 13.000000 0.028000
1665.000000 0.137190 0.005562 0.196648 0.029326 13.000000 0.028000
1666.000000 0.138172 0.005735 0.198612 0.029076 13.000000 0.028000
1667.000000 0.139150 0.005872 0.197277 0.030369 13.000000 0.028000
1668.000000 0.140084 0.006074 0.194229 0.032424 13.000000 0.028000
1669.000000 0.141061 0.006214 0.192672 0.033644 13.000000 0.028000
1670.000000 0.141995 0.006419 0.191843 0.034418 13.000000 0.028000
1671.000000 0.142920 0.006549 0.188866 0.034297 13.000000 0.028000
1672.000000 0.143901 0.006733 0.189667 0.033186 13.000000 0.028000
1673.000000 0.144774 0.006852 0.187524 0.032070 13.000000 0.028000
1674.000000 0.145707 0.007064 0.184050 0.032882 13.000000 0.028000
1675.000000 0.146583 0.007225 0.182472 0.035326 13.000000 0.028000
1676.000000 0.147560 0.007376 0.183808 0.033640 13.000000 0.028000
1677.000000 0.148436 0.007540 0.184473 0.032911 13.000000 0.028000
1678.000000 0.149312 0.007705 0.179891 0.033185 13.000000 0.028000
1679.000000 0.150236 0.007847 0.179908 0.032280 13.000000 0.028000
1680.000000 0.151112 0.008015 0.179899 0.031954 13.000000 0.028000
1681.000000 0.151980 0.008107 0.177170 0.029312 13.000000 0.028000
1682.000000 0.152759 0.008326 0.171014 0.030439 13.000000 0.028000
1683.000000 0.153631 0.008460 0.168060 0.033057 13.000000 0.028000
1684.000000 0.154499 0.008556 0.170933 0.028360 13.000000 0.028000
1685.000000 0.155322 0.008716 0.170013 0.027264 13.000000 0.028000
1686.000000 0.156142 0.008838 0.167173 0.028000 13.000000 0.028000
1687.000000 0.156961 0.008962 0.165549 0.026591 13.000000 0.028000
1688.000000 0.157732 0.009110 0.162335 0.027141 13.000000 0.028000
1689.000000 0.158548 0.009198 0.160538 0.025641 13.000000 0.028000
1690.000000 0.159313 0.009271 0.159300 0.021170 13.000000 0.028000
1691.000000 0.160032 0.009408 0.153899 0.021291 13.000000 0.028000
1692.000000 0.160799 0.009522 0.151307 0.023363 13.000000 0.028000
1693.000000 0.161515 0.009622 0.149826 0.022602 13.000000 0.028000
1694.000000 0.162279 0.009699 0.148921 0.020420 13.000000 0.028000
1695.000000 0.162946 0.009824 0.146065 0.020521 13.000000 0.028000
1696.000000 0.163708 0.009865 0.144475 0.018779 13.000000 0.028000
1697.000000 0.164420 0.009930 0.145907 0.014940 13.000000 0.028000
1698.000000 0.165087 0.010057 0.141997 0.017230 13.000000 0.028000
1699.000000 0.165748 0.010108 0.137476 0.017698 13.000000 0.028000
1700.000000 0.166364 0.010222 0.132624 0.017220 13.000000 0.028000
1701.000000 0.167073 0.010251 0.132564 0.015948 13.000000 0.028000
1702.000000 0.167689 0.010366 0.132523 0.015362 13.000000 0.028000
1703.000000 0.168350 0.010420 0.130116 0.016264 13.000000 0.028000
1704.000000 0.168962 0.010497 0.128749 0.014881 13.000000 0.028000
1705.000000 0.169577 0.010614 0.125784 0.017262 13.000000 0.028000
1706.000000 0.170189 0.010693 0.124274 0.018542 13.000000 0.028000
1707.000000 0.170802 0.010773 0.123372 0.017355 13.000000 0.028000
1708.000000 0.171362 0.010837 0.120380 0.016001 13.000000 0.028000
1709.000000 0.171926 0.010940 0.116446 0.016468 13.000000 0.028000
1710.000000 0.172437 0.011027 0.112033 0.017846 13.000000 0.028000
1711.000000 0.172998 0.011093 0.109660 0.016700 13.000000 0.028000
1712.000000 0.173561 0.011198 0.110979 0.016986 13.000000 0.028000
1713.000000 0.174124 0.011303 0.111771 0.019097 13.000000 0.028000
1714.000000 0.174635 0.011393 0.109639 0.019399 13.000000 0.028000
1715.000000 0.175149 0.011521 0.106131 0.020686 13.000000 0.028000
1716.000000 0.175661 0.011612 0.104342 0.021388 13.000000 0.028000
1717.000000 0.176074 0.011747 0.098473 0.022024 13.000000 0.028000
1718.000000 0.176585 0.011838 0.095482 0.022399 13.000000 0.028000
1719.000000 0.177096 0.011930 0.098785 0.020482 13.000000 0.028000
1720.000000 0.177558 0.012044 0.098044 0.020618 13.000000 0.028000
1721.000000 0.178022 0.012197 0.095348 0.023706 13.000000 0.028000
1722.000000 0.178482 0.012273 0.093865 0.023410 13.000000 0.028000
1723.000000 0.178896 0.012449 0.090670 0.024355 13.000000 0.028000
1724.000000 0.179358 0.012565 0.089145 0.026784 13.000000 0.028000
1725.000000 0.179817 0.012642 0.090575 0.023180 13.000000 0.028000
1726.000000 0.180178 0.012763 0.086347 0.021579 13.000000 0.028000
1727.000000 0.180588 0.012862 0.081767 0.021856 13.000000 0.028000
1728.000000 0.181000 0.013001 0.081948 0.022876 13.000000 0.028000
1729.000000 0.181412 0.013140 0.082129 0.025334 13.000000 0.028000
1730.000000 0.181821 0.013240 0.082118 0.024709 13.000000 0.028000
1731.000000 0.182183 0.013401 0.079671 0.025466 13.000000 0.028000
1732.000000 0.182593 0.013502 0.078422 0.025883 13.000000 0.028000
1733.000000 0.183004 0.013643 0.080200 0.025076 13.000000 0.028000
1734.000000 0.183414 0.013744 0.081103 0.024697 13.000000 0.028000
1735.000000 0.183720 0.013811 0.076428 0.020883 13.000000 0.028000
1736.000000 0.184080 0.013934 0.071607 0.020008 13.000000 0.028000
1737.000000 0.184440 0.014058 0.071754 0.022359 13.000000 0.028000
1738.000000 0.184800 0.014182 0.071820 0.023581 13.000000 0.028000
1739.000000 0.185157 0.014267 0.071764 0.022318 13.000000 0.028000
1740.000000 0.185466 0.014374 0.069210 0.020819 13.000000 0.028000
1741.000000 0.185775 0.014519 0.065550 0.023018 13.000000 0.028000
1742.000000 0.186133 0.014605 0.066116 0.023127 13.000000 0.028000
1743.000000 0.186491 0.014691 0.068752 0.020263 13.000000 0.028000
1744.000000 0.186747 0.014781 0.065140 0.018968 13.000000 0.028000
1745.000000 0.187004 0.014870 0.058344 0.018472 13.000000 0.028000
1746.000000 0.187310 0.014939 0.057316 0.017207 13.000000 0.028000
1747.000000 0.187566 0.015029 0.056787 0.016572 13.000000 0.028000
1748.000000 0.187823 0.015119 0.054077 0.017288 13.000000 0.028000
1749.000000 0.188078 0.015170 0.052619 0.015755 13.000000 0.028000
1750.000000 0.188334 0.015260 0.051871 0.014986 13.000000 0.028000
1751.000000 0.188539 0.015333 0.049050 0.015623 13.000000 0.028000
1752.000000 0.188743 0.015366 0.045024 0.013160 13.000000 0.028000
1753.000000 0.188845 0.015402 0.037945 0.010127 13.000000 0.028000
1754.000000 0.188997 0.015418 0.031826 0.007699 13.000000 0.028000
1755.000000 0.189150 0.015433 0.031148 0.005444 13.000000 0.028000
1756.000000 0.189302 0.015449 0.030803 0.004300 13.000000 0.028000
1757.000000 0.189404 0.015485 0.028186 0.004737 13.000000 0.028000
1758.000000 0.189505 0.015482 0.024341 0.004071 13.000000 0.028000
1759.000000 0.189608 0.015519 0.022381 0.003733 13.000000 0.028000
1760.000000 0.189658 0.015498 0.018870 0.002669 13.000000 0.028000
1761.000000 0.189759 0.015495 0.017009 0.000219 13.000000 0.028000
1762.000000 0.189759 0.015495 0.013620 -0.000013 13.000000 0.028000
1763.000000 0.189810 0.015514 0.009452 0.000886 13.000000 0.028000
1764.000000 0.189860 0.015493 0.009770 0.000328 13.000000 0.028000
1765.000000 0.189911 0.015511 0.009932 0.000044 13.000000 0.028000
1766.000000 0.190012 0.015508 0.012528 0.000794 13.000000 0.028000
1767.000000 0.190063 0.015527 0.013850 0.001177 13.000000 0.028000
1768.000000 0.190166 0.015563 0.014595 0.003283 13.000000 0.028000
1769.000000 0.190217 0.015581 0.014974 0.004356 13.000000 0.028000
1770.000000 0.190269 0.015639 0.012724 0.005919 13.000000 0.028000
1771.000000 0.190269 0.015639 0.009066 0.005820 13.000000 0.028000
1772.000000 0.190271 0.015677 0.004689 0.004875 13.000000 0.028000
1773.000000 0.190322 0.015696 0.004971 0.005288 13.000000 0.028000
1774.000000 0.190324 0.015735 0.005114 0.005499 13.000000 0.028000
1775.000000 0.190375 0.015753 0.005187 0.005606 13.000000 0.028000
1776.000000 0.190376 0.015792 0.005224 0.005661 13.000000 0.028000
1777.000000 0.190429 0.015849 0.005311 0.007599 13.000000 0.028000
1778.000000 0.190432 0.015927 0.005423 0.010496 13.000000 0.028000
1779.000000 0.190433 0.015966 0.002968 0.011076 13.000000 0.028000
1780.000000 0.190433 0.015966 0.001581 0.007553 13.000000 0.028000
1781.000000 0.190434 0.016005 0.000874 0.005758 13.000000 0.028000
1782.000000 0.190436 0.016044 0.000582 0.006753 4.000000 0.028000
1783.000000 0.190437 0.016083 0.000432 0.007260 4.000000 0.028000
1784.000000 0.190439 0.016122 0.000356 0.007518 4.000000 0.028000
1785.000000 0.190440 0.016161 0.000316 0.007649 4.000000 0.028000
1786.000000 0.190493 0.016218 0.002805 0.008612 4.000000 0.028000
1787.000000 0.190494 0.016257 0.004073 0.009103 4.000000 0.028000
1788.000000 0.190494 0.016257 0.002142 0.006547 4.000000 0.028000
1789.000000 0.190495 0.016296 0.001158 0.005245 4.000000 0.028000
1790.000000 0.190497 0.016335 0.000724 0.006492 4.000000 0.028000
1791.000000 0.190498 0.016374 0.000502 0.007127 4.000000 0.028000
1792.000000 0.190499 0.016412 0.000388 0.007450 4.000000 0.028000
1793.000000 0.190501 0.016451 0.000330 0.007615 4.000000 0.028000
1794.000000 0.190502 0.016490 0.000300 0.007699 4.000000 0.028000
1795.000000 0.190505 0.016568 0.000349 0.009652 4.000000 0.028000
1796.000000 0.190506 0.016607 0.000374 0.010646 4.000000 0.028000
1797.000000 0.190506 0.016607 0.000256 0.007334 4.000000 0.028000
1798.000000 0.190507 0.016646 0.000196 0.005646 4.000000 0.028000
1799.000000 0.190509 0.016685 0.000230 0.006696 4.000000 0.028000
1800.000000 0.190510 0.016724 0.000247 0.007231 4.000000 0.028000
1801.000000 0.190511 0.016763 0.000255 0.007503 4.000000 0.028000
1802.000000 0.190511 0.016763 0.000195 0.005733 4.000000 0.028000
1803.000000 0.190513 0.016802 0.000164 0.004830 4.000000 0.028000
1804.000000 0.190514 0.016841 0.000212 0.006280 4.000000 0.028000
1805.000000 0.190515 0.016880 0.000236 0.007019 4.000000 0.028000
1806.000000 0.190514 0.016841 0.000121 0.003576 4.000000 0.028000
1807.000000 0.190515 0.016880 0.000061 0.001822 4.000000 0.028000
1808.000000 0.190515 0.016880 0.000096 0.002838 4.000000 0.028000
1809.000000 0.190517 0.016919 0.000113 0.003356 4.000000 0.028000
1810.000000 0.190517 0.016919 0.000122 0.003619 4.000000 0.028000
1811.000000 0.190517 0.016919 0.000062 0.001844 4.000000 0.028000
1812.000000 0.190468 0.016978 -0.002347 0.003863 4.000000 0.028000
1813.000000 0.190420 0.017038 -0.005952 0.007817 4.000000 0.028000
1814.000000 0.190420 0.017038 -0.005411 0.006907 4.000000 0.028000
1815.000000 0.190418 0.016999 -0.002821 0.001609 4.000000 0.028000
1816.000000 0.190418 0.016999 -0.001501 -0.001090 4.000000 0.028000
1817.000000 0.190418 0.016999 -0.000765 -0.000555 4.000000 0.028000
1818.000000 0.190369 0.017020 -0.002832 0.000732 4.000000 0.028000
1819.000000 0.190369 0.017020 -0.003885 0.001387 4.000000 0.028000
1820.000000 0.190369 0.017020 -0.001979 0.000707 4.000000 0.028000
1821.000000 0.190319 0.017040 -0.003450 0.001375 4.000000 0.028000
1822.000000 0.190269 0.017061 -0.006641 0.002731 4.000000 0.028000
1823.000000 0.190269 0.017061 -0.005826 0.002407 4.000000 0.028000
1824.000000 0.190269 0.017061 -0.002968 0.001226 4.000000 0.028000
1825.000000 0.190269 0.017061 -0.001512 0.000625 4.000000 0.028000
1826.000000 0.190269 0.017061 -0.000770 0.000318 4.000000 0.028000
1827.000000 0.190219 0.017082 -0.002834 0.001178 4.000000 0.028000
1828.000000 0.190219 0.017082 -0.003886 0.001615 4.000000 0.028000
1829.000000 0.190219 0.017082 -0.001980 0.000823 4.000000 0.028000
1830.000000 0.190169 0.017102 -0.003450 0.001435 4.000000 0.028000
1831.000000 0.190120 0.017123 -0.006641 0.002763 4.000000 0.028000
1832.000000 0.190120 0.017123 -0.005825 0.002424 4.000000 0.028000
1833.000000 0.190120 0.017123 -0.002968 0.001235 4.000000 0.028000
1834.000000 0.190120 0.017123 -0.001512 0.000629 4.000000 0.028000
1835.000000 0.190120 0.017123 -0.000770 0.000321 4.000000 0.028000
1836.000000 0.190070 0.017144 -0.002834 0.001179 4.000000 0.028000
1837.000000 0.190070 0.017144 -0.003885 0.001617 4.000000 0.028000
1838.000000 0.190020 0.017165 -0.004421 0.001840 4.000000 0.028000
1839.000000 0.190020 0.017165 -0.004694 0.001954 4.000000 0.028000
1840.000000 0.189970 0.017185 -0.004832 0.002012 4.000000 0.028000
1841.000000 0.189919 0.017167 -0.007408 0.001149 4.000000 0.028000
1842.000000 0.189970 0.017185 -0.003775 0.000585 4.000000 0.028000
1843.000000 0.189921 0.017206 -0.001859 0.002208 4.000000 0.028000
1844.000000 0.189919 0.017167 -0.003452 0.000232 4.000000 0.028000
1845.000000 0.189919 0.017167 -0.001823 -0.001791 4.000000 0.028000
1846.000000 0.189868 0.017149 -0.003434 -0.001805 4.000000 0.028000
1847.000000 0.189868 0.017149 -0.004255 -0.001813 4.000000 0.028000
1848.000000 0.189766 0.017113 -0.007179 -0.002707 4.000000 0.028000
1849.000000 0.189766 0.017113 -0.008669 -0.003164 4.000000 0.028000
1850.000000 0.189715 0.017094 -0.006922 -0.002504 4.000000 0.028000
1851.000000 0.189766 0.017113 -0.003527 -0.001276 4.000000 0.028000
1852.000000 0.189716 0.017133 -0.001732 0.001260 4.000000 0.028000
1853.000000 0.189715 0.017094 -0.003388 -0.000250 4.000000 0.028000
1854.000000 0.189665 0.017115 -0.004232 -0.001019 4.000000 0.028000
1855.000000 0.189664 0.017076 -0.004662 -0.001411 4.000000 0.028000
1856.000000 0.189614 0.017097 -0.004881 -0.001610 4.000000 0.028000
1857.000000 0.189562 0.017040 -0.007499 -0.002603 4.000000 0.028000
1858.000000 0.189512 0.017061 -0.008832 -0.003108 4.000000 0.028000
1859.000000 0.189511 0.017022 -0.007006 -0.002474 4.000000 0.028000
1860.000000 0.189562 0.017040 -0.001129 -0.002279 4.000000 0.028000
1861.000000 0.189511 0.017022 -0.000575 -0.001161 4.000000 0.028000
1862.000000 0.189461 0.017042 -0.005239 -0.000464 4.000000 0.028000
1863.000000 0.189459 0.017003 -0.005175 -0.001127 4.000000 0.028000
1864.000000 0.189459 0.017003 -0.002703 -0.002484 4.000000 0.028000
1865.000000 0.189459 0.017003 -0.001377 -0.001266 4.000000 0.028000
1866.000000 0.189357 0.016967 -0.005714 -0.002425 4.000000 0.028000
1867.000000 0.189357 0.016967 -0.007924 -0.003016 4.000000 0.028000
1868.000000 0.189307 0.016988 -0.006477 -0.000517 4.000000 0.028000
1869.000000 0.189357 0.016967 -0.003300 -0.000264 4.000000 0.028000
1870.000000 0.189356 0.016928 0.000692 -0.003063 4.000000 0.028000
1871.000000 0.189306 0.016949 -0.002154 -0.002451 4.000000 0.028000
1872.000000 0.189305 0.016910 -0.003604 -0.002139 4.000000 0.028000
1873.000000 0.189255 0.016931 -0.004342 -0.001979 4.000000 0.028000
1874.000000 0.189255 0.016931 -0.004652 0.000011 4.000000 0.028000
1875.000000 0.189204 0.016913 -0.004877 -0.000884 4.000000 0.028000
1876.000000 0.189153 0.016895 -0.007498 -0.002229 4.000000 0.028000
1877.000000 0.189154 0.016934 -0.006259 -0.000115 4.000000 0.028000
1878.000000 0.189204 0.016913 -0.000683 0.000831 4.000000 0.028000
1879.000000 0.189153 0.016895 -0.000415 -0.001486 4.000000 0.028000
1880.000000 0.189153 0.016895 -0.002718 -0.001647 4.000000 0.028000
1881.000000 0.189153 0.016895 -0.001385 -0.000839 4.000000 0.028000
1882.000000 0.189103 0.016915 -0.003145 0.000593 4.000000 0.028000
1883.000000 0.189102 0.016876 -0.004109 -0.000587 4.000000 0.028000
1884.000000 0.189051 0.016858 -0.004667 -0.003097 4.000000 0.028000
1885.000000 0.189001 0.016879 -0.007324 -0.001445 4.000000 0.028000
1886.000000 0.189001 0.016879 -0.006171 0.000284 4.000000 0.028000
1887.000000 0.189051 0.016858 -0.000705 -0.000876 4.000000 0.028000
1888.000000 0.188999 0.016840 -0.000427 -0.002356 4.000000 0.028000
1889.000000 0.188999 0.016840 -0.002724 -0.002089 4.000000 0.028000
1890.000000 0.188999 0.016840 -0.001388 -0.001064 4.000000 0.028000
1891.000000 0.188999 0.016840 -0.000707 -0.000542 4.000000 0.028000
1892.000000 0.188948 0.016822 -0.002867 -0.001165 4.000000 0.028000
1893.000000 0.188899 0.016843 -0.006407 -0.000460 4.000000 0.028000
1894.000000 0.188897 0.016804 -0.005771 -0.001122 4.000000 0.028000
1895.000000 0.188948 0.016822 -0.000501 -0.001593 4.000000 0.028000
1896.000000 0.188899 0.016843 -0.000188 0.001098 4.000000 0.028000
1897.000000 0.188897 0.016804 -0.002603 -0.000329 4.000000 0.028000
1898.000000 0.188897 0.016804 -0.001394 -0.002077 4.000000 0.028000
1899.000000 0.188897 0.016804 -0.000710 -0.001058 4.000000 0.028000
1900.000000 0.188847 0.016825 -0.002801 0.000482 4.000000 0.028000
1901.000000 0.188846 0.016786 -0.003934 -0.000642 4.000000 0.028000
1902.000000 0.188796 0.016807 -0.004511 -0.001215 4.000000 0.028000
1903.000000 0.188795 0.016768 -0.004806 -0.001506 4.000000 0.028000
1904.000000 0.188846 0.016786 -0.000009 -0.001789 4.000000 0.028000
1905.000000 0.188846 0.016786 0.002502 -0.000024 4.000000 0.028000
1906.000000 0.188795 0.016768 -0.001232 -0.000900 4.000000 0.028000
1907.000000 0.188795 0.016768 -0.003135 -0.001346 4.000000 0.028000
1908.000000 0.188795 0.016768 -0.001597 -0.000686 4.000000 0.028000
1909.000000 0.188795 0.016768 -0.000814 -0.000349 4.000000 0.028000
1910.000000 0.188795 0.016768 -0.000415 -0.000178 4.000000 0.028000
1911.000000 0.188794 0.016729 -0.000280 -0.002000 4.000000 0.028000
1912.000000 0.188794 0.016729 -0.000211 -0.002929 4.000000 0.028000
1913.000000 0.188745 0.016789 -0.002478 0.001440 4.000000 0.028000
1914.000000 0.188744 0.016750 -0.003701 0.001756 4.000000 0.028000
1915.000000 0.188744 0.016750 -0.001954 -0.001015 4.000000 0.028000
1916.000000 0.188744 0.016750 -0.000996 -0.000517 4.000000 0.028000
1917.000000 0.188744 0.016750 -0.000507 -0.000264 4.000000 0.028000
1918.000000 0.188744 0.016750 -0.000258 -0.000134 4.000000 0.028000
1919.000000 0.188742 0.016711 -0.000200 -0.001978 4.000000 0.028000
1920.000000 0.188742 0.016711 -0.000171 -0.002917 4.000000 0.028000
1921.000000 0.188742 0.016711 -0.000087 -0.001486 4.000000 0.028000
1922.000000 0.188742 0.016711 -0.000044 -0.000757 4.000000 0.028000
1923.000000 0.188693 0.016732 -0.002461 0.000637 4.000000 0.028000
1924.000000 0.188693 0.016732 -0.003693 0.001347 4.000000 0.028000
1925.000000 0.188693 0.016732 -0.001881 0.000686 4.000000 0.028000
1926.000000 0.188693 0.016732 -0.000959 0.000350 4.000000 0.028000
1927.000000 0.188693 0.016732 -0.000488 0.000178 4.000000 0.028000
1928.000000 0.188693 0.016732 -0.000249 0.000091 4.000000 0.028000
1929.000000 0.188693 0.016732 -0.000127 0.000046 4.000000 0.028000
1930.000000 0.188693 0.016732 -0.000065 0.000024 4.000000 0.028000
1931.000000 0.188693 0.016732 -0.000033 0.000012 4.000000 0.028000
1932.000000 0.188693 0.016732 -0.000017 0.000006 4.000000 0.028000
1933.000000 0.188693 0.016732 -0.000009 0.000003 4.000000 0.028000
1934.000000 0.188693 0.016732 -0.000004 0.000002 4.000000 0.028000
1935.000000 0.188693 0.016732 -0.000002 0.000001 4.000000 0.028000
1936.000000 0.188693 0.016732 -0.000001 0.000000 4.000000 0.028000
1937.000000 0.188693 0.016732 -0.000001 0.000000 4.000000 0.028000
1938.000000 0.188693 0.016732 -0.000000 0.000000 4.000000 0.028000
1939.000000 0.188693 0.016732 -0.000000 0.000000 4.000000 0.028000
1940.000000 0.188693 0.016732 -0.000000 0.000000 4.000000 0.028000
1941.000000 0.188693 0.016732 -0.000000 0.000000 4.000000 0.028000
1942.000000 0.188693 0.016732 -0.000000 0.000000 4.000000 0.028000
1943.000000 0.188693 0.016732 -0.000000 0.000000 4.000000 0.028000
1944.000000 0.188693 0.016732 -0.000000 0.000000 4.000000 0.028000
1945.000000 0.188693 0.016732 -0.000000 0.000000 4.000000 0.028000
1946.000000 0.188693 0.016732 -0.000000 0.000000 4.000000 0.028000
1947.000000 0.188693 0.016732 -0.000000 0.000000 4.000000 0.028000
1948.000000 0.188693 0.016732 -0.000000 0.000000 4.000000 0.028000
1949.000000 0.188693 0.016732 -0.000000 0.000000 4.000000 0.028000
1950.000000 0.188693 0.016732 -0.000000 0.000000 4.000000 0.028000
1951.000000 0.188693 0.016732 -0.000000 0.000000 4.000000 0.028000
1952.000000 0.188693 0.016732 -0.000000 0.000000 4.000000 0.028000
1953.000000 0.188693 0.016732 -0.000000 0.000000 4.000000 0.028000
1954.000000 0.188693 0.016732 -0.000000 0.000000 4.000000 0.028000
1955.000000 0.188693 0.016732 -0.000000 0.000000 4.000000 0.028000
1956.000000 0.188693 0.016732 -0.000000 0.000000 4.000000 0.028000
1957.000000 0.188693 0.016732 -0.000000 0.000000 4.000000 0.028000
1958.000000 0.188693 0.016732 -0.000000 0.000000 4.000000 0.028000
1959.000000 0.188693 0.016732 -0.000000 0.000000 4.000000 0.028000
1960.000000 0.188693 0.016732 -0.000000 0.000000 4.000000 0.028000
1961.000000 0.188693 0.016732 -0.000000 0.000000 4.000000 0.028000
1962.000000 0.188693 0.016732 -0.000000 0.000000 4.000000 0.028000
1963.000000 0.188693 0.016732 -0.000000 0.000000 4.000000 0.028000
1964.000000 0.188693 0.016732 -0.000000 0.000000 4.000000 0.028000
1965.000000 0.188693 0.016732 -0.000000 0.000000 4.000000 0.028000
1966.000000 0.188693 0.016732 -0.000000 0.000000 4.000000 0.028000
1967.000000 0.188693 0.016732 -0.000000 0.000000 4.000000 0.028000
1968.000000 0.188693 0.016732 -0.000000 0.000000 4.000000 0.028000
1969.000000 0.188693 0.016732 -0.000000 0.000000 4.000000 0.028000
1970.000000 0.188693 0.016732 -0.000000 0.000000 4.000000 0.028000
1971.000000 0.188693 0.016732 -0.000000 0.000000 4.000000 0.028000
1972.000000 0.188693 0.016732 -0.000000 0.000000 4.000000 0.028000
1973.000000 0.188693 0.016732 -0.000000 0.000000 4.000000 0.028000
1974.000000 0.188693 0.016732 -0.000000 0.000000 4.000000 0.028000
1975.000000 0.188693 0.016732 -0.000000 0.000000 4.000000 0.028000
1976.000000 0.188693 0.016732 -0.000000 0.000000 4.000000 0.028000
1977.000000 0.188693 0.016732 -0.000000 0.000000 4.000000 0.028000
1978.000000 0.188693 0.016732 -0.000000 0.000000 4.000000 0.028000
1979.000000 0.188693 0.016732 -0.000000 0.000000 4.000000 0.028000
1980.000000 0.188693 0.016732 -0.000000 0.000000 4.000000 0.028000
1981.000000 0.188693 0.016732 -0.000000 0.000000 4.000000 0.028000
1982.000000 0.188693 0.016732 -0.000000 0.000000 4.000000 0.028000
1983.000000 0.188693 0.016732 -0.000000 0.000000 4.000000 0.028000
1984.000000 0.188693 0.016732 -0.000000 0.000000 4.000000 0.028000
1985.000000 0.188693 0.016732 -0.000000 0.000000 4.000000 0.028000
1986.000000 0.188693 0.016732 -0.000000 0.000000 4.000000 0.028000
1987.000000 0.188693 0.016732 -0.000000 0.000000 4.000000 0.028000
1988.000000 0.188693 0.016732 -0.000000 0.000000 4.000000 0.028000
1989.000000 0.188693 0.016732 -0.000000 0.000000 4.000000 0.028000
1990.000000 0.188693 0.016732 -0.000000 0.000000 7.000000 0.058000
1991.000000 0.188693 0.016732 -0.000000 0.000000 7.000000 0.058000
1992.000000 0.188693 0.016732 -0.000000 0.000000 7.000000 0.058000
1993.000000 0.188693 0.016732 -0.000000 0.000000 7.000000 0.058000
1994.000000 0.188693 0.016732 -0.000000 0.000000 7.000000 0.058000
1995.000000 0.188693 0.016732 -0.000000 0.000000 7.000000 0.058000
1996.000000 0.188693 0.016732 -0.000000 0.000000 7.000000 0.058000
1997.000000 0.188693 0.016732 -0.000000 0.000000 7.000000 0.058000
1998.000000 0.188693 0.016732 -0.000000 0.000000 7.000000 0.058000
1999.000000 0.188693 0.016732 -0.000000 0.000000 7.000000 0.058000
2000.000000 0.188693 0.016732 -0.000000 0.000000 7.000000 0.058000
2001.000000 0.188693 0.016732 -0.000000 0.000000 7.000000 0.058000
2002.000000 0.188693 0.016732 -0.000000 0.000000 7.000000 0.058000
2003.000000 0.188693 0.016732 -0.000000 0.000000 7.000000 0.058000
2004.000000 0.188693 0.016732 -0.000000 0.000000 7.000000 0.058000
2005.000000 0.188693 0.016732 -0.000000 0.000000 7.000000 0.058000
2006.000000 0.188693 0.016732 -0.000000 0.000000 7.000000 0.058000
2007.000000 0.188693 0.016732 -0.000000 0.000000 7.000000 0.058000
2008.000000 0.188693 0.016732 -0.000000 0.000000 7.000000 0.058000
2009.000000 0.188693 0.016732 -0.000000 0.000000 7.000000 0.058000
2010.000000 0.188693 0.016732 -0.000000 0.000000 7.000000 0.058000
2011.000000 0.188693 0.016732 -0.000000 0.000000 7.000000 0.058000
2012.000000 0.188693 0.016732 -0.000000 0.000000 7.000000 0.058000
2013.000000 0.188693 0.016732 -0.000000 0.000000 7.000000 0.058000
2014.000000 0.188693 0.016732 -0.000000 0.000000 7.000000 0.058000
2015.000000 0.188693 0.016732 -0.000000 0.000000 7.000000 0.058000
2016.000000 0.188693 0.016732 -0.000000 0.000000 7.000000 0.058000
2017.000000 0.188693 0.016732 -0.000000 0.000000 7.000000 0.058000
2018.000000 0.188693 0.016732 -0.000000 0.000000 7.000000 0.058000
2019.000000 0.188693 0.016732 -0.000000 0.000000 7.000000 0.058000
2020.000000 0.188693 0.016732 -0.000000 0.000000 7.000000 0.058000
2021.000000 0.188693 0.016732 -0.000000 0.000000 7.000000 0.058000
2022.000000 0.188693 0.016732 -0.000000 0.000000 7.000000 0.058000
2023.000000 0.188693 0.016732 -0.000000 0.000000 7.000000 0.058000
2024.000000 0.188693 0.016732 -0.000000 0.000000 7.000000 0.058000
2025.000000 0.188693 0.016732 -0.000000 0.000000 7.000000 0.058000
2026.000000 0.188693 0.016732 -0.000000 0.000000 7.000000 0.058000
2027.000000 0.188693 0.016732 -0.000000 0.000000 7.000000 0.058000
2028.000000 0.188693 0.016732 -0.000000 0.000000 7.000000 0.058000
2029.000000 0.188693 0.016732 -0.000000 0.000000 7.000000 0.058000
2030.000000 0.188693 0.016732 -0.000000 0.000000 7.000000 0.058000
2031.000000 0.188693 0.016732 -0.000000 0.000000 7.000000 0.058000
2032.000000 0.188693 0.016732 -0.000000 0.000000 7.000000 0.058000
2033.000000 0.188693 0.016732 -0.000000 0.000000 7.000000 0.058000
2034.000000 0.188693 0.016732 -0.000000 0.000000 7.000000 0.058000
2035.000000 0.188693 0.016732 -0.000000 0.000000 7.000000 0.058000
2036.000000 0.188693 0.016732 -0.000000 0.000000 7.000000 0.058000
2037.000000 0.188693 0.016732 -0.000000 0.000000 7.000000 0.058000
2038.000000 0.188693 0.016732 -0.000000 0.000000 7.000000 0.058000
2039.000000 0.188693 0.016732 -0.000000 0.000000 7.000000 0.058000
2040.000000 0.188693 0.016732 -0.000000 0.000000 7.000000 0.058000
2041.000000 0.188693 0.016732 -0.000000 0.000000 7.000000 0.058000
2042.000000 0.188693 0.016732 -0.000000 0.000000 7.000000 0.058000
2043.000000 0.188693 0.016732 -0.000000 0.000000 7.000000 0.058000
2044.000000 0.188693 0.016732 -0.000000 0.000000 7.000000 0.058000
2045.000000 0.188693 0.016732 -0.000000 0.000000 7.000000 0.058000
2046.000000 0.188693 0.016732 -0.000000 0.000000 7.000000 0.058000
2047.000000 0.188693 0.016732 -0.000000 0.000000 7.000000 0.058000
2048.000000 0.188693 0.016732 -0.000000 0.000000 7.000000 0.058000
2049.000000 0.188693 0.016732 -0.000000 0.000000 7.000000 0.058000
2050.000000 0.188693 0.016732 -0.000000 0.000000 7.000000 0.058000
2051.000000 0.188693 0.016732 -0.000000 0.000000 7.000000 0.058000
2052.000000 0.188693 0.016732 -0.000000 0.000000 7.000000 0.058000
2053.000000 0.188693 0.016732 -0.000000 0.000000 7.000000 0.058000
2054.000000 0.188693 0.016732 -0.000000 0.000000 7.000000 0.058000
2055.000000 0.188693 0.016732 -0.000000 0.000000 7.000000 0.058000
2056.000000 0.188693 0.016732 -0.000000 0.000000 7.000000 0.058000
2057.000000 0.188693 0.016732 -0.000000 0.000000 7.000000 0.058000
2058.000000 0.188693 0.016732 -0.000000 0.000000 7.000000 0.058000
2059.000000 0.188693 0.016732 -0.000000 0.000000 7.000000 0.058000
2060.000000 0.188693 0.016732 -0.000000 0.000000 7.000000 0.058000
2061.000000 0.188693 0.016732 -0.000000 0.000000 7.000000 0.058000
2062.000000 0.188693 0.016732 -0.000000 0.000000 7.000000 0.058000
2063.000000 0.188693 0.016732 -0.000000 0.000000 7.000000 0.058000
2064.000000 0.188693 0.016732 -0.000000 0.000000 7.000000 0.058000
2065.000000 0.188693 0.016732 -0.000000 0.000000 7.000000 0.058000
2066.000000 0.188693 0.016732 -0.000000 0.000000 7.000000 0.058000
2067.000000 0.188693 0.016732 -0.000000 0.000000 7.000000 0.058000
2068.000000 0.188693 0.016732 -0.000000 0.000000 7.000000 0.058000
2069.000000 0.188693 0.016732 -0.000000 0.000000 7.000000 0.058000
2070.000000 0.188693 0.016732 -0.000000 0.000000 7.000000 0.058000
2071.000000 0.188693 0.016732 -0.000000 0.000000 7.000000 0.058000
2072.000000 0.188693 0.016732 -0.000000 0.000000 7.000000 0.058000
2073.000000 0.188693 0.016732 -0.000000 0.000000 7.000000 0.058000
2074.000000 0.188693 0.016732 -0.000000 0.000000 7.000000 0.058000
2075.000000 0.188693 0.016732 -0.000000 0.000000 7.000000 0.058000
2076.000000 0.188693 0.016732 -0.000000 0.000000 7.000000 0.058000
2077.000000 0.188693 0.016732 -0.000000 0.000000 7.000000 0.058000
2078.000000 0.188693 0.016732 -0.000000 0.000000 7.000000 0.058000
2079.000000 0.188693 0.016732 -0.000000 0.000000 7.000000 0.058000
2080.000000 0.188693 0.016732 -0.000000 0.000000 7.000000 0.058000
2081.000000 0.188693 0.016732 -0.000000 0.000000 7.000000 0.058000
2082.000000 0.188693 0.016732 -0.000000 0.000000 7.000000 0.058000
2083.000000 0.188693 0.016732 -0.000000 0.000000 7.000000 0.058000
2084.000000 0.188693 0.016732 -0.000000 0.000000 7.000000 0.058000
2085.000000 0.188693 0.016732 -0.000000 0.000000 7.000000 0.058000
2086.000000 0.188693 0.016732 -0.000000 0.000000 7.000000 0.058000
2087.000000 0.188693 0.016732 -0.000000 0.000000 7.000000 0.058000
2088.000000 0.188693 0.016732 -0.000000 0.000000 7.000000 0.058000
2089.000000 0.188693 0.016732 -0.000000 0.000000 7.000000 0.058000
2090.000000 0.188693 0.016732 -0.000000 0.000000 7.000000 0.058000
2091.000000 0.188693 0.016732 -0.000000 0.000000 7.000000 0.058000
2092.000000 0.188693 0.016732 -0.000000 0.000000 7.000000 0.058000
2093.000000 0.188693 0.016732 -0.000000 0.000000 7.000000 0.058000
2094.000000 0.188693 0.016732 -0.000000 0.000000 7.000000 0.058000
2095.000000 0.188693 0.016732 -0.000000 0.000000 7.000000 0.058000
2096.000000 0.188693 0.016732 -0.000000 0.000000 7.000000 0.058000
2097.000000 0.188693 0.016732 -0.000000 0.000000 7.000000 0.058000
2098.000000 0.188693 0.016732 -0.000000 0.000000 7.000000 0.058000
2099.000000 0.188693 0.016732 -0.000000 0.000000 7.000000 0.058000
2100.000000 0.188693 0.016732 -0.000000 0.000000 7.000000 0.058000
2101.000000 0.188693 0.016732 -0.000000 0.000000 7.000000 0.058000
2102.000000 0.188693 0.016732 -0.000000 0.000000 7.000000 0.058000
2103.000000 0.188693 0.016732 -0.000000 0.000000 7.000000 0.058000
2104.000000 0.188693 0.016732 -0.000000 0.000000 7.000000 0.058000
2105.000000 0.188693 0.016732 -0.000000 0.000000 7.000000 0.058000
2106.000000 0.188693 0.016732 -0.000000 0.000000 7.000000 0.058000
2107.000000 0.188693 0.016732 -0.000000 0.000000 7.000000 0.058000
2108.000000 0.188693 0.016732 -0.000000 0.000000 7.000000 0.058000
2109.000000 0.188693 0.016732 -0.000000 0.000000 7.000000 0.058000
2110.000000 0.188693 0.016732 -0.000000 0.000000 7.000000 0.058000
2111.000000 0.188693 0.016732 -0.000000 0.000000 7.000000 0.058000
2112.000000 0.188693 0.016732 -0.000000 0.000000 7.000000 0.058000
2113.000000 0.188693 0.016732 -0.000000 0.000000 7.000000 0.058000
2114.000000 0.188693 0.016732 -0.000000 0.000000 7.000000 0.058000
2115.000000 0.188693 0.016732 -0.000000 0.000000 7.000000 0.058000
2116.000000 0.188693 0.016732 -0.000000 0.000000 7.000000 0.058000
2117.000000 0.188693 0.016732 -0.000000 0.000000 7.000000 0.058000
2118.000000 0.188693 0.016732 -0.000000 0.000000 7.000000 0.058000
2119.000000 0.188693 0.016732 -0.000000 0.000000 7.000000 0.058000
2120.000000 0.188693 0.016732 -0.000000 0.000000 7.000000 0.058000
2121.000000 0.188693 0.016732 -0.000000 0.000000 7.000000 0.058000
2122.000000 0.188693 0.016732 -0.000000 0.000000 7.000000 0.058000
2123.000000 0.188693 0.016732 -0.000000 0.000000 7.000000 0.058000
2124.000000 0.188693 0.016732 -0.000000 0.000000 7.000000 0.058000
2125.000000 0.188693 0.016732 -0.000000 0.000000 7.000000 0.058000
2126.000000 0.188693 0.016732 -0.000000 0.000000 7.000000 0.058000
2127.000000 0.188693 0.016732 -0.000000 0.000000 7.000000 0.058000
2128.000000 0.188693 0.016732 -0.000000 0.000000 7.000000 0.058000
2129.000000 0.188693 0.016732 -0.000000 0.000000 7.000000 0.058000
2130.000000 0.188693 0.016732 -0.000000 0.000000 7.000000 0.058000
2131.000000 0.188693 0.016732 -0.000000 0.000000 7.000000 0.058000
2132.000000 0.188693 0.016732 -0.000000 0.000000 7.000000 0.058000
2133.000000 0.188693 0.016732 -0.000000 0.000000 7.000000 0.058000
2134.000000 0.188693 0.016732 -0.000000 0.000000 7.000000 0.058000
2135.000000 0.188693 0.016732 -0.000000 0.000000 7.000000 0.058000
2136.000000 0.188693 0.016732 -0.000000 0.000000 7.000000 0.058000
2137.000000 0.188693 0.016732 -0.000000 0.000000 7.000000 0.058000
2138.000000 0.188693 0.016732 -0.000000 0.000000 7.000000 0.058000
2139.000000 0.188693 0.016732 -0.000000 0.000000 7.000000 0.058000
2140.000000 0.188693 0.016732 -0.000000 0.000000 7.000000 0.058000
2141.000000 0.188693 0.016732 -0.000000 0.000000 7.000000 0.058000
2142.000000 0.188693 0.016732 -0.000000 0.000000 7.000000 0.058000
2143.000000 0.188693 0.016732 -0.000000 0.000000 7.000000 0.058000
2144.000000 0.188693 0.016732 -0.000000 0.000000 7.000000 0.058000
2145.000000 0.188693 0.016732 -0.000000 0.000000 7.000000 0.058000
2146.000000 0.188693 0.016732 -0.000000 0.000000 7.000000 0.058000
2147.000000 0.188693 0.016732 -0.000000 0.000000 7.000000 0.058000
2148.000000 0.188693 0.016732 -0.000000 0.000000 7.000000 0.058000
2149.000000 0.188693 0.016732 -0.000000 0.000000 7.000000 0.058000
2150.000000 0.188693 0.016732 -0.000000 0.000000 7.000000 0.058000
2151.000000 0.188693 0.016732 -0.000000 0.000000 7.000000 0.058000
2152.000000 0.188693 0.016732 -0.000000 0.000000 7.000000 0.058000
2153.000000 0.188693 0.016732 -0.000000 0.000000 7.000000 0.058000
2154.000000 0.188693 0.016732 -0.000000 0.000000 7.000000 0.058000
2155.000000 0.188693 0.016732 -0.000000 0.000000 7.000000 0.058000
2156.000000 0.188693 0.016732 -0.000000 0.000000 7.000000 0.058000
2157.000000 0.188693 0.016732 -0.000000 0.000000 7.000000 0.058000
2158.000000 0.188693 0.016732 -0.000000 0.000000 7.000000 0.058000
2159.000000 0.188693 0.016732 -0.000000 0.000000 7.000000 0.058000
2160.000000 0.188693 0.016732 -0.000000 0.000000 7.000000 0.058000
2161.000000 0.188693 0.016732 -0.000000 0.000000 7.000000 0.058000
2162.000000 0.188693 0.016732 -0.000000 0.000000 7.000000 0.058000
2163.000000 0.188693 0.016732 -0.000000 0.000000 7.000000 0.058000
2164.000000 0.188693 0.016732 -0.000000 0.000000 7.000000 0.058000
2165.000000 0.188693 0.016732 -0.000000 0.000000 7.000000 0.058000
2166.000000 0.188693 0.016732 -0.000000 0.000000 7.000000 0.058000
2167.000000 0.188693 0.016732 -0.000000 0.000000 7.000000 0.058000
2168.000000 0.188693 0.016732 -0.000000 0.000000 7.000000 0.058000
2169.000000 0.188693 0.016732 -0.000000 0.000000 7.000000 0.058000
2170.000000 0.188693 0.016732 -0.000000 0.000000 7.000000 0.058000
2171.000000 0.188693 0.016732 -0.000000 0.000000 7.000000 0.058000
2172.000000 0.188693 0.016732 -0.000000 0.000000 7.000000 0.058000
2173.000000 0.188693 0.016732 -0.000000 0.000000 7.000000 0.058000
2174.000000 0.188693 0.016732 -0.000000 0.000000 7.000000 0.058000
2175.000000 0.188693 0.016732 -0.000000 0.000000 7.000000 0.058000
2176.000000 0.188693 0.016732 -0.000000 0.000000 7.000000 0.058000
2177.000000 0.188693 0.016732 -0.000000 0.000000 7.000000 0.058000
2178.000000 0.188693 0.016732 -0.000000 0.000000 7.000000 0.058000
2179.000000 0.188693 0.016732 -0.000000 0.000000 7.000000 0.058000
2180.000000 0.188693 0.016732 -0.000000 0.000000 7.000000 0.058000
2181.000000 0.188693 0.016732 -0.000000 0.000000 7.000000 0.058000
2182.000000 0.188693 0.016732 -0.000000 0.000000 7.000000 0.058000
2183.000000 0.188693 0.016732 -0.000000 0.000000 7.000000 0.058000
2184.000000 0.188693 0.016732 -0.000000 0.000000 7.000000 0.058000
2185.000000 0.188693 0.016732 -0.000000 0.000000 7.000000 0.058000
2186.000000 0.188693 0.016732 -0.000000 0.000000 7.000000 0.058000
2187.000000 0.188693 0.016732 -0.000000 0.000000 7.000000 0.058000
2188.000000 0.188693 0.016732 -0.000000 0.000000 7.000000 0.058000
2189.000000 0.188693 0.016732 -0.000000 0.000000 7.000000 0.058000
2190.000000 0.188693 0.016732 -0.000000 0.000000 7.000000 0.058000
2191.000000 0.188693 0.016732 -0.000000 0.000000 7.000000 0.058000
2192.000000 0.188693 0.016732 -0.000000 0.000000 7.000000 0.058000
2193.000000 0.188693 0.016732 -0.000000 0.000000 7.000000 0.058000
2194.000000 0.188693 0.016732 -0.000000 0.000000 7.000000 0.058000
2195.000000 0.188693 0.016732 -0.000000 0.000000 7.000000 0.058000
2196.000000 0.188693 0.016732 -0.000000 0.000000 7.000000 0.058000
2197.000000 0.188693 0.016732 -0.000000 0.000000 7.000000 0.058000
2198.000000 0.188693 0.016732 -0.000000 0.000000 7.000000 0.058000
2199.000000 0.188693 0.016732 -0.000000 0.000000 7.000000 0.058000
2200.000000 0.188693 0.016732 -0.000000 0.000000 7.000000 0.058000
2201.000000 0.188693 0.016732 -0.000000 0.000000 7.000000 0.058000
2202.000000 0.188693 0.016732 -0.000000 0.000000 7.000000 0.058000
2203.000000 0.188693 0.016732 -0.000000 0.000000 7.000000 0.058000
2204.000000 0.188693 0.016732 -0.000000 0.000000 7.000000 0.058000
2205.000000 0.188693 0.016732 -0.000000 0.000000 7.000000 0.058000
2206.000000 0.188693 0.016732 -0.000000 0.000000 7.000000 0.058000
2207.000000 0.188693 0.016732 -0.000000 0.000000 7.000000 0.058000
2208.000000 0.188693 0.016732 -0.000000 0.000000 7.000000 0.058000
2209.000000 0.188693 0.016732 -0.000000 0.000000 7.000000 0.058000
2210.000000 0.188693 0.016732 -0.000000 0.000000 7.000000 0.058000
2211.000000 0.188693 0.016732 -0.000000 0.000000 7.000000 0.058000
2212.000000 0.188693 0.016732 -0.000000 0.000000 7.000000 0.058000
2213.000000 0.188693 0.016732 -0.000000 0.000000 7.000000 0.058000
2214.000000 0.188693 0.016732 -0.000000 0.000000 7.000000 0.058000
2215.000000 0.188693 0.016732 -0.000000 0.000000 7.000000 0.058000
2216.000000 0.188693 0.016732 -0.000000 0.000000 7.000000 0.058000
2217.000000 0.188693 0.016732 -0.000000 0.000000 7.000000 0.058000
2218.000000 0.188693 0.016732 -0.000000 0.000000 7.000000 0.058000
2219.000000 0.188693 0.016732 -0.000000 0.000000 7.000000 0.058000
2220.000000 0.188693 0.016732 -0.000000 0.000000 7.000000 0.058000
