# imt log
s logheadsize 000234
s logcolumns 7
s logname /home/testac/lgames/fitts/20180711_Wed/run1.124943.dat
s logversion 2.0
s logdate "Wed Jul 11 12:49:43 EDT 2018"
s logidate 1531327783

# begin user data

# end user data

#####
4024.000000 -0.000931 0.000082 -0.000000 -0.000000 0.000000 0.000000
4025.000000 -0.000931 0.000082 -0.000000 -0.000000 0.000000 0.000000
4026.000000 -0.000931 0.000082 -0.000000 -0.000000 7.000000 0.028000
4027.000000 -0.000931 0.000082 -0.000000 -0.000000 7.000000 0.028000
4028.000000 -0.000931 0.000082 -0.000000 -0.000000 7.000000 0.028000
4029.000000 -0.000931 0.000082 -0.000000 -0.000000 7.000000 0.028000
4030.000000 -0.000931 0.000082 -0.000000 -0.000000 7.000000 0.028000
4031.000000 -0.000931 0.000082 -0.000000 -0.000000 7.000000 0.028000
4032.000000 -0.000931 0.000082 -0.000000 -0.000000 7.000000 0.028000
4033.000000 -0.000931 0.000082 -0.000000 -0.000000 7.000000 0.028000
4034.000000 -0.000931 0.000082 -0.000000 -0.000000 7.000000 0.028000
4035.000000 -0.000931 0.000082 -0.000000 -0.000000 7.000000 0.028000
4036.000000 -0.000931 0.000082 -0.000000 -0.000000 7.000000 0.028000
4037.000000 -0.000931 0.000082 -0.000000 -0.000000 7.000000 0.028000
4038.000000 -0.000931 0.000082 -0.000000 -0.000000 7.000000 0.028000
4039.000000 -0.000931 0.000082 -0.000000 -0.000000 7.000000 0.028000
4040.000000 -0.000931 0.000082 -0.000000 -0.000000 7.000000 0.028000
4041.000000 -0.000931 0.000082 -0.000000 -0.000000 7.000000 0.028000
4042.000000 -0.000931 0.000082 -0.000000 -0.000000 7.000000 0.028000
4043.000000 -0.000931 0.000082 -0.000000 -0.000000 7.000000 0.028000
4044.000000 -0.000931 0.000082 -0.000000 -0.000000 7.000000 0.028000
4045.000000 -0.000931 0.000082 -0.000000 -0.000000 7.000000 0.028000
4046.000000 -0.000931 0.000082 -0.000000 -0.000000 7.000000 0.028000
4047.000000 -0.000931 0.000082 -0.000000 -0.000000 7.000000 0.028000
4048.000000 -0.000931 0.000082 -0.000000 -0.000000 7.000000 0.028000
4049.000000 -0.000931 0.000082 -0.000000 -0.000000 7.000000 0.028000
4050.000000 -0.000931 0.000082 -0.000000 -0.000000 7.000000 0.028000
4051.000000 -0.000931 0.000082 -0.000000 -0.000000 7.000000 0.028000
4052.000000 -0.000931 0.000082 -0.000000 -0.000000 7.000000 0.028000
4053.000000 -0.000931 0.000082 -0.000000 -0.000000 7.000000 0.028000
4054.000000 -0.000931 0.000082 -0.000000 -0.000000 7.000000 0.028000
4055.000000 -0.000931 0.000082 -0.000000 -0.000000 7.000000 0.028000
4056.000000 -0.000931 0.000082 -0.000000 -0.000000 7.000000 0.028000
4057.000000 -0.000931 0.000082 -0.000000 -0.000000 7.000000 0.028000
4058.000000 -0.000931 0.000082 -0.000000 -0.000000 7.000000 0.028000
4059.000000 -0.000931 0.000082 -0.000000 -0.000000 7.000000 0.028000
4060.000000 -0.000931 0.000082 -0.000000 -0.000000 7.000000 0.028000
4061.000000 -0.000931 0.000082 -0.000000 -0.000000 7.000000 0.028000
4062.000000 -0.000931 0.000082 -0.000000 -0.000000 7.000000 0.028000
4063.000000 -0.000931 0.000082 -0.000000 -0.000000 7.000000 0.028000
4064.000000 -0.000931 0.000082 -0.000000 -0.000000 7.000000 0.028000
4065.000000 -0.000931 0.000082 -0.000000 -0.000000 7.000000 0.028000
4066.000000 -0.000931 0.000082 -0.000000 -0.000000 7.000000 0.028000
4067.000000 -0.000931 0.000082 -0.000000 -0.000000 7.000000 0.028000
4068.000000 -0.000931 0.000082 -0.000000 -0.000000 7.000000 0.028000
4069.000000 -0.000931 0.000082 -0.000000 -0.000000 7.000000 0.028000
4070.000000 -0.000931 0.000082 -0.000000 -0.000000 7.000000 0.028000
4071.000000 -0.000931 0.000082 -0.000000 -0.000000 7.000000 0.028000
4072.000000 -0.000931 0.000082 -0.000000 -0.000000 7.000000 0.028000
4073.000000 -0.000931 0.000082 -0.000000 -0.000000 7.000000 0.028000
4074.000000 -0.000931 0.000082 -0.000000 -0.000000 7.000000 0.028000
4075.000000 -0.000931 0.000082 -0.000000 -0.000000 7.000000 0.028000
4076.000000 -0.000931 0.000082 -0.000000 -0.000000 7.000000 0.028000
4077.000000 -0.000931 0.000082 -0.000000 -0.000000 7.000000 0.028000
4078.000000 -0.000931 0.000082 -0.000000 -0.000000 7.000000 0.028000
4079.000000 -0.000931 0.000082 -0.000000 -0.000000 7.000000 0.028000
4080.000000 -0.000931 0.000082 -0.000000 -0.000000 7.000000 0.028000
4081.000000 -0.000931 0.000082 -0.000000 -0.000000 7.000000 0.028000
4082.000000 -0.000931 0.000082 -0.000000 -0.000000 7.000000 0.028000
4083.000000 -0.000931 0.000082 -0.000000 -0.000000 7.000000 0.028000
4084.000000 -0.000931 0.000082 -0.000000 -0.000000 7.000000 0.028000
4085.000000 -0.000931 0.000082 -0.000000 -0.000000 7.000000 0.028000
4086.000000 -0.000931 0.000082 -0.000000 -0.000000 7.000000 0.028000
4087.000000 -0.000931 0.000082 -0.000000 -0.000000 7.000000 0.028000
4088.000000 -0.000931 0.000082 -0.000000 -0.000000 7.000000 0.028000
4089.000000 -0.000931 0.000082 -0.000000 -0.000000 7.000000 0.028000
4090.000000 -0.000931 0.000082 -0.000000 -0.000000 7.000000 0.028000
4091.000000 -0.000931 0.000082 -0.000000 -0.000000 7.000000 0.028000
4092.000000 -0.000970 0.000118 -0.001936 0.001802 7.000000 0.028000
4093.000000 -0.000970 0.000118 -0.002922 0.002719 7.000000 0.028000
4094.000000 -0.000970 0.000118 -0.001489 0.001386 7.000000 0.028000
4095.000000 -0.000970 0.000118 -0.000759 0.000706 7.000000 0.028000
4096.000000 -0.000984 0.000082 -0.001036 -0.001437 7.000000 0.028000
4097.000000 -0.001063 0.000155 -0.005049 0.001075 7.000000 0.028000
4098.000000 -0.001049 0.000192 -0.005793 0.005948 7.000000 0.028000
4099.000000 -0.001010 0.000155 -0.000367 0.003026 7.000000 0.028000
4100.000000 -0.001023 0.000118 0.001099 -0.002057 7.000000 0.028000
4101.000000 -0.001063 0.000155 -0.002025 -0.001043 7.000000 0.028000
4102.000000 -0.001063 0.000155 -0.002967 0.001270 7.000000 0.028000
4103.000000 -0.001063 0.000155 -0.001512 0.000647 7.000000 0.028000
4104.000000 -0.001076 0.000119 -0.001420 -0.001467 7.000000 0.028000
4105.000000 -0.001089 0.000082 -0.002024 -0.004341 7.000000 0.028000
4106.000000 -0.001155 0.000192 -0.004901 0.001393 7.000000 0.028000
4107.000000 -0.001155 0.000192 -0.005717 0.006111 7.000000 0.028000
4108.000000 -0.001129 0.000119 -0.001628 -0.000486 7.000000 0.028000
4109.000000 -0.001129 0.000119 0.000456 -0.003846 7.000000 0.028000
4110.000000 -0.001129 0.000119 0.000232 -0.001960 7.000000 0.028000
4111.000000 -0.001129 0.000119 0.000118 -0.000998 7.000000 0.028000
4112.000000 -0.001168 0.000155 -0.001875 0.001294 7.000000 0.028000
4113.000000 -0.001181 0.000119 -0.003541 0.000665 7.000000 0.028000
4114.000000 -0.001181 0.000119 -0.002454 -0.001458 7.000000 0.028000
4115.000000 -0.001181 0.000119 -0.001250 -0.000743 7.000000 0.028000
4116.000000 -0.001181 0.000119 -0.000637 -0.000379 7.000000 0.028000
4117.000000 -0.001221 0.000156 -0.002259 0.001610 7.000000 0.028000
4118.000000 -0.001221 0.000156 -0.003086 0.002623 7.000000 0.028000
4119.000000 -0.001234 0.000119 -0.002223 -0.000460 7.000000 0.028000
4120.000000 -0.001234 0.000119 -0.001783 -0.002031 7.000000 0.028000
4121.000000 -0.001234 0.000119 -0.000908 -0.001035 7.000000 0.028000
4122.000000 -0.001247 0.000082 -0.001114 -0.002324 7.000000 0.028000
4123.000000 -0.001287 0.000119 -0.003153 -0.001178 7.000000 0.028000
4124.000000 -0.001313 0.000192 -0.004825 0.004802 7.000000 0.028000
4125.000000 -0.001326 0.000156 -0.004393 0.004249 7.000000 0.028000
4126.000000 -0.001287 0.000119 -0.000954 -0.001434 7.000000 0.028000
4127.000000 -0.001287 0.000119 0.001449 -0.002533 7.000000 0.028000
4128.000000 -0.001287 0.000119 0.000738 -0.001291 7.000000 0.028000
4129.000000 -0.001287 0.000119 0.000376 -0.000658 7.000000 0.028000
4130.000000 -0.001326 0.000156 -0.001743 0.001468 7.000000 0.028000
4131.000000 -0.001340 0.000119 -0.003473 0.000754 7.000000 0.028000
4132.000000 -0.001340 0.000119 -0.002420 -0.001412 7.000000 0.028000
4133.000000 -0.001340 0.000119 -0.001233 -0.000720 7.000000 0.028000
4134.000000 -0.001340 0.000119 -0.000628 -0.000367 7.000000 0.028000
4135.000000 -0.001340 0.000119 -0.000320 -0.000187 7.000000 0.028000
4136.000000 -0.001340 0.000119 -0.000163 -0.000095 7.000000 0.028000
4137.000000 -0.001340 0.000119 -0.000083 -0.000048 7.000000 0.028000
4138.000000 -0.001340 0.000119 -0.000042 -0.000025 7.000000 0.028000
4139.000000 -0.001392 0.000119 -0.002607 -0.000006 7.000000 0.028000
4140.000000 -0.001392 0.000119 -0.003914 0.000003 7.000000 0.028000
4141.000000 -0.001432 0.000156 -0.003928 0.001805 7.000000 0.028000
4142.000000 -0.001432 0.000156 -0.003936 0.002723 7.000000 0.028000
4143.000000 -0.001392 0.000119 -0.000071 -0.000416 7.000000 0.028000
4144.000000 -0.001392 0.000119 0.001898 -0.002015 7.000000 0.028000
4145.000000 -0.001392 0.000119 0.000967 -0.001027 7.000000 0.028000
4146.000000 -0.001392 0.000119 0.000493 -0.000523 7.000000 0.028000
4147.000000 -0.001392 0.000119 0.000251 -0.000266 7.000000 0.028000
4148.000000 -0.001392 0.000119 0.000128 -0.000136 7.000000 0.028000
4149.000000 -0.001392 0.000119 0.000065 -0.000069 7.000000 0.028000
4150.000000 -0.001392 0.000119 0.000033 -0.000035 7.000000 0.028000
4151.000000 -0.001392 0.000119 0.000017 -0.000018 7.000000 0.028000
4152.000000 -0.001392 0.000119 0.000009 -0.000009 7.000000 0.028000
4153.000000 -0.001392 0.000119 0.000004 -0.000005 7.000000 0.028000
4154.000000 -0.001392 0.000119 0.000002 -0.000002 7.000000 0.028000
4155.000000 -0.001392 0.000119 0.000001 -0.000001 7.000000 0.028000
4156.000000 -0.001392 0.000119 0.000001 -0.000001 7.000000 0.028000
4157.000000 -0.001392 0.000119 0.000000 -0.000000 7.000000 0.028000
4158.000000 -0.001392 0.000119 0.000000 -0.000000 7.000000 0.028000
4159.000000 -0.001392 0.000119 0.000000 -0.000000 7.000000 0.028000
4160.000000 -0.001392 0.000119 0.000000 -0.000000 7.000000 0.028000
4161.000000 -0.001392 0.000119 0.000000 -0.000000 7.000000 0.028000
4162.000000 -0.001392 0.000119 0.000000 -0.000000 7.000000 0.028000
4163.000000 -0.001392 0.000119 0.000000 -0.000000 7.000000 0.028000
4164.000000 -0.001392 0.000119 0.000000 -0.000000 7.000000 0.028000
4165.000000 -0.001392 0.000119 0.000000 -0.000000 7.000000 0.028000
4166.000000 -0.001392 0.000119 0.000000 -0.000000 7.000000 0.028000
4167.000000 -0.001392 0.000119 0.000000 -0.000000 7.000000 0.028000
4168.000000 -0.001392 0.000119 0.000000 -0.000000 7.000000 0.028000
4169.000000 -0.001392 0.000119 0.000000 -0.000000 7.000000 0.028000
4170.000000 -0.001392 0.000119 0.000000 -0.000000 7.000000 0.028000
4171.000000 -0.001392 0.000119 0.000000 -0.000000 7.000000 0.028000
4172.000000 -0.001392 0.000119 0.000000 -0.000000 7.000000 0.028000
4173.000000 -0.001392 0.000119 0.000000 -0.000000 7.000000 0.028000
4174.000000 -0.001392 0.000119 0.000000 -0.000000 7.000000 0.028000
4175.000000 -0.001392 0.000119 0.000000 -0.000000 7.000000 0.028000
4176.000000 -0.001392 0.000119 0.000000 -0.000000 7.000000 0.028000
4177.000000 -0.001392 0.000119 0.000000 -0.000000 7.000000 0.028000
4178.000000 -0.001392 0.000119 0.000000 -0.000000 7.000000 0.028000
4179.000000 -0.001392 0.000119 0.000000 -0.000000 7.000000 0.028000
4180.000000 -0.001392 0.000119 0.000000 -0.000000 7.000000 0.028000
4181.000000 -0.001392 0.000119 0.000000 -0.000000 7.000000 0.028000
4182.000000 -0.001392 0.000119 0.000000 -0.000000 7.000000 0.028000
4183.000000 -0.001392 0.000119 0.000000 -0.000000 7.000000 0.028000
4184.000000 -0.001392 0.000119 0.000000 -0.000000 7.000000 0.028000
4185.000000 -0.001392 0.000119 0.000000 -0.000000 7.000000 0.028000
4186.000000 -0.001392 0.000119 0.000000 -0.000000 7.000000 0.028000
4187.000000 -0.001392 0.000119 0.000000 -0.000000 7.000000 0.028000
4188.000000 -0.001392 0.000119 0.000000 -0.000000 7.000000 0.028000
4189.000000 -0.001392 0.000119 0.000000 -0.000000 7.000000 0.028000
4190.000000 -0.001392 0.000119 0.000000 -0.000000 7.000000 0.028000
4191.000000 -0.001392 0.000119 0.000000 -0.000000 7.000000 0.028000
4192.000000 -0.001392 0.000119 0.000000 -0.000000 7.000000 0.028000
4193.000000 -0.001392 0.000119 0.000000 -0.000000 7.000000 0.028000
4194.000000 -0.001392 0.000119 0.000000 -0.000000 7.000000 0.028000
4195.000000 -0.001392 0.000119 0.000000 -0.000000 7.000000 0.028000
4196.000000 -0.001392 0.000119 0.000000 -0.000000 7.000000 0.028000
4197.000000 -0.001392 0.000119 0.000000 -0.000000 7.000000 0.028000
4198.000000 -0.001392 0.000119 0.000000 -0.000000 7.000000 0.028000
4199.000000 -0.001392 0.000119 0.000000 -0.000000 7.000000 0.028000
4200.000000 -0.001392 0.000119 0.000000 -0.000000 7.000000 0.028000
4201.000000 -0.001392 0.000119 0.000000 -0.000000 7.000000 0.028000
4202.000000 -0.001392 0.000119 0.000000 -0.000000 7.000000 0.028000
4203.000000 -0.001392 0.000119 0.000000 -0.000000 7.000000 0.028000
4204.000000 -0.001353 0.000083 0.001935 -0.001803 7.000000 0.028000
4205.000000 -0.001353 0.000083 0.002920 -0.002721 7.000000 0.028000
4206.000000 -0.001379 0.000156 0.000204 0.002213 7.000000 0.028000
4207.000000 -0.001379 0.000156 -0.001180 0.004727 7.000000 0.028000
4208.000000 -0.001340 0.000119 0.001333 0.000605 7.000000 0.028000
4209.000000 -0.001326 0.000156 0.003265 0.000302 7.000000 0.028000
4210.000000 -0.001326 0.000156 0.002314 0.001951 7.000000 0.028000
4211.000000 -0.001260 0.000192 0.004414 0.002785 7.000000 0.028000
4212.000000 -0.001260 0.000192 0.005484 0.003210 7.000000 0.028000
4213.000000 -0.001234 0.000119 0.004079 -0.001964 7.000000 0.028000
4214.000000 -0.001181 0.000119 0.005949 -0.004605 7.000000 0.028000
4215.000000 -0.001221 0.000156 0.003681 -0.000550 7.000000 0.028000
4216.000000 -0.001181 0.000119 0.001875 -0.000280 7.000000 0.028000
4217.000000 -0.001168 0.000155 0.003541 -0.000148 7.000000 0.028000
4218.000000 -0.001168 0.000155 0.002454 0.001721 7.000000 0.028000
4219.000000 -0.001115 0.000155 0.003835 0.000872 7.000000 0.028000
4220.000000 -0.001102 0.000192 0.005189 0.002236 7.000000 0.028000
4221.000000 -0.001049 0.000192 0.005878 0.002931 7.000000 0.028000
4222.000000 -0.001023 0.000118 0.006867 -0.002110 7.000000 0.028000
4223.000000 -0.001010 0.000155 0.005434 -0.002877 7.000000 0.028000
4224.000000 -0.001010 0.000155 0.003418 0.000331 7.000000 0.028000
4225.000000 -0.000997 0.000192 0.002391 0.001966 7.000000 0.028000
4226.000000 -0.000957 0.000155 0.003803 0.000997 7.000000 0.028000
4227.000000 -0.000944 0.000192 0.004523 0.000504 7.000000 0.028000
4228.000000 -0.000905 0.000155 0.004890 0.000253 7.000000 0.028000
4229.000000 -0.000878 0.000228 0.005725 0.001922 7.000000 0.028000
4230.000000 -0.000839 0.000191 0.006151 0.002773 7.000000 0.028000
4231.000000 -0.000760 0.000118 0.008944 -0.003989 7.000000 0.028000
4232.000000 -0.000760 0.000118 0.008430 -0.005634 7.000000 0.028000
4233.000000 -0.000746 0.000155 0.004944 -0.001073 7.000000 0.028000
4234.000000 -0.000746 0.000155 0.003167 0.001250 7.000000 0.028000
4235.000000 -0.000694 0.000155 0.004199 0.000634 7.000000 0.028000
4236.000000 -0.000680 0.000191 0.005373 0.002117 7.000000 0.028000
4237.000000 -0.000641 0.000155 0.005323 0.001076 7.000000 0.028000
4238.000000 -0.000575 0.000191 0.007882 0.000543 7.000000 0.028000
4239.000000 -0.000575 0.000191 0.007249 0.002072 7.000000 0.028000
4240.000000 -0.000496 0.000118 0.007568 -0.002544 7.000000 0.028000
4241.000000 -0.000496 0.000118 0.007731 -0.004896 7.000000 0.028000
4242.000000 -0.000483 0.000154 0.004587 -0.000697 7.000000 0.028000
4243.000000 -0.000430 0.000154 0.005570 0.001441 7.000000 0.028000
4244.000000 -0.000430 0.000154 0.005423 0.000732 7.000000 0.028000
4245.000000 -0.000377 0.000154 0.005348 0.000371 7.000000 0.028000
4246.000000 -0.000311 0.000191 0.008542 0.001984 7.000000 0.028000
4247.000000 -0.000272 0.000154 0.009523 0.001009 7.000000 0.028000
4248.000000 -0.000219 0.000154 0.009375 -0.001285 7.000000 0.028000
4249.000000 -0.000180 0.000118 0.009301 -0.002454 7.000000 0.028000
4250.000000 -0.000127 0.000118 0.009263 -0.003049 7.000000 0.028000
4251.000000 -0.000127 0.000118 0.007305 -0.001554 7.000000 0.028000
4252.000000 -0.000074 0.000118 0.006307 -0.000792 7.000000 0.028000
4253.000000 -0.000061 0.000154 0.006445 0.001394 7.000000 0.028000
4254.000000 -0.000008 0.000154 0.006515 0.002509 7.000000 0.028000
4255.000000 0.000058 0.000191 0.009135 0.003077 7.000000 0.028000
4256.000000 0.000097 0.000154 0.009825 0.001569 7.000000 0.028000
4257.000000 0.000189 0.000118 0.011471 -0.002794 7.000000 0.028000
4258.000000 0.000229 0.000081 0.012310 -0.005016 13.000000 0.028000
4259.000000 0.000282 0.000081 0.010797 -0.004351 13.000000 0.028000
4260.000000 0.000255 0.000154 0.006792 0.001380 13.000000 0.028000
4261.000000 0.000308 0.000154 0.004751 0.004300 13.000000 0.028000
4262.000000 0.000361 0.000154 0.007591 0.002195 13.000000 0.028000
4263.000000 0.000413 0.000154 0.009038 0.001122 13.000000 0.028000
4264.000000 0.000479 0.000191 0.010419 0.002376 13.000000 0.028000
4265.000000 0.000532 0.000191 0.011123 0.003015 13.000000 0.028000
4266.000000 0.000624 0.000155 0.012779 -0.000253 13.000000 0.028000
4267.000000 0.000664 0.000118 0.012979 -0.003717 13.000000 0.028000
4268.000000 0.000717 0.000118 0.011139 -0.003685 13.000000 0.028000
4269.000000 0.000730 0.000155 0.008904 -0.000075 13.000000 0.028000
4270.000000 0.000782 0.000155 0.007766 0.001765 13.000000 0.028000
4271.000000 0.000835 0.000155 0.009127 0.000907 13.000000 0.028000
4272.000000 0.000888 0.000155 0.009820 0.000471 13.000000 0.028000
4273.000000 0.000993 0.000155 0.012759 0.000255 13.000000 0.028000
4274.000000 0.001046 0.000155 0.014256 0.000145 13.000000 0.028000
4275.000000 0.001151 0.000155 0.015019 0.000092 13.000000 0.028000
4276.000000 0.001191 0.000119 0.014766 -0.001735 13.000000 0.028000
4277.000000 0.001244 0.000119 0.012052 -0.002671 13.000000 0.028000
4278.000000 0.001296 0.000119 0.011311 -0.001348 13.000000 0.028000
4279.000000 0.001349 0.000119 0.010934 -0.000674 13.000000 0.028000
4280.000000 0.001455 0.000119 0.013327 -0.000322 13.000000 0.028000
4281.000000 0.001507 0.000120 0.014546 -0.000142 13.000000 0.028000
4282.000000 0.001613 0.000120 0.015167 -0.000048 13.000000 0.028000
4283.000000 0.001665 0.000120 0.015484 -0.000000 13.000000 0.028000
4284.000000 0.001771 0.000120 0.015645 0.000026 13.000000 0.028000
4285.000000 0.001850 0.000047 0.017034 -0.003551 13.000000 0.028000
4286.000000 0.001876 0.000121 0.013848 -0.001791 13.000000 0.028000
4287.000000 0.001969 0.000084 0.012867 0.000907 13.000000 0.028000
4288.000000 0.002074 0.000085 0.016258 -0.001298 13.000000 0.028000
4289.000000 0.002140 0.000122 0.016679 0.001170 13.000000 0.028000
4290.000000 0.002232 0.000085 0.016255 0.000629 13.000000 0.028000
4291.000000 0.002311 0.000159 0.016675 0.002155 13.000000 0.028000
4292.000000 0.002417 0.000159 0.017528 0.004736 13.000000 0.028000
4293.000000 0.002496 0.000087 0.017997 -0.001141 13.000000 0.028000
4294.000000 0.002601 0.000087 0.018235 -0.004133 13.000000 0.028000
4295.000000 0.002667 0.000124 0.017684 -0.000266 13.000000 0.028000
4296.000000 0.002773 0.000125 0.017404 0.001707 13.000000 0.028000
4297.000000 0.002825 0.000125 0.016623 0.000910 13.000000 0.028000
4298.000000 0.002931 0.000125 0.016225 0.000507 13.000000 0.028000
4299.000000 0.003036 0.000126 0.018608 0.000317 13.000000 0.028000
4300.000000 0.003142 0.000126 0.019822 0.000222 13.000000 0.028000
4301.000000 0.003247 0.000127 0.020441 0.000176 13.000000 0.028000
4302.000000 0.003379 0.000055 0.022073 -0.003432 13.000000 0.028000
4303.000000 0.003485 0.000055 0.022904 -0.005269 13.000000 0.028000
4304.000000 0.003550 0.000092 0.020061 -0.000831 13.000000 0.028000
4305.000000 0.003656 0.000093 0.018612 0.001433 13.000000 0.028000
4306.000000 0.003761 0.000094 0.019825 0.000802 13.000000 0.028000
4307.000000 0.003867 0.000094 0.020442 0.000483 13.000000 0.028000
4308.000000 0.004025 0.000096 0.023343 0.000344 13.000000 0.028000
4309.000000 0.004143 0.000133 0.025451 0.002078 13.000000 0.028000
4310.000000 0.004249 0.000134 0.023941 0.002944 13.000000 0.028000
4311.000000 0.004381 0.000062 0.023863 -0.002000 13.000000 0.028000
4312.000000 0.004526 0.000026 0.025778 -0.006298 13.000000 0.028000
4313.000000 0.004605 0.000100 0.024106 -0.001317 13.000000 0.028000
4314.000000 0.004750 0.000065 0.023257 0.001225 13.000000 0.028000
4315.000000 0.004856 0.000066 0.024146 -0.001063 13.000000 0.028000
4316.000000 0.005014 0.000067 0.025231 -0.000420 13.000000 0.028000
4317.000000 0.005159 0.000032 0.027741 -0.001869 13.000000 0.028000
4318.000000 0.005290 0.000106 0.027689 0.000980 13.000000 0.028000
4319.000000 0.005475 0.000035 0.029624 0.000658 13.000000 0.028000
4320.000000 0.005621 -0.000000 0.031310 -0.004889 13.000000 0.028000
4321.000000 0.005739 0.000037 0.028881 -0.002353 13.000000 0.028000
4322.000000 0.005857 0.000075 0.026311 0.002524 13.000000 0.028000
4323.000000 0.006016 0.000077 0.026960 0.003236 13.000000 0.028000
4324.000000 0.006174 0.000079 0.029249 0.001827 13.000000 0.028000
4325.000000 0.006332 0.000081 0.030415 0.001114 13.000000 0.028000
4326.000000 0.006490 0.000082 0.031009 0.000755 13.000000 0.028000
4327.000000 0.006648 0.000084 0.031312 0.000577 13.000000 0.028000
4328.000000 0.006846 0.000050 0.033430 -0.001281 13.000000 0.028000
4329.000000 0.006992 0.000015 0.033887 -0.004030 13.000000 0.028000
4330.000000 0.007163 0.000054 0.032779 -0.001846 13.000000 0.028000
4331.000000 0.007321 0.000056 0.032838 0.001077 13.000000 0.028000
4332.000000 0.007479 0.000058 0.032244 0.000765 13.000000 0.028000
4333.000000 0.007650 0.000097 0.032562 0.002417 13.000000 0.028000
4334.000000 0.007848 0.000064 0.034690 0.001496 13.000000 0.028000
4335.000000 0.008019 0.000103 0.035771 0.001032 13.000000 0.028000
4336.000000 0.008230 0.000106 0.036943 0.002611 13.000000 0.028000
4337.000000 0.008468 0.000036 0.040858 -0.001919 13.000000 0.028000
4338.000000 0.008626 0.000039 0.040266 -0.004263 13.000000 0.028000
4339.000000 0.008825 0.000005 0.038000 -0.003682 13.000000 0.028000
4340.000000 0.009008 0.000081 0.038075 0.000235 13.000000 0.028000
4341.000000 0.009179 0.000121 0.036760 0.005810 13.000000 0.028000
4342.000000 0.009390 0.000124 0.037441 0.005085 13.000000 0.028000
4343.000000 0.009588 0.000091 0.039145 0.001150 13.000000 0.028000
4344.000000 0.009811 0.000132 0.040625 0.000963 13.000000 0.028000
4345.000000 0.010022 0.000136 0.041994 0.002685 13.000000 0.028000
4346.000000 0.010273 0.000103 0.044053 0.000003 13.000000 0.028000
4347.000000 0.010472 0.000071 0.044491 -0.003167 13.000000 0.028000
4348.000000 0.010683 0.000075 0.042741 -0.003013 13.000000 0.028000
4349.000000 0.010853 0.000115 0.040485 0.000639 13.000000 0.028000
4350.000000 0.011077 0.000156 0.039942 0.004320 13.000000 0.028000
4351.000000 0.011328 0.000124 0.043619 0.002690 13.000000 0.028000
4352.000000 0.011539 0.000129 0.044882 0.000056 13.000000 0.028000
4353.000000 0.011802 0.000134 0.046135 0.000539 13.000000 0.028000
4354.000000 0.012053 0.000103 0.048754 -0.000960 13.000000 0.028000
4355.000000 0.012317 0.000109 0.050088 -0.001710 13.000000 0.028000
4356.000000 0.012528 0.000114 0.048788 -0.000331 13.000000 0.028000
4357.000000 0.012779 0.000083 0.047524 -0.001429 13.000000 0.028000
4358.000000 0.013002 0.000125 0.047480 -0.000168 13.000000 0.028000
4359.000000 0.013266 0.000131 0.048062 0.002300 13.000000 0.028000
4360.000000 0.013517 0.000100 0.049740 0.000005 13.000000 0.028000
4361.000000 0.013740 0.000143 0.048608 0.000594 13.000000 0.028000
4362.000000 0.014016 0.000186 0.049231 0.004536 13.000000 0.028000
4363.000000 0.014280 0.000193 0.051532 0.004809 13.000000 0.028000
4364.000000 0.014584 0.000164 0.054093 0.001404 13.000000 0.028000
4365.000000 0.014835 0.000134 0.054803 -0.002134 13.000000 0.028000
4366.000000 0.015099 0.000141 0.053178 -0.002179 13.000000 0.028000
4367.000000 0.015362 0.000149 0.052947 -0.000375 13.000000 0.028000
4368.000000 0.015626 0.000156 0.052828 0.000557 13.000000 0.028000
4369.000000 0.015902 0.000201 0.053358 0.002861 13.000000 0.028000
4370.000000 0.016165 0.000208 0.053628 0.004047 13.000000 0.028000
4371.000000 0.016482 0.000218 0.055756 0.002930 13.000000 0.028000
4372.000000 0.016757 0.000263 0.057428 0.004191 13.000000 0.028000
4373.000000 0.017102 0.000200 0.059691 0.001301 13.000000 0.028000
4374.000000 0.017354 0.000171 0.059665 -0.003796 13.000000 0.028000
4375.000000 0.017588 0.000252 0.054248 0.000641 13.000000 0.028000
4376.000000 0.017905 0.000262 0.054662 0.004820 13.000000 0.028000
4377.000000 0.018221 0.000273 0.058864 0.003500 13.000000 0.028000
4378.000000 0.018525 0.000246 0.060423 0.001026 13.000000 0.028000
4379.000000 0.018841 0.000257 0.061217 -0.000215 13.000000 0.028000
4380.000000 0.019170 0.000305 0.062786 0.002810 13.000000 0.028000
4381.000000 0.019486 0.000316 0.063584 0.004369 13.000000 0.028000
4382.000000 0.019831 0.000255 0.064837 -0.000182 13.000000 0.028000
4383.000000 0.020147 0.000267 0.065473 -0.002483 13.000000 0.028000
4384.000000 0.020422 0.000313 0.062366 0.001629 13.000000 0.028000
4385.000000 0.020739 0.000325 0.060782 0.003742 13.000000 0.028000
4386.000000 0.021055 0.000337 0.061979 0.003112 13.000000 0.028000
4387.000000 0.021424 0.000352 0.065173 0.002916 13.000000 0.028000
4388.000000 0.021740 0.000364 0.066799 0.002834 13.000000 0.028000
4389.000000 0.022109 0.000379 0.067627 0.002818 13.000000 0.028000
4390.000000 0.022478 0.000394 0.070632 0.002938 13.000000 0.028000
4391.000000 0.022835 0.000372 0.071595 0.001200 13.000000 0.028000
4392.000000 0.023151 0.000385 0.069499 0.000224 13.000000 0.028000
4393.000000 0.023479 0.000436 0.066984 0.003284 13.000000 0.028000
4394.000000 0.023836 0.000414 0.067721 0.003152 13.000000 0.028000
4395.000000 0.024205 0.000430 0.070110 0.001398 13.000000 0.028000
4396.000000 0.024544 0.000519 0.070433 0.005884 13.000000 0.028000
4397.000000 0.024942 0.000463 0.072061 0.004666 13.000000 0.028000
4398.000000 0.025311 0.000480 0.074340 0.000536 13.000000 0.028000
4399.000000 0.025680 0.000497 0.074046 0.001989 13.000000 0.028000
4400.000000 0.026090 0.000480 0.075922 0.001055 13.000000 0.028000
4401.000000 0.026459 0.000498 0.076875 0.000603 13.000000 0.028000
4402.000000 0.026786 0.000550 0.073307 0.003795 13.000000 0.028000
4403.000000 0.027196 0.000534 0.073519 0.003751 13.000000 0.028000
4404.000000 0.027576 0.000589 0.076201 0.003882 13.000000 0.028000
4405.000000 0.027945 0.000608 0.075541 0.005672 13.000000 0.028000
4406.000000 0.028367 0.000629 0.077230 0.004920 13.000000 0.028000
4407.000000 0.028735 0.000649 0.078090 0.004560 13.000000 0.028000
4408.000000 0.029157 0.000671 0.078526 0.004410 13.000000 0.028000
4409.000000 0.029567 0.000656 0.080786 0.002671 13.000000 0.028000
4410.000000 0.029988 0.000679 0.081934 0.001818 13.000000 0.028000
4411.000000 0.030357 0.000699 0.080484 0.003095 13.000000 0.028000
4412.000000 0.030725 0.000720 0.077161 0.003627 13.000000 0.028000
4413.000000 0.031147 0.000743 0.078048 0.004075 13.000000 0.028000
4414.000000 0.031568 0.000767 0.081081 0.004481 13.000000 0.028000
4415.000000 0.031989 0.000792 0.082624 0.004721 13.000000 0.028000
4416.000000 0.032410 0.000816 0.083408 0.004876 13.000000 0.028000
4417.000000 0.032873 0.000807 0.085854 0.003314 13.000000 0.028000
4418.000000 0.033283 0.000795 0.086566 0.000715 13.000000 0.028000
4419.000000 0.033705 0.000821 0.084882 0.001099 13.000000 0.028000
4420.000000 0.034084 0.000881 0.082505 0.004828 13.000000 0.028000
4421.000000 0.034505 0.000907 0.081293 0.006760 13.000000 0.028000
4422.000000 0.034926 0.000934 0.082720 0.006104 13.000000 0.028000
4423.000000 0.035389 0.000927 0.085502 0.004138 13.000000 0.028000
4424.000000 0.035811 0.000954 0.086917 0.003168 13.000000 0.028000
4425.000000 0.036232 0.000982 0.085583 0.004374 13.000000 0.028000
4426.000000 0.036705 0.001013 0.087482 0.005200 13.000000 0.028000
4427.000000 0.037116 0.001004 0.087928 0.003812 13.000000 0.028000
4428.000000 0.037526 0.000995 0.085053 0.001124 13.000000 0.028000
4429.000000 0.037916 0.001096 0.082562 0.005115 13.000000 0.028000
4430.000000 0.038379 0.001091 0.083879 0.007367 13.000000 0.028000
4431.000000 0.038842 0.001087 0.088152 0.003399 13.000000 0.028000
4432.000000 0.039263 0.001117 0.088265 0.003065 13.000000 0.028000
4433.000000 0.039684 0.001147 0.086258 0.004582 13.000000 0.028000
4434.000000 0.040157 0.001181 0.087813 0.005582 13.000000 0.028000
4435.000000 0.040620 0.001179 0.090674 0.004479 13.000000 0.028000
4436.000000 0.041031 0.001173 0.089042 0.001915 13.000000 0.028000
4437.000000 0.041452 0.001204 0.086139 0.002287 13.000000 0.028000
4438.000000 0.041873 0.001236 0.085169 0.004349 13.000000 0.028000
4439.000000 0.042294 0.001268 0.084671 0.005431 13.000000 0.028000
4440.000000 0.042757 0.001268 0.086493 0.004378 13.000000 0.028000
4441.000000 0.043178 0.001301 0.087418 0.003873 13.000000 0.028000
4442.000000 0.043651 0.001338 0.088391 0.005501 13.000000 0.028000
4443.000000 0.044072 0.001372 0.088884 0.006360 13.000000 0.028000
4444.000000 0.044493 0.001406 0.086553 0.006622 13.000000 0.028000
4445.000000 0.044946 0.001369 0.086954 0.003314 13.000000 0.028000
4446.000000 0.045377 0.001441 0.087646 0.003505 13.000000 0.028000
4447.000000 0.045787 0.001439 0.085923 0.005264 13.000000 0.028000
4448.000000 0.046208 0.001474 0.084544 0.004346 13.000000 0.028000
4449.000000 0.046681 0.001514 0.086913 0.005983 13.000000 0.028000
4450.000000 0.047102 0.001550 0.088116 0.006847 13.000000 0.028000
4451.000000 0.047523 0.001586 0.086148 0.007098 13.000000 0.028000
4452.000000 0.047943 0.001623 0.085142 0.007257 13.000000 0.028000
4453.000000 0.048416 0.001664 0.087204 0.007604 13.000000 0.028000
4454.000000 0.048870 0.001631 0.089868 0.004352 13.000000 0.028000
4455.000000 0.049280 0.001631 0.088163 0.000646 13.000000 0.028000
4456.000000 0.049658 0.001702 0.083585 0.003862 13.000000 0.028000
4457.000000 0.050131 0.001745 0.084310 0.007625 13.000000 0.028000
4458.000000 0.050552 0.001783 0.086771 0.007958 13.000000 0.028000
4459.000000 0.050972 0.001822 0.085444 0.007923 13.000000 0.028000
4460.000000 0.051393 0.001862 0.084765 0.007936 13.000000 0.028000
4461.000000 0.051856 0.001868 0.086522 0.006374 13.000000 0.028000
4462.000000 0.052319 0.001876 0.089520 0.004011 13.000000 0.028000
4463.000000 0.052730 0.001878 0.088474 0.002591 13.000000 0.028000
4464.000000 0.053107 0.001952 0.083725 0.005096 13.000000 0.028000
4465.000000 0.053528 0.001992 0.081775 0.008256 13.000000 0.028000
4466.000000 0.053958 0.002071 0.083347 0.010150 13.000000 0.028000
4467.000000 0.054368 0.002075 0.083683 0.009293 13.000000 0.028000
4468.000000 0.054788 0.002117 0.083381 0.007036 13.000000 0.028000
4469.000000 0.055209 0.002159 0.083692 0.007771 13.000000 0.028000
4470.000000 0.055672 0.002169 0.085963 0.006591 13.000000 0.028000
4471.000000 0.056083 0.002174 0.086660 0.004166 13.000000 0.028000
4472.000000 0.056503 0.002217 0.084898 0.004553 13.000000 0.028000
4473.000000 0.056880 0.002293 0.082338 0.008215 13.000000 0.028000
4474.000000 0.057300 0.002337 0.081030 0.010114 13.000000 0.028000
4475.000000 0.057711 0.002343 0.082025 0.007670 13.000000 0.028000
4476.000000 0.058087 0.002420 0.080404 0.008033 13.000000 0.028000
4477.000000 0.058551 0.002433 0.082157 0.008532 13.000000 0.028000
4478.000000 0.058971 0.002478 0.085165 0.007236 13.000000 0.028000
4479.000000 0.059338 0.002517 0.082000 0.007901 13.000000 0.028000
4480.000000 0.059792 0.002493 0.082067 0.004844 13.000000 0.028000
4481.000000 0.060203 0.002501 0.084226 0.001740 13.000000 0.028000
4482.000000 0.060536 0.002612 0.079386 0.006755 13.000000 0.028000
4483.000000 0.060956 0.002658 0.077365 0.011201 13.000000 0.028000
4484.000000 0.061323 0.002699 0.078012 0.010058 13.000000 0.028000
4485.000000 0.061734 0.002709 0.077900 0.007650 13.000000 0.028000
4486.000000 0.062154 0.002756 0.080411 0.006745 13.000000 0.028000
4487.000000 0.062573 0.002804 0.082131 0.008175 13.000000 0.028000
4488.000000 0.062940 0.002846 0.080431 0.008632 13.000000 0.028000
4489.000000 0.063342 0.002819 0.078694 0.005176 13.000000 0.028000
4490.000000 0.063709 0.002861 0.077804 0.003437 13.000000 0.028000
4491.000000 0.064085 0.002942 0.076083 0.007857 13.000000 0.028000
4492.000000 0.064453 0.002985 0.075203 0.010132 13.000000 0.028000
4493.000000 0.064811 0.002991 0.073887 0.007593 13.000000 0.028000
4494.000000 0.065178 0.003034 0.073213 0.006323 13.000000 0.028000
4495.000000 0.065589 0.003046 0.075445 0.006014 13.000000 0.028000
4496.000000 0.065964 0.003129 0.077002 0.007742 13.000000 0.028000
4497.000000 0.066323 0.003135 0.075229 0.008336 13.000000 0.028000
4498.000000 0.066681 0.003142 0.073469 0.004937 13.000000 0.028000
4499.000000 0.067048 0.003186 0.072997 0.005091 13.000000 0.028000
4500.000000 0.067371 0.003263 0.071031 0.008597 13.000000 0.028000
4501.000000 0.067738 0.003308 0.070026 0.010408 13.000000 0.028000
4502.000000 0.068053 0.003348 0.069087 0.009483 13.000000 0.028000
4503.000000 0.068411 0.003355 0.068189 0.007172 13.000000 0.028000
4504.000000 0.068778 0.003401 0.070298 0.006341 13.000000 0.028000
4505.000000 0.069145 0.003448 0.071790 0.007806 13.000000 0.028000
4506.000000 0.069503 0.003456 0.072134 0.006712 13.000000 0.028000
4507.000000 0.069809 0.003458 0.069323 0.003978 13.000000 0.028000
4508.000000 0.070167 0.003467 0.067893 0.002609 13.000000 0.028000
4509.000000 0.070490 0.003546 0.067989 0.005658 13.000000 0.028000
4510.000000 0.070804 0.003586 0.065881 0.008763 13.000000 0.028000
4511.000000 0.071127 0.003665 0.064798 0.010363 13.000000 0.028000
4512.000000 0.071441 0.003706 0.064245 0.011196 13.000000 0.028000
4513.000000 0.071755 0.003747 0.063549 0.009771 13.000000 0.028000
4514.000000 0.072114 0.003758 0.065355 0.007541 13.000000 0.028000
4515.000000 0.072472 0.003768 0.068436 0.004901 13.000000 0.028000
4516.000000 0.072734 0.003803 0.065276 0.004751 13.000000 0.028000
4517.000000 0.073048 0.003845 0.061503 0.006218 13.000000 0.028000
4518.000000 0.073310 0.003880 0.059578 0.006974 13.000000 0.028000
4519.000000 0.073624 0.003922 0.058595 0.007379 13.000000 0.028000
4520.000000 0.073930 0.003926 0.060260 0.006080 13.000000 0.028000
4521.000000 0.074244 0.003969 0.061105 0.005436 13.000000 0.028000
4522.000000 0.074522 0.004081 0.060164 0.010376 13.000000 0.028000
4523.000000 0.074828 0.004086 0.059287 0.011042 13.000000 0.028000
4524.000000 0.075134 0.004091 0.060207 0.006145 13.000000 0.028000
4525.000000 0.075431 0.004058 0.060283 0.001797 13.000000 0.028000
4526.000000 0.075745 0.004101 0.060718 0.001469 13.000000 0.028000
4527.000000 0.075963 0.004169 0.056993 0.006201 13.000000 0.028000
4528.000000 0.076233 0.004243 0.052920 0.010138 13.000000 0.028000
4529.000000 0.076538 0.004249 0.055187 0.009139 13.000000 0.028000
4530.000000 0.076792 0.004248 0.055555 0.004902 13.000000 0.028000
4531.000000 0.077106 0.004292 0.056134 0.004632 13.000000 0.028000
4532.000000 0.077368 0.004329 0.056820 0.006375 13.000000 0.028000
4533.000000 0.077681 0.004373 0.057167 0.007282 13.000000 0.028000
4534.000000 0.077935 0.004373 0.056955 0.005884 13.000000 0.028000
4535.000000 0.078197 0.004410 0.054279 0.004818 13.000000 0.028000
4536.000000 0.078414 0.004478 0.051125 0.007654 13.000000 0.028000
4537.000000 0.078712 0.004447 0.051312 0.005744 13.000000 0.028000
4538.000000 0.078973 0.004485 0.053581 0.003281 13.000000 0.028000
4539.000000 0.079235 0.004523 0.052945 0.005410 13.000000 0.028000
4540.000000 0.079496 0.004561 0.052619 0.006507 13.000000 0.028000
4541.000000 0.079758 0.004599 0.052451 0.007078 13.000000 0.028000
4542.000000 0.080019 0.004637 0.052363 0.007381 13.000000 0.028000
4543.000000 0.080309 0.004569 0.053742 0.002312 13.000000 0.028000
4544.000000 0.080519 0.004600 0.051878 -0.000642 13.000000 0.028000
4545.000000 0.080735 0.004669 0.047323 0.004592 13.000000 0.028000
4546.000000 0.080997 0.004708 0.047564 0.007651 13.000000 0.028000
4547.000000 0.081251 0.004708 0.049492 0.005857 13.000000 0.028000
4548.000000 0.081467 0.004778 0.048284 0.006441 13.000000 0.028000
4549.000000 0.081729 0.004817 0.048046 0.008625 13.000000 0.028000
4550.000000 0.082027 0.004788 0.051924 0.004904 13.000000 0.028000
4551.000000 0.082281 0.004789 0.053524 0.001146 13.000000 0.028000
4552.000000 0.082534 0.004790 0.052154 0.000730 13.000000 0.028000
4553.000000 0.082788 0.004791 0.051458 0.000530 13.000000 0.028000
4554.000000 0.082952 0.004854 0.046721 0.003398 13.000000 0.028000
4555.000000 0.083214 0.004893 0.044680 0.006746 13.000000 0.028000
4556.000000 0.083467 0.004895 0.048021 0.005498 13.000000 0.028000
4557.000000 0.083721 0.004897 0.049352 0.003001 13.000000 0.028000
4558.000000 0.083938 0.004967 0.048206 0.005091 13.000000 0.028000
4559.000000 0.084192 0.004969 0.047624 0.006168 13.000000 0.028000
4560.000000 0.084438 0.004933 0.048784 0.001499 13.000000 0.028000
4561.000000 0.084647 0.004966 0.047180 0.000606 13.000000 0.028000
4562.000000 0.084863 0.005037 0.044903 0.005385 13.000000 0.028000
4563.000000 0.085117 0.005039 0.045938 0.006356 13.000000 0.028000
4564.000000 0.085371 0.005042 0.048294 0.003513 13.000000 0.028000
4565.000000 0.085625 0.005044 0.049497 0.002076 13.000000 0.028000
4566.000000 0.085878 0.005047 0.050111 0.001356 13.000000 0.028000
4567.000000 0.086095 0.005118 0.048586 0.004344 13.000000 0.028000
4568.000000 0.086341 0.005083 0.047451 0.004002 13.000000 0.028000
4569.000000 0.086595 0.005087 0.048708 0.000494 13.000000 0.028000
4570.000000 0.086849 0.005090 0.049713 0.000595 13.000000 0.028000
4571.000000 0.087058 0.005123 0.048023 0.002120 13.000000 0.028000
4572.000000 0.087267 0.005157 0.044961 0.004372 13.000000 0.028000
4573.000000 0.087520 0.005160 0.045603 0.004065 13.000000 0.028000
4574.000000 0.087774 0.005164 0.048132 0.002456 13.000000 0.028000
4575.000000 0.087983 0.005198 0.047217 0.003107 13.000000 0.028000
4576.000000 0.088237 0.005202 0.046753 0.003451 13.000000 0.028000
4577.000000 0.088491 0.005206 0.048721 0.002176 13.000000 0.028000
4578.000000 0.088790 0.005180 0.051933 0.000083 13.000000 0.028000
4579.000000 0.089044 0.005185 0.053571 -0.000972 13.000000 0.028000
4580.000000 0.089208 0.005248 0.047783 0.002868 13.000000 0.028000
4581.000000 0.089462 0.005253 0.044836 0.004838 13.000000 0.028000
4582.000000 0.089715 0.005258 0.047749 0.002938 13.000000 0.028000
4583.000000 0.089969 0.005262 0.049234 0.001983 13.000000 0.028000
4584.000000 0.090223 0.005267 0.049993 0.001508 13.000000 0.028000
4585.000000 0.090484 0.005311 0.050729 0.003157 13.000000 0.028000
4586.000000 0.090693 0.005345 0.048893 0.005456 13.000000 0.028000
4587.000000 0.090992 0.005321 0.049822 0.003315 13.000000 0.028000
4588.000000 0.091246 0.005326 0.052507 0.000784 13.000000 0.028000
4589.000000 0.091455 0.005361 0.049450 0.002401 13.000000 0.028000
4590.000000 0.091709 0.005367 0.047894 0.003237 13.000000 0.028000
4591.000000 0.091963 0.005373 0.049315 0.002226 13.000000 0.028000
4592.000000 0.092217 0.005379 0.050040 0.001724 13.000000 0.028000
4593.000000 0.092471 0.005384 0.050411 0.001479 13.000000 0.028000
4594.000000 0.092739 0.005467 0.051285 0.005127 13.000000 0.028000
4595.000000 0.093038 0.005444 0.053951 0.005559 13.000000 0.028000
4596.000000 0.093285 0.005412 0.054282 0.000151 13.000000 0.028000
4597.000000 0.093547 0.005457 0.052575 0.000729 13.000000 0.028000
4598.000000 0.093755 0.005493 0.049827 0.004349 13.000000 0.028000
4599.000000 0.094009 0.005499 0.048087 0.004325 13.000000 0.028000
4600.000000 0.094270 0.005544 0.049758 0.004768 13.000000 0.028000
4601.000000 0.094524 0.005551 0.050611 0.005005 13.000000 0.028000
4602.000000 0.094838 0.005606 0.053602 0.005589 13.000000 0.028000
4603.000000 0.095092 0.005613 0.055128 0.005898 13.000000 0.028000
4604.000000 0.095391 0.005591 0.055235 0.002311 13.000000 0.028000
4605.000000 0.095691 0.005569 0.057517 -0.000932 13.000000 0.028000
4606.000000 0.095945 0.005577 0.056457 -0.001142 13.000000 0.028000
4607.000000 0.096160 0.005652 0.051798 0.003498 13.000000 0.028000
4608.000000 0.096467 0.005669 0.051984 0.006333 13.000000 0.028000
4609.000000 0.096728 0.005715 0.054301 0.006360 13.000000 0.028000
4610.000000 0.097034 0.005733 0.055483 0.006393 13.000000 0.028000
4611.000000 0.097295 0.005779 0.056082 0.006421 13.000000 0.028000
4612.000000 0.097601 0.005797 0.056389 0.006453 13.000000 0.028000
4613.000000 0.097907 0.005815 0.058775 0.005064 13.000000 0.028000
4614.000000 0.098207 0.005795 0.059667 0.002490 13.000000 0.028000
4615.000000 0.098513 0.005813 0.060122 0.001197 13.000000 0.028000
4616.000000 0.098774 0.005860 0.058447 0.003850 13.000000 0.028000
4617.000000 0.099035 0.005907 0.055359 0.006632 13.000000 0.028000
4618.000000 0.099341 0.005926 0.056019 0.006650 13.000000 0.028000
4619.000000 0.099648 0.005945 0.058590 0.005260 13.000000 0.028000
4620.000000 0.099961 0.006002 0.060219 0.006454 13.000000 0.028000
4621.000000 0.100267 0.006022 0.061051 0.007079 13.000000 0.028000
4622.000000 0.100580 0.006079 0.061471 0.007416 13.000000 0.028000
4623.000000 0.100880 0.006060 0.061370 0.005720 13.000000 0.028000
4624.000000 0.101186 0.006080 0.060999 0.002989 13.000000 0.028000
4625.000000 0.101493 0.006100 0.061130 0.003499 13.000000 0.028000
4626.000000 0.101805 0.006159 0.061511 0.005660 13.000000 0.028000
4627.000000 0.102118 0.006217 0.062018 0.008663 13.000000 0.028000
4628.000000 0.102470 0.006209 0.064207 0.006928 13.000000 0.028000
4629.000000 0.102783 0.006268 0.065317 0.006062 13.000000 0.028000
4630.000000 0.103096 0.006327 0.063951 0.008924 13.000000 0.028000
4631.000000 0.103494 0.006291 0.067439 0.005728 13.000000 0.028000
4632.000000 0.103800 0.006312 0.068903 0.002229 13.000000 0.028000
4633.000000 0.104119 0.006411 0.065773 0.007031 13.000000 0.028000
4634.000000 0.104432 0.006471 0.064484 0.011379 13.000000 0.028000
4635.000000 0.104784 0.006464 0.065461 0.008452 13.000000 0.028000
4636.000000 0.105143 0.006496 0.068206 0.005591 13.000000 0.028000
4637.000000 0.105501 0.006528 0.069913 0.006044 13.000000 0.028000
4638.000000 0.105820 0.006627 0.068828 0.009568 13.000000 0.028000
4639.000000 0.106178 0.006660 0.068277 0.011388 13.000000 0.028000
4640.000000 0.106583 0.006665 0.072199 0.007685 13.000000 0.028000
4641.000000 0.106935 0.006659 0.073901 0.003934 13.000000 0.028000
4642.000000 0.107248 0.006721 0.070257 0.004807 13.000000 0.028000
4643.000000 0.107566 0.006821 0.066737 0.010426 13.000000 0.028000
4644.000000 0.107977 0.006865 0.069752 0.012445 13.000000 0.028000
4645.000000 0.108335 0.006899 0.073245 0.010229 13.000000 0.028000
4646.000000 0.108700 0.006972 0.072763 0.010504 13.000000 0.028000
4647.000000 0.109110 0.007017 0.075071 0.011187 13.000000 0.028000
4648.000000 0.109475 0.007091 0.076240 0.011558 13.000000 0.028000
4649.000000 0.109885 0.007136 0.076836 0.011779 13.000000 0.028000
4650.000000 0.110237 0.007133 0.076563 0.008136 13.000000 0.028000
4651.000000 0.110602 0.007207 0.074155 0.007674 13.000000 0.028000
4652.000000 0.110966 0.007282 0.073503 0.011239 13.000000 0.028000
4653.000000 0.111376 0.007328 0.075433 0.011721 13.000000 0.028000
4654.000000 0.111793 0.007414 0.078960 0.012522 13.000000 0.028000
4655.000000 0.112197 0.007423 0.080478 0.011071 13.000000 0.028000
4656.000000 0.112613 0.007509 0.081243 0.010364 13.000000 0.028000
4657.000000 0.113024 0.007557 0.081916 0.011924 13.000000 0.028000
4658.000000 0.113440 0.007644 0.082251 0.012751 13.000000 0.028000
4659.000000 0.113844 0.007654 0.082148 0.011312 13.000000 0.028000
4660.000000 0.114254 0.007703 0.081814 0.008719 13.000000 0.028000
4661.000000 0.114624 0.007818 0.079916 0.012554 13.000000 0.028000
4662.000000 0.115086 0.007879 0.081496 0.015089 13.000000 0.028000
4663.000000 0.115502 0.007967 0.084567 0.015060 13.000000 0.028000
4664.000000 0.115912 0.008017 0.083583 0.014534 13.000000 0.028000
4665.000000 0.116333 0.008145 0.083339 0.016190 13.000000 0.028000
4666.000000 0.116795 0.008207 0.085761 0.017620 13.000000 0.028000
4667.000000 0.117205 0.008258 0.086456 0.014595 13.000000 0.028000
4668.000000 0.117662 0.008282 0.086548 0.011201 13.000000 0.028000
4669.000000 0.118077 0.008373 0.086852 0.011394 13.000000 0.028000
4670.000000 0.118545 0.008475 0.087529 0.015319 13.000000 0.028000
4671.000000 0.119006 0.008539 0.090154 0.016022 13.000000 0.028000
4672.000000 0.119422 0.008630 0.088937 0.015851 13.000000 0.028000
4673.000000 0.119889 0.008733 0.088569 0.017697 13.000000 0.028000
4674.000000 0.120356 0.008837 0.090917 0.019241 13.000000 0.028000
4675.000000 0.120817 0.008902 0.091854 0.018174 13.000000 0.028000
4676.000000 0.121274 0.008930 0.091825 0.013882 13.000000 0.028000
4677.000000 0.121741 0.009035 0.092054 0.013628 13.000000 0.028000
4678.000000 0.122161 0.009167 0.090372 0.018638 13.000000 0.028000
4679.000000 0.122669 0.009207 0.091559 0.018027 13.000000 0.028000
4680.000000 0.123136 0.009313 0.094445 0.016436 13.000000 0.028000
4681.000000 0.123602 0.009419 0.093862 0.018876 13.000000 0.028000
4682.000000 0.124069 0.009526 0.093554 0.020158 13.000000 0.028000
4683.000000 0.124535 0.009633 0.093388 0.020851 13.000000 0.028000
4684.000000 0.125048 0.009714 0.095597 0.019944 13.000000 0.028000
4685.000000 0.125509 0.009784 0.096479 0.017624 13.000000 0.028000
4686.000000 0.126022 0.009866 0.096924 0.016492 13.000000 0.028000
4687.000000 0.126441 0.010001 0.095073 0.019142 13.000000 0.028000
4688.000000 0.126907 0.010111 0.091819 0.021834 13.000000 0.028000
4689.000000 0.127373 0.010220 0.092454 0.021944 13.000000 0.028000
4690.000000 0.127886 0.010304 0.095077 0.020753 13.000000 0.028000
4691.000000 0.128398 0.010388 0.098716 0.018900 13.000000 0.028000
4692.000000 0.128916 0.010511 0.100787 0.019903 13.000000 0.028000
4693.000000 0.129428 0.010597 0.101840 0.020463 13.000000 0.028000
4694.000000 0.129889 0.010670 0.099610 0.018278 13.000000 0.028000
4695.000000 0.130354 0.010782 0.096153 0.018491 13.000000 0.028000
4696.000000 0.130824 0.010933 0.094822 0.022433 13.000000 0.028000
4697.000000 0.131332 0.010982 0.096238 0.021309 13.000000 0.028000
4698.000000 0.131849 0.011108 0.099259 0.019506 13.000000 0.028000
4699.000000 0.132313 0.011222 0.098694 0.021802 13.000000 0.028000
4700.000000 0.132830 0.011349 0.098392 0.023022 13.000000 0.028000
4701.000000 0.133342 0.011438 0.100552 0.022417 13.000000 0.028000
4702.000000 0.133854 0.011527 0.101434 0.020259 13.000000 0.028000
4703.000000 0.134319 0.011643 0.099553 0.020466 13.000000 0.028000
4704.000000 0.134878 0.011707 0.100918 0.019365 13.000000 0.028000
4705.000000 0.135295 0.011850 0.099273 0.020093 13.000000 0.028000
4706.000000 0.135811 0.011980 0.096308 0.023679 13.000000 0.028000
4707.000000 0.136322 0.012071 0.099440 0.023030 13.000000 0.028000
4708.000000 0.136786 0.012189 0.098496 0.022097 13.000000 0.028000
4709.000000 0.137302 0.012321 0.098204 0.023572 13.000000 0.028000
4710.000000 0.137813 0.012414 0.100379 0.023116 13.000000 0.028000
4711.000000 0.138325 0.012507 0.101284 0.021032 13.000000 0.028000
4712.000000 0.138832 0.012563 0.101551 0.018117 13.000000 0.028000
4713.000000 0.139300 0.012721 0.099531 0.019819 13.000000 0.028000
4714.000000 0.139763 0.012842 0.096354 0.023871 13.000000 0.028000
4715.000000 0.140227 0.012963 0.094531 0.024072 13.000000 0.028000
4716.000000 0.140741 0.013097 0.096114 0.024883 13.000000 0.028000
4717.000000 0.141252 0.013194 0.099252 0.024105 13.000000 0.028000
4718.000000 0.141763 0.013291 0.100658 0.021857 13.000000 0.028000
4719.000000 0.142226 0.013413 0.099026 0.021984 13.000000 0.028000
4720.000000 0.142740 0.013550 0.098365 0.024000 13.000000 0.028000
4721.000000 0.143247 0.013609 0.100190 0.021941 13.000000 0.028000
4722.000000 0.143710 0.013733 0.098585 0.020256 13.000000 0.028000
4723.000000 0.144173 0.013857 0.095594 0.022565 13.000000 0.028000
4724.000000 0.144683 0.013957 0.096407 0.022565 13.000000 0.028000
4725.000000 0.145146 0.014082 0.096810 0.022603 13.000000 0.028000
4726.000000 0.145656 0.014183 0.097010 0.022672 13.000000 0.028000
4727.000000 0.146122 0.014347 0.097264 0.024647 13.000000 0.028000
4728.000000 0.146632 0.014449 0.097389 0.025704 13.000000 0.028000
4729.000000 0.147090 0.014537 0.097111 0.022472 13.000000 0.028000
4730.000000 0.147549 0.014625 0.094449 0.020172 13.000000 0.028000
4731.000000 0.148059 0.014728 0.095603 0.019742 13.000000 0.028000
4732.000000 0.148473 0.014880 0.093986 0.022661 13.000000 0.028000
4733.000000 0.148931 0.014970 0.090643 0.023491 13.000000 0.028000
4734.000000 0.149441 0.015074 0.093641 0.021554 13.000000 0.028000
4735.000000 0.149902 0.015203 0.095317 0.022510 13.000000 0.028000
4736.000000 0.150315 0.015357 0.091441 0.025425 13.000000 0.028000
4737.000000 0.150774 0.015448 0.089307 0.025045 13.000000 0.028000
4738.000000 0.151280 0.015515 0.092783 0.020604 13.000000 0.028000
4739.000000 0.151738 0.015607 0.094550 0.018379 13.000000 0.028000
4740.000000 0.152148 0.015724 0.090719 0.019657 13.000000 0.028000
4741.000000 0.152557 0.015841 0.086397 0.021527 13.000000 0.028000
4742.000000 0.153018 0.015973 0.086693 0.023236 13.000000 0.028000
4743.000000 0.153428 0.016090 0.086836 0.024136 13.000000 0.028000
4744.000000 0.153837 0.016208 0.084389 0.023904 13.000000 0.028000
4745.000000 0.154295 0.016302 0.085503 0.022643 13.000000 0.028000
4746.000000 0.154752 0.016396 0.088433 0.020860 13.000000 0.028000
4747.000000 0.155159 0.016476 0.087415 0.019253 13.000000 0.028000
4748.000000 0.155568 0.016596 0.084518 0.019640 13.000000 0.028000
4749.000000 0.155974 0.016676 0.083040 0.019867 13.000000 0.028000
4750.000000 0.156335 0.016820 0.079902 0.021176 13.000000 0.028000
4751.000000 0.156744 0.016940 0.078430 0.023781 13.000000 0.028000
4752.000000 0.157150 0.017021 0.079915 0.022063 13.000000 0.028000
4753.000000 0.157556 0.017103 0.080535 0.019312 13.000000 0.028000
4754.000000 0.157965 0.017224 0.080974 0.019848 13.000000 0.028000
4755.000000 0.158322 0.017330 0.078816 0.021306 13.000000 0.028000
4756.000000 0.158725 0.017374 0.077461 0.018267 13.000000 0.028000
4757.000000 0.159083 0.017481 0.076763 0.016740 13.000000 0.028000
4758.000000 0.159438 0.017549 0.074029 0.017143 13.000000 0.028000
4759.000000 0.159746 0.017680 0.070247 0.018520 13.000000 0.028000
4760.000000 0.160104 0.017787 0.068437 0.021153 13.000000 0.028000
4761.000000 0.160461 0.017895 0.069886 0.021363 13.000000 0.028000
4762.000000 0.160864 0.017940 0.072886 0.018442 13.000000 0.028000
4763.000000 0.161172 0.018071 0.072021 0.018120 13.000000 0.028000
4764.000000 0.161527 0.018141 0.069199 0.019129 13.000000 0.028000
4765.000000 0.161879 0.018172 0.069910 0.014704 13.000000 0.028000
4766.000000 0.162185 0.018265 0.067883 0.013611 13.000000 0.028000
4767.000000 0.162491 0.018358 0.064577 0.016122 13.000000 0.028000
4768.000000 0.162797 0.018452 0.062887 0.017418 13.000000 0.028000
4769.000000 0.163100 0.018507 0.061912 0.016188 13.000000 0.028000
4770.000000 0.163408 0.018639 0.061516 0.017485 13.000000 0.028000
4771.000000 0.163711 0.018695 0.061316 0.018163 13.000000 0.028000
4772.000000 0.164017 0.018789 0.061096 0.016618 13.000000 0.028000
4773.000000 0.164320 0.018844 0.060984 0.015848 13.000000 0.028000
4774.000000 0.164622 0.018861 0.060713 0.011657 13.000000 0.028000
4775.000000 0.164925 0.018917 0.060574 0.009539 13.000000 0.028000
4776.000000 0.165133 0.019058 0.055926 0.014544 13.000000 0.028000
4777.000000 0.165436 0.019114 0.053558 0.017112 13.000000 0.028000
4778.000000 0.165688 0.019155 0.054531 0.013485 13.000000 0.028000
4779.000000 0.165992 0.019211 0.055025 0.011655 13.000000 0.028000
4780.000000 0.166197 0.019314 0.052982 0.013763 13.000000 0.028000
4781.000000 0.166450 0.019355 0.049447 0.014069 13.000000 0.028000
4782.000000 0.166753 0.019412 0.052430 0.011990 13.000000 0.028000
4783.000000 0.167003 0.019414 0.053853 0.009034 13.000000 0.028000
4784.000000 0.167257 0.019494 0.052179 0.008664 13.000000 0.028000
4785.000000 0.167461 0.019558 0.049029 0.011510 13.000000 0.028000
4786.000000 0.167713 0.019600 0.047325 0.011065 13.000000 0.028000
4787.000000 0.167916 0.019664 0.046453 0.010844 13.000000 0.028000
4788.000000 0.168167 0.019667 0.045916 0.008836 13.000000 0.028000
4789.000000 0.168372 0.019770 0.045732 0.009727 13.000000 0.028000
4790.000000 0.168573 0.019796 0.043242 0.011305 13.000000 0.028000
4791.000000 0.168826 0.019838 0.044275 0.009098 13.000000 0.028000
4792.000000 0.169025 0.019825 0.044711 0.006071 13.000000 0.028000
4793.000000 0.169228 0.019890 0.042531 0.005650 13.000000 0.028000
4794.000000 0.169381 0.019938 0.039114 0.008460 13.000000 0.028000
4795.000000 0.169582 0.019964 0.037280 0.007990 13.000000 0.028000
4796.000000 0.169733 0.019974 0.036254 0.005846 13.000000 0.028000
4797.000000 0.169934 0.020000 0.035731 0.004761 13.000000 0.028000
4798.000000 0.170136 0.020027 0.037957 0.005015 13.000000 0.028000
4799.000000 0.170288 0.020076 0.036689 0.006256 13.000000 0.028000
4800.000000 0.170538 0.020080 0.038446 0.005794 13.000000 0.028000
4801.000000 0.170687 0.020051 0.039164 0.001743 13.000000 0.028000
4802.000000 0.170888 0.020077 0.037127 0.000794 13.000000 0.028000
4803.000000 0.170990 0.020110 0.033776 0.003323 13.000000 0.028000
4804.000000 0.171141 0.020120 0.029577 0.003813 13.000000 0.028000
4805.000000 0.171291 0.020131 0.029841 0.002961 13.000000 0.028000
4806.000000 0.171442 0.020141 0.029976 0.002532 13.000000 0.028000
4807.000000 0.171594 0.020190 0.030131 0.004226 13.000000 0.028000
4808.000000 0.171745 0.020201 0.030211 0.005094 13.000000 0.028000
4809.000000 0.171943 0.020150 0.032486 0.000625 13.000000 0.028000
4810.000000 0.172043 0.020144 0.031154 -0.002460 13.000000 0.028000
4811.000000 0.172191 0.020116 0.028072 -0.002928 13.000000 0.028000
4812.000000 0.172293 0.020149 0.026587 -0.001256 13.000000 0.028000
4813.000000 0.172393 0.020143 0.023426 0.000696 13.000000 0.028000
4814.000000 0.172542 0.020115 0.024137 -0.001312 13.000000 0.028000
4815.000000 0.172642 0.020109 0.024499 -0.002334 13.000000 0.028000
4816.000000 0.172792 0.020120 0.024770 -0.000941 13.000000 0.028000
4817.000000 0.172892 0.020114 0.024908 -0.000231 13.000000 0.028000
4818.000000 0.173041 0.020086 0.024895 -0.001773 13.000000 0.028000
4819.000000 0.173139 0.020041 0.024805 -0.004466 13.000000 0.028000
4820.000000 0.173239 0.020035 0.022352 -0.004742 13.000000 0.028000
4821.000000 0.173337 0.019991 0.021104 -0.004880 13.000000 0.028000
4822.000000 0.173437 0.019985 0.020468 -0.004949 13.000000 0.028000
4823.000000 0.173536 0.019940 0.020145 -0.004983 13.000000 0.028000
4824.000000 0.173635 0.019935 0.019981 -0.004998 13.000000 0.028000
4825.000000 0.173735 0.019929 0.019982 -0.003095 13.000000 0.028000
4826.000000 0.173835 0.019924 0.019983 -0.002124 13.000000 0.028000
4827.000000 0.173981 0.019818 0.022227 -0.006534 13.000000 0.028000
4828.000000 0.174079 0.019773 0.023287 -0.010688 13.000000 0.028000
4829.000000 0.174079 0.019773 0.016683 -0.007626 13.000000 0.028000
4830.000000 0.174177 0.019729 0.013319 -0.006064 13.000000 0.028000
4831.000000 0.174276 0.019684 0.016425 -0.007446 13.000000 0.028000
4832.000000 0.174374 0.019640 0.018008 -0.008149 13.000000 0.028000
4833.000000 0.174423 0.019618 0.016405 -0.007417 13.000000 0.028000
4834.000000 0.174521 0.019573 0.015589 -0.007043 13.000000 0.028000
4835.000000 0.174571 0.019551 0.015173 -0.006852 13.000000 0.028000
4836.000000 0.174718 0.019485 0.017373 -0.007839 13.000000 0.028000
4837.000000 0.174767 0.019463 0.018494 -0.008342 13.000000 0.028000
4838.000000 0.174816 0.019440 0.014244 -0.006423 13.000000 0.028000
4839.000000 0.174915 0.019396 0.014491 -0.006531 13.000000 0.028000
4840.000000 0.174964 0.019374 0.014616 -0.006586 13.000000 0.028000
